102
 1 1020 10
 2 2020 20
 3 1000 10
 4 1287 13
 5 1078 11
 6 485 5
 7 768 8
 8 665 7
 9 564 6
 10 1581 17
 11 184 2
 12 364 4
 13 1710 19
 14 1691 19
 15 792 9
 16 348 4
 17 1634 19
 18 340 4
 19 1008 12
 20 1577 19
 21 574 7
 22 1458 18
 23 80 1
 24 1343 17
 25 624 8
 26 77 1
 27 912 12
 28 750 10
 29 592 8
 30 1387 19
 31 1224 17
 32 71 1
 33 1330 19
 34 483 7
 35 1292 19
 36 938 14
 37 66 1
 38 845 13
 39 1280 20
 40 1134 18
 41 372 6
 42 61 1
 43 1200 20
 44 354 6
 45 290 5
 46 399 7
 47 560 10
 48 165 3
 49 1026 19
 50 424 8
 51 936 18
 52 51 1
 53 350 7
 54 49 1
 55 432 9
 56 423 9
 57 828 18
 58 675 15
 59 880 20
 60 430 10
 61 420 10
 62 697 17
 63 40 1
 64 507 13
 65 456 12
 66 333 9
 67 72 2
 68 105 3
 69 170 5
 70 660 20
 71 608 19
 72 372 12
 73 510 17
 74 174 6
 75 196 7
 76 162 6
 77 520 20
 78 300 12
 79 384 16
 80 184 8
 81 264 12
 82 84 4
 83 120 6
 84 304 16
 85 198 11
 86 272 16
 87 256 16
 88 75 5
 89 154 11
 90 156 12
 91 192 16
 92 66 6
 93 120 12
 94 18 2
 95 80 10
 96 105 15
 97 54 9
 98 35 7
 99 8 2
 100 27 9
 101 6 3
 102 12 12
1428