1262
 1 18930 15
 2 20176 16
 3 10080 8
 4 17626 14
 5 13838 11
 6 3771 3
 7 2512 2
 8 20080 16
 9 20064 16
 10 17542 14
 11 17528 14
 12 18765 15
 13 10000 8
 14 11241 9
 15 14976 12
 16 19952 16
 17 4984 4
 18 19920 16
 19 2488 2
 20 13673 11
 21 17388 14
 22 7446 6
 23 24800 20
 24 8673 7
 25 23522 19
 26 1237 1
 27 9888 8
 28 23465 19
 29 18510 15
 30 23427 19
 31 2464 2
 32 6155 5
 33 23370 19
 34 15977 13
 35 3684 3
 36 22086 18
 37 2452 2
 38 19600 16
 39 4896 4
 40 11007 9
 41 24440 20
 42 17094 14
 43 10980 9
 44 19504 16
 45 19488 16
 46 14604 12
 47 19456 16
 48 7290 6
 49 24280 20
 50 21834 18
 51 15756 13
 52 12110 10
 53 14520 12
 54 14508 12
 55 15704 13
 56 1207 1
 57 4824 4
 58 4820 4
 59 14448 12
 60 22857 19
 61 22838 19
 62 3603 3
 63 10800 9
 64 14388 12
 65 8386 7
 66 1197 1
 67 9568 8
 68 2390 2
 69 7164 6
 70 21474 18
 71 10728 9
 72 13101 11
 73 4760 4
 74 22591 19
 75 14256 12
 76 9496 8
 77 14232 12
 78 5925 5
 79 11840 10
 80 13013 11
 81 11820 10
 82 20077 17
 83 23600 20
 84 21222 18
 85 4712 4
 86 8239 7
 87 14112 12
 88 22325 19
 89 10566 9
 90 4692 4
 91 8204 7
 92 14052 12
 93 17550 15
 94 7014 6
 95 5840 5
 96 5835 5
 97 10494 9
 98 17475 15
 99 16296 14
 100 20934 18
 101 8134 7
 102 10449 9
 103 16240 14
 104 3477 3
 105 18528 16
 106 15041 13
 107 19652 17
 108 20790 18
 109 17310 15
 110 10377 9
 111 17280 15
 112 10359 9
 113 8050 7
 114 22980 20
 115 18368 16
 116 22940 20
 117 19482 17
 118 5725 5
 119 20592 18
 120 4572 4
 121 6852 6
 122 21679 19
 123 3420 3
 124 14807 13
 125 13656 12
 126 10233 9
 127 10224 9
 128 6810 6
 129 2268 2
 130 5665 5
 131 20376 18
 132 11310 10
 133 6780 6
 134 20322 18
 135 4512 4
 136 10143 9
 137 21394 19
 138 19125 17
 139 15736 14
 140 3369 3
 141 4488 4
 142 6726 6
 143 8960 8
 144 1119 1
 145 13416 12
 146 14521 13
 147 12276 11
 148 17840 16
 149 14482 13
 150 21147 19
 151 13344 12
 152 9999 9
 153 7770 7
 154 1109 1
 155 11080 10
 156 12177 11
 157 6636 6
 158 8840 8
 159 6624 6
 160 9927 9
 161 20938 19
 162 12111 11
 163 11000 10
 164 13188 12
 165 7686 7
 166 9873 9
 167 17536 16
 168 3285 3
 169 16410 15
 170 19674 18
 171 18564 17
 172 16365 15
 173 15260 14
 174 21780 20
 175 20672 19
 176 6522 6
 177 7602 7
 178 13020 12
 179 10840 10
 180 16245 15
 181 15148 14
 182 21620 20
 183 3240 3
 184 21580 20
 185 7546 7
 186 10770 10
 187 1076 1
 188 7525 7
 189 7518 7
 190 6438 6
 191 19296 18
 192 20349 19
 193 6420 6
 194 13897 13
 195 2136 2
 196 20273 19
 197 8528 8
 198 17040 16
 199 13832 13
 200 4252 4
 201 13806 13
 202 20159 19
 203 16960 16
 204 4236 4
 205 19044 18
 206 20083 19
 207 17952 17
 208 3165 3
 209 16864 16
 210 8424 8
 211 13676 13
 212 10510 10
 213 15750 15
 214 20980 20
 215 6288 6
 216 7329 7
 217 6276 6
 218 12540 12
 219 16704 16
 220 14602 14
 221 1042 1
 222 10410 10
 223 19760 19
 224 14546 14
 225 16608 16
 226 16592 16
 227 18648 18
 228 19665 19
 229 8272 8
 230 2066 2
 231 12384 12
 232 19589 19
 233 16480 16
 234 8232 8
 235 10280 10
 236 5135 5
 237 18468 18
 238 15375 15
 239 1024 1
 240 1023 1
 241 9198 9
 242 6126 6
 243 2040 2
 244 4076 4
 245 13234 13
 246 16272 16
 247 6096 6
 248 8120 8
 249 13182 13
 250 3039 3
 251 4048 4
 252 17187 17
 253 12120 12
 254 2018 2
 255 19152 19
 256 3021 3
 257 6036 6
 258 7035 7
 259 17068 17
 260 17051 17
 261 1002 1
 262 6006 6
 263 6000 6
 264 7992 8
 265 10978 11
 266 11964 12
 267 1992 2
 268 18905 19
 269 994 1
 270 12909 13
 271 15872 16
 272 2973 3
 273 3960 4
 274 2967 3
 275 8892 9
 276 4935 5
 277 12818 13
 278 1970 2
 279 9840 10
 280 19660 20
 281 13748 14
 282 19620 20
 283 3920 4
 284 9790 10
 285 1956 2
 286 6839 7
 287 16592 17
 288 6825 7
 289 18506 19
 290 17514 18
 291 972 1
 292 6797 7
 293 15520 16
 294 7752 8
 295 15488 16
 296 1934 2
 297 15456 16
 298 9650 10
 299 14460 15
 300 4815 5
 301 10582 11
 302 2883 3
 303 6720 7
 304 10549 11
 305 19160 20
 306 7656 8
 307 5736 6
 308 17190 18
 309 954 1
 310 5718 6
 311 7616 8
 312 6657 7
 313 12350 13
 314 5694 6
 315 948 1
 316 12311 13
 317 11352 12
 318 7560 8
 319 3776 4
 320 6601 7
 321 8478 9
 322 16938 18
 323 940 1
 324 11268 12
 325 11256 12
 326 5622 6
 327 15912 17
 328 5610 6
 329 10274 11
 330 7464 8
 331 17708 19
 332 16758 18
 333 6510 7
 334 18580 20
 335 12992 14
 336 1854 2
 337 15742 17
 338 18500 20
 339 12936 14
 340 11076 12
 341 3688 4
 342 14736 16
 343 920 1
 344 13785 15
 345 13770 15
 346 14672 16
 347 15572 17
 348 18300 20
 349 8226 9
 350 3652 4
 351 15504 17
 352 10932 12
 353 7280 8
 354 9090 10
 355 4540 5
 356 3628 4
 357 15402 17
 358 12670 14
 359 8136 9
 360 903 1
 361 3608 4
 362 9010 10
 363 900 1
 364 8091 9
 365 3592 4
 366 2691 3
 367 5376 6
 368 9845 11
 369 12516 14
 370 1786 2
 371 4460 5
 372 14256 16
 373 8010 9
 374 13335 15
 375 9768 11
 376 10644 12
 377 6202 7
 378 15045 17
 379 7072 8
 380 7947 9
 381 7056 8
 382 14096 16
 383 6160 7
 384 15822 18
 385 8780 10
 386 3508 4
 387 10512 12
 388 14000 16
 389 6992 8
 390 3492 4
 391 11336 13
 392 3484 4
 393 2610 3
 394 7821 9
 395 13888 16
 396 5202 6
 397 2598 3
 398 12975 15
 399 4320 5
 400 14671 17
 401 11206 13
 402 2583 3
 403 1720 2
 404 9449 11
 405 17160 20
 406 6856 8
 407 9416 11
 408 4275 5
 409 3416 4
 410 10236 12
 411 12780 15
 412 851 1
 413 7650 9
 414 849 1
 415 9328 11
 416 8470 10
 417 10152 12
 418 14365 17
 419 8440 10
 420 5901 7
 421 12630 15
 422 841 1
 423 10080 12
 424 839 1
 425 1676 2
 426 7533 9
 427 9196 11
 428 9185 11
 429 5004 6
 430 11662 14
 431 832 1
 432 11634 14
 433 5810 7
 434 829 1
 435 10764 13
 436 8270 10
 437 8260 10
 438 10725 13
 439 824 1
 440 13168 16
 441 4932 6
 442 4105 5
 443 6560 8
 444 4914 6
 445 2454 3
 446 6536 8
 447 5712 7
 448 4890 6
 449 2442 3
 450 10569 13
 451 5684 7
 452 1622 2
 453 12960 16
 454 6472 8
 455 7272 9
 456 1614 2
 457 14508 18
 458 1610 2
 459 15276 19
 460 16060 20
 461 12832 16
 462 12816 16
 463 10400 13
 464 11186 14
 465 798 1
 466 9564 12
 467 8756 11
 468 15105 19
 469 13498 17
 470 14274 18
 471 1584 2
 472 15029 19
 473 6320 8
 474 9468 12
 475 15760 20
 476 1574 2
 477 5502 7
 478 10205 13
 479 5488 7
 480 9396 12
 481 1564 2
 482 11715 15
 483 2340 3
 484 7790 10
 485 778 1
 486 10101 13
 487 6984 9
 488 3100 4
 489 7740 10
 490 10049 13
 491 1544 2
 492 2313 3
 493 7700 10
 494 9228 12
 495 1536 2
 496 3835 5
 497 9192 12
 498 2295 3
 499 12988 17
 500 5341 7
 501 11430 15
 502 6849 9
 503 6840 9
 504 759 1
 505 758 1
 506 15140 20
 507 10584 14
 508 13590 18
 509 10556 14
 510 9036 12
 511 3760 5
 512 12767 17
 513 9750 13
 514 749 1
 515 3740 5
 516 5229 7
 517 2984 4
 518 3725 5
 519 3720 5
 520 12631 17
 521 4452 6
 522 13338 18
 523 12580 17
 524 5173 7
 525 10332 14
 526 14740 20
 527 2208 3
 528 2205 3
 529 8808 12
 530 12461 17
 531 10980 15
 532 8772 12
 533 2920 4
 534 10206 14
 535 10920 15
 536 11632 16
 537 6534 9
 538 725 1
 539 13756 19
 540 3615 5
 541 12274 17
 542 9373 13
 543 10080 14
 544 9347 13
 545 11488 16
 546 5019 7
 547 14320 20
 548 14300 20
 549 11424 16
 550 713 1
 551 12104 17
 552 5688 8
 553 4970 7
 554 3545 5
 555 2124 3
 556 7777 11
 557 13414 19
 558 9165 13
 559 6336 9
 560 13357 19
 561 7722 11
 562 10515 15
 563 4200 6
 564 5592 8
 565 9074 13
 566 8364 12
 567 696 1
 568 9035 13
 569 13186 19
 570 693 1
 571 6920 10
 572 12438 18
 573 3450 5
 574 1378 2
 575 10320 15
 576 10305 15
 577 6174 9
 578 11645 17
 579 8892 13
 580 7513 11
 581 10912 16
 582 4086 6
 583 10880 16
 584 10864 16
 585 3390 5
 586 10155 15
 587 2028 3
 588 11475 17
 589 10110 15
 590 4038 6
 591 10080 15
 592 5368 8
 593 6700 10
 594 6690 10
 595 8684 13
 596 10672 16
 597 4662 7
 598 665 1
 599 8632 13
 600 9945 15
 601 7282 11
 602 4627 7
 603 660 1
 604 8567 13
 605 9870 15
 606 11169 17
 607 4592 7
 608 10480 16
 609 7194 11
 610 9795 15
 611 11084 17
 612 5859 9
 613 5850 9
 614 9735 15
 615 12960 20
 616 9705 15
 617 10982 17
 618 9030 14
 619 12236 19
 620 5787 9
 621 642 1
 622 9615 15
 623 12800 20
 624 1917 3
 625 8294 13
 626 3822 6
 627 10176 16
 628 12700 20
 629 5072 8
 630 10128 16
 631 6952 11
 632 11358 18
 633 4410 7
 634 629 1
 635 5652 9
 636 1254 2
 637 7512 12
 638 6875 11
 639 10608 17
 640 1869 3
 641 6842 11
 642 12420 20
 643 3100 5
 644 5571 9
 645 1854 3
 646 617 1
 647 3696 6
 648 4305 7
 649 1228 2
 650 1226 2
 651 612 1
 652 3055 5
 653 1220 2
 654 8526 14
 655 7296 12
 656 5463 9
 657 1818 3
 658 8470 14
 659 7248 12
 660 10251 17
 661 7224 12
 662 6611 11
 663 4200 7
 664 8386 14
 665 11362 19
 666 7164 12
 667 11324 19
 668 10710 18
 669 11286 19
 670 1186 2
 671 8880 15
 672 2955 5
 673 11800 20
 674 589 1
 675 8820 15
 676 5870 10
 677 1758 3
 678 2340 4
 679 8760 15
 680 2915 5
 681 2328 4
 682 1743 3
 683 580 1
 684 3474 6
 685 3468 6
 686 4616 8
 687 10944 19
 688 2875 5
 689 1722 3
 690 10314 18
 691 8008 14
 692 9707 17
 693 2850 5
 694 5690 10
 695 10792 19
 696 11340 20
 697 4528 8
 698 9605 17
 699 9588 17
 700 10697 19
 701 8992 16
 702 10659 19
 703 2800 5
 704 2795 5
 705 10602 19
 706 9469 17
 707 2224 4
 708 6660 12
 709 6648 12
 710 4424 8
 711 7176 13
 712 9918 18
 713 3300 6
 714 7137 13
 715 548 1
 716 2188 4
 717 6006 11
 718 6540 12
 719 10336 19
 720 3801 7
 721 6504 12
 722 3787 7
 723 4320 8
 724 1617 3
 725 1614 3
 726 9666 18
 727 9112 17
 728 1070 2
 729 4272 8
 730 4797 9
 731 5320 10
 732 5841 11
 733 2650 5
 734 9522 18
 735 3168 6
 736 5270 10
 737 2630 5
 738 1050 2
 739 9956 19
 740 6799 13
 741 5220 10
 742 3126 6
 743 3120 6
 744 519 1
 745 6216 12
 746 6204 12
 747 2064 4
 748 1030 2
 749 1542 3
 750 7182 14
 751 8704 17
 752 4088 8
 753 9180 18
 754 4072 8
 755 4572 9
 756 9126 18
 757 7590 15
 758 7575 15
 759 9576 19
 760 4527 9
 761 1004 2
 762 6012 12
 763 1500 3
 764 9980 20
 765 9960 20
 766 1988 4
 767 3472 7
 768 1485 3
 769 1976 4
 770 3944 8
 771 8856 18
 772 5401 11
 773 490 1
 774 3912 8
 775 9760 20
 776 2922 6
 777 6318 13
 778 485 1
 779 9680 20
 780 8694 18
 781 6266 13
 782 2405 5
 783 480 1
 784 1916 4
 785 5258 11
 786 2385 5
 787 2380 5
 788 2375 5
 789 1422 3
 790 3311 7
 791 1888 4
 792 5181 11
 793 7990 17
 794 7504 16
 795 5616 12
 796 7939 17
 797 6058 13
 798 2325 5
 799 9280 20
 800 5093 11
 801 5082 11
 802 4610 10
 803 4600 10
 804 1377 3
 805 4580 10
 806 7769 17
 807 2736 6
 808 9100 20
 809 7718 17
 810 9060 20
 811 1356 3
 812 2255 5
 813 6750 15
 814 5388 12
 815 896 2
 816 7599 17
 817 7582 17
 818 1335 3
 819 8880 20
 820 8417 19
 821 8840 20
 822 5733 13
 823 7040 16
 824 1756 4
 825 3504 8
 826 3496 8
 827 5232 12
 828 6960 16
 829 2170 5
 830 6928 16
 831 3888 9
 832 8620 20
 833 4300 10
 834 3432 8
 835 2568 6
 836 7259 17
 837 6816 16
 838 7650 18
 839 8480 20
 840 846 2
 841 5064 12
 842 6315 15
 843 840 2
 844 5866 14
 845 2090 5
 846 2085 5
 847 5824 14
 848 7055 17
 849 7866 19
 850 7847 19
 851 2060 5
 852 6576 16
 853 3280 8
 854 4908 12
 855 7752 19
 856 4070 10
 857 6496 16
 858 4860 12
 859 6464 16
 860 6851 17
 861 4020 10
 862 401 1
 863 400 1
 864 4389 11
 865 4378 11
 866 1985 5
 867 3960 10
 868 7505 19
 869 2364 6
 870 1572 4
 871 1960 5
 872 3910 10
 873 2730 7
 874 3501 9
 875 1940 5
 876 4257 11
 877 6562 17
 878 5390 14
 879 4992 13
 880 4979 13
 881 2292 6
 882 7620 20
 883 7600 20
 884 1137 3
 885 2268 6
 886 3016 8
 887 5264 14
 888 5250 14
 889 2992 8
 890 5222 14
 891 2604 7
 892 4452 12
 893 370 1
 894 2214 6
 895 4784 13
 896 6973 19
 897 2196 6
 898 5110 14
 899 4004 11
 900 2178 6
 901 4706 13
 902 6498 18
 903 4320 12
 904 718 2
 905 3580 10
 906 4998 14
 907 7120 20
 908 4615 13
 909 5664 16
 910 3883 11
 911 3520 10
 912 2808 8
 913 2800 8
 914 3490 10
 915 3132 9
 916 3817 11
 917 6574 19
 918 1035 3
 919 2408 7
 920 1715 5
 921 1710 5
 922 1364 4
 923 6800 20
 924 5424 16
 925 676 2
 926 6740 20
 927 5376 16
 928 3350 10
 929 3674 11
 930 3996 12
 931 5644 17
 932 3641 11
 933 1980 6
 934 5922 18
 935 3608 11
 936 5232 16
 937 5542 17
 938 3900 12
 939 5508 17
 940 1292 4
 941 5474 17
 942 3852 12
 943 2240 7
 944 4785 15
 945 3180 10
 946 3487 11
 947 2528 8
 948 5040 16
 949 2512 8
 950 1252 4
 951 1248 4
 952 1866 6
 953 5270 17
 954 309 1
 955 4312 14
 956 4298 14
 957 3978 13
 958 6100 20
 959 3648 12
 960 5454 18
 961 5436 18
 962 602 2
 963 4800 16
 964 2691 9
 965 1788 6
 966 3564 12
 967 3848 13
 968 5310 18
 969 294 1
 970 1465 5
 971 584 2
 972 4074 14
 973 1160 4
 974 3179 11
 975 2016 7
 976 2009 7
 977 4290 15
 978 5130 18
 979 2556 9
 980 3962 14
 981 3102 11
 982 4496 16
 983 3640 13
 984 5022 18
 985 4170 15
 986 4709 17
 987 3864 14
 988 3300 12
 989 5480 20
 990 3549 13
 991 2176 8
 992 3794 14
 993 4590 17
 994 2690 10
 995 268 1
 996 3471 13
 997 2926 11
 998 795 3
 999 2640 10
 1000 5260 20
 1001 3406 13
 1002 2610 10
 1003 3120 12
 1004 777 3
 1005 3612 14
 1006 3084 12
 1007 2304 9
 1008 4080 16
 1009 1524 6
 1010 3542 14
 1011 2268 9
 1012 1757 7
 1013 250 1
 1014 498 2
 1015 992 4
 1016 4693 19
 1017 3198 13
 1018 4900 20
 1019 732 3
 1020 243 1
 1021 1210 5
 1022 1205 5
 1023 2400 10
 1024 1434 6
 1025 4760 20
 1026 1896 8
 1027 3068 13
 1028 705 3
 1029 2106 9
 1030 466 2
 1031 3248 14
 1032 3003 13
 1033 1150 5
 1034 458 2
 1035 3192 14
 1036 1589 7
 1037 2260 10
 1038 450 2
 1039 1568 7
 1040 1561 7
 1041 3552 16
 1042 2652 12
 1043 4180 19
 1044 876 4
 1045 1090 5
 1046 2821 13
 1047 864 4
 1048 3440 16
 1049 1926 9
 1050 3195 15
 1051 2544 12
 1052 1055 5
 1053 630 3
 1054 836 4
 1055 3120 15
 1056 621 3
 1057 206 1
 1058 1845 9
 1059 2244 11
 1060 1624 8
 1061 3030 15
 1062 4020 20
 1063 200 1
 1064 796 4
 1065 3564 18
 1066 788 4
 1067 3724 19
 1068 2340 12
 1069 582 3
 1070 2702 14
 1071 2496 13
 1072 382 2
 1073 760 4
 1074 2457 13
 1075 1316 7
 1076 2431 13
 1077 186 1
 1078 740 4
 1079 368 2
 1080 3111 17
 1081 3640 20
 1082 3439 19
 1083 3240 18
 1084 1253 7
 1085 2492 14
 1086 354 2
 1087 1232 7
 1088 3500 20
 1089 2088 12
 1090 865 5
 1091 3440 20
 1092 342 2
 1093 1530 9
 1094 2197 13
 1095 3192 19
 1096 2004 12
 1097 1992 12
 1098 1815 11
 1099 3116 19
 1100 1467 9
 1101 3240 20
 1102 161 1
 1103 2400 15
 1104 2862 18
 1105 2370 15
 1106 1256 8
 1107 468 3
 1108 2635 17
 1109 924 6
 1110 1683 11
 1111 2736 18
 1112 2265 15
 1113 1050 7
 1114 1490 10
 1115 1924 13
 1116 1911 13
 1117 2336 16
 1118 1740 12
 1119 288 2
 1120 2717 19
 1121 1562 11
 1122 2397 17
 1123 2800 20
 1124 1390 10
 1125 1242 9
 1126 411 3
 1127 408 3
 1128 945 7
 1129 2144 16
 1130 266 2
 1131 2640 20
 1132 1441 11
 1133 260 2
 1134 1290 10
 1135 640 5
 1136 1270 10
 1137 1512 12
 1138 1125 9
 1139 2356 19
 1140 123 1
 1141 2440 20
 1142 1573 13
 1143 960 8
 1144 119 1
 1145 1180 10
 1146 1638 14
 1147 1044 9
 1148 1610 14
 1149 1938 17
 1150 226 2
 1151 2128 19
 1152 1998 18
 1153 1430 13
 1154 2071 19
 1155 1188 11
 1156 321 3
 1157 636 6
 1158 1260 12
 1159 1248 12
 1160 1751 17
 1161 612 6
 1162 808 8
 1163 1700 17
 1164 1386 14
 1165 294 3
 1166 1649 17
 1167 960 10
 1168 190 2
 1169 1598 17
 1170 1395 15
 1171 1104 12
 1172 1820 20
 1173 180 2
 1174 89 1
 1175 1056 12
 1176 261 3
 1177 1376 16
 1178 1615 19
 1179 1428 17
 1180 83 1
 1181 164 2
 1182 243 3
 1183 960 12
 1184 316 4
 1185 1170 15
 1186 231 3
 1187 1292 17
 1188 300 4
 1189 1110 15
 1190 1314 18
 1191 1080 15
 1192 142 2
 1193 420 6
 1194 483 7
 1195 1360 20
 1196 134 2
 1197 528 8
 1198 65 1
 1199 768 12
 1200 1134 18
 1201 248 4
 1202 610 10
 1203 120 2
 1204 59 1
 1205 58 1
 1206 171 3
 1207 336 6
 1208 495 9
 1209 162 3
 1210 636 12
 1211 624 12
 1212 612 12
 1213 50 1
 1214 49 1
 1215 672 14
 1216 47 1
 1217 138 3
 1218 90 2
 1219 660 15
 1220 430 10
 1221 84 2
 1222 41 1
 1223 440 11
 1224 429 11
 1225 722 19
 1226 222 6
 1227 648 18
 1228 700 20
 1229 374 11
 1230 594 18
 1231 256 8
 1232 279 9
 1233 540 18
 1234 29 1
 1235 196 7
 1236 81 3
 1237 468 18
 1238 500 20
 1239 336 14
 1240 276 12
 1241 44 2
 1242 84 4
 1243 280 14
 1244 190 10
 1245 72 4
 1246 204 12
 1247 16 1
 1248 90 6
 1249 28 2
 1250 104 8
 1251 96 8
 1252 165 15
 1253 70 7
 1254 54 6
 1255 24 3
 1256 84 12
 1257 60 10
 1258 85 17
 1259 80 20
 1260 21 7
 1261 22 11
 1262 17 17
22716