135
 1 135 1
 2 1340 10
 3 798 6
 4 2376 18
 5 1572 12
 6 520 4
 7 903 7
 8 1152 9
 9 635 5
 10 2394 19
 11 875 7
 12 2232 18
 13 123 1
 14 1830 15
 15 363 3
 16 1440 12
 17 1666 14
 18 1298 11
 19 1287 11
 20 1276 11
 21 1610 14
 22 798 7
 23 1695 15
 24 1008 9
 25 1110 10
 26 330 3
 27 109 1
 28 756 7
 29 2033 19
 30 1166 11
 31 1890 18
 32 1768 17
 33 1957 19
 34 1734 17
 35 1010 10
 36 2000 20
 37 1188 12
 38 1372 14
 39 1649 17
 40 480 5
 41 1615 17
 42 1786 19
 43 372 4
 44 1656 18
 45 1274 14
 46 1440 16
 47 890 10
 48 968 11
 49 957 11
 50 1376 16
 51 1020 12
 52 168 2
 53 1079 13
 54 1558 19
 55 1134 14
 56 880 11
 57 948 12
 58 468 6
 59 1386 18
 60 380 5
 61 1350 18
 62 666 9
 63 146 2
 64 288 4
 65 1207 17
 66 420 6
 67 207 3
 68 1088 16
 69 268 4
 70 132 2
 71 325 5
 72 1024 16
 73 252 4
 74 434 7
 75 122 2
 76 1200 20
 77 649 11
 78 754 13
 79 399 7
 80 840 15
 81 990 18
 82 594 11
 83 1007 19
 84 728 14
 85 816 16
 86 700 14
 87 980 20
 88 576 12
 89 846 18
 90 184 4
 91 765 17
 92 528 12
 93 430 10
 94 42 1
 95 41 1
 96 440 11
 97 351 9
 98 380 10
 99 370 10
 100 684 19
 101 350 10
 102 34 1
 103 330 10
 104 512 16
 105 372 12
 106 180 6
 107 493 17
 108 84 3
 109 513 19
 110 52 2
 111 100 4
 112 144 6
 113 92 4
 114 132 6
 115 231 11
 116 360 18
 117 171 9
 118 306 17
 119 51 3
 120 64 4
 121 45 3
 122 98 7
 123 26 2
 124 72 6
 125 154 14
 126 80 8
 127 9 1
 128 96 12
 129 35 5
 130 24 4
 131 20 4
 132 28 7
 133 30 10
 134 38 19
 135 6 6
1890