155
 1 155 1
 2 770 5
 3 153 1
 4 1368 9
 5 1510 10
 6 1950 13
 7 745 5
 8 1332 9
 9 1029 7
 10 2628 18
 11 1160 8
 12 1872 13
 13 286 2
 14 2130 15
 15 2115 15
 16 1960 14
 17 2780 20
 18 2760 20
 19 548 4
 20 2176 16
 21 540 4
 22 1742 13
 23 1729 13
 24 792 6
 25 917 7
 26 390 3
 27 645 5
 28 256 2
 29 2159 17
 30 504 4
 31 1875 15
 32 1984 16
 33 1353 11
 34 976 8
 35 2420 20
 36 360 3
 37 714 6
 38 1416 12
 39 1989 17
 40 2204 19
 41 2300 20
 42 1254 11
 43 1695 15
 44 224 2
 45 1665 15
 46 110 1
 47 1090 10
 48 1620 15
 49 856 8
 50 954 9
 51 1995 19
 52 624 6
 53 1751 17
 54 816 8
 55 1515 15
 56 1500 15
 57 1287 13
 58 1372 14
 59 1746 18
 60 1248 13
 61 665 7
 62 658 7
 63 465 5
 64 920 10
 65 1547 17
 66 1080 12
 67 1602 18
 68 176 2
 69 522 6
 70 172 2
 71 85 1
 72 588 7
 73 1245 15
 74 1640 20
 75 1134 14
 76 880 11
 77 632 8
 78 468 6
 79 462 6
 80 912 12
 81 750 10
 82 1110 15
 83 511 7
 84 648 9
 85 994 14
 86 280 4
 87 1242 18
 88 884 13
 89 134 2
 90 462 7
 91 1105 17
 92 1088 17
 93 315 5
 94 248 4
 95 549 9
 96 1200 20
 97 177 3
 98 986 17
 99 114 2
 100 448 8
 101 715 13
 102 756 14
 103 106 2
 104 52 1
 105 459 9
 106 900 18
 107 245 5
 108 960 20
 109 940 20
 110 874 19
 111 90 2
 112 748 17
 113 430 10
 114 840 20
 115 820 20
 116 40 1
 117 195 5
 118 684 18
 119 296 8
 120 180 5
 121 175 5
 122 374 11
 123 594 18
 124 64 2
 125 589 19
 126 300 10
 127 435 15
 128 84 3
 129 189 7
 130 130 5
 131 125 5
 132 168 7
 133 322 14
 134 374 17
 135 210 10
 136 120 6
 137 95 5
 138 252 14
 139 340 20
 140 80 5
 141 90 6
 142 266 19
 143 247 19
 144 96 8
 145 209 19
 146 110 11
 147 81 9
 148 32 4
 149 119 17
 150 12 2
 151 5 1
 152 8 2
 153 33 11
 154 40 20
 155 20 20
2015