178
 1 890 5
 2 354 2
 3 1408 8
 4 1225 7
 5 3306 19
 6 1730 10
 7 1204 7
 8 1881 11
 9 680 4
 10 845 5
 11 3360 20
 12 2839 17
 13 1826 11
 14 1980 12
 15 1476 9
 16 1141 7
 17 2916 18
 18 2737 17
 19 3200 20
 20 2862 18
 21 3002 19
 22 1727 11
 23 1560 10
 24 1395 9
 25 2926 19
 26 306 2
 27 2736 18
 28 302 2
 29 2400 16
 30 1043 7
 31 2220 15
 32 2352 16
 33 1752 12
 34 145 1
 35 1872 13
 36 572 4
 37 142 1
 38 2397 17
 39 1120 8
 40 1390 10
 41 1518 11
 42 548 4
 43 952 7
 44 2295 17
 45 804 6
 46 1330 10
 47 396 3
 48 1572 12
 49 1690 13
 50 1935 15
 51 768 6
 52 1524 12
 53 1764 14
 54 1625 13
 55 372 3
 56 123 1
 57 2318 19
 58 1089 9
 59 2040 17
 60 1309 11
 61 1888 16
 62 936 8
 63 348 3
 64 690 6
 65 798 7
 66 339 3
 67 1232 11
 68 2220 20
 69 1320 12
 70 1853 17
 71 648 6
 72 1498 14
 73 1696 16
 74 1470 14
 75 1456 14
 76 1957 19
 77 1326 13
 78 505 5
 79 1900 19
 80 1287 13
 81 980 10
 82 1455 15
 83 1920 20
 84 1805 19
 85 1598 17
 86 372 4
 87 276 3
 88 1365 15
 89 360 4
 90 1246 14
 91 176 2
 92 1305 15
 93 1290 15
 94 1615 19
 95 1008 12
 96 1162 14
 97 1558 19
 98 1296 16
 99 720 9
 100 395 5
 101 702 9
 102 616 8
 103 380 5
 104 1425 19
 105 1184 16
 106 1314 18
 107 1368 19
 108 1420 20
 109 1260 18
 110 966 14
 111 1156 17
 112 603 9
 113 264 4
 114 195 3
 115 1216 19
 116 189 3
 117 1240 20
 118 244 4
 119 720 12
 120 236 4
 121 1044 18
 122 228 4
 123 224 4
 124 660 12
 125 216 4
 126 742 14
 127 936 18
 128 51 1
 129 950 19
 130 539 11
 131 720 15
 132 141 3
 133 460 10
 134 495 11
 135 396 9
 136 817 19
 137 588 14
 138 123 3
 139 360 9
 140 390 10
 141 38 1
 142 407 11
 143 684 19
 144 105 3
 145 204 6
 146 231 7
 147 448 14
 148 620 20
 149 240 8
 150 580 20
 151 112 4
 152 378 14
 153 156 6
 154 150 6
 155 24 1
 156 207 9
 157 440 20
 158 210 10
 159 20 1
 160 266 14
 161 54 3
 162 85 5
 163 176 11
 164 120 8
 165 266 19
 166 78 6
 167 120 10
 168 198 18
 169 140 14
 170 45 5
 171 24 3
 172 56 8
 173 12 2
 174 55 11
 175 76 19
 176 18 6
 177 2 1
 178 14 14
1958