1920
 1 34560 18
 2 28785 15
 3 19180 10
 4 30672 16
 5 3832 2
 6 28725 15
 7 21054 11
 8 1913 1
 9 9560 5
 10 17199 9
 11 22920 12
 12 7636 4
 13 19080 10
 14 5721 3
 15 34308 18
 16 28575 15
 17 28560 15
 18 20933 11
 19 36138 19
 20 22812 12
 21 38000 20
 22 28485 15
 23 26572 14
 24 37940 20
 25 32232 17
 26 15160 8
 27 34092 18
 28 11358 6
 29 24596 13
 30 18910 10
 31 30240 16
 32 15112 8
 33 20768 11
 34 24531 13
 35 35834 19
 36 11310 6
 37 16956 9
 38 37660 20
 39 20702 11
 40 26334 14
 41 24440 13
 42 16911 9
 43 13146 7
 44 37540 20
 45 16884 9
 46 30000 16
 47 9370 5
 48 20603 11
 49 5616 3
 50 18710 10
 51 16830 9
 52 35511 19
 53 33624 18
 54 29872 16
 55 22392 12
 56 20515 11
 57 5592 3
 58 11178 6
 59 13034 7
 60 27915 15
 61 26040 14
 62 7436 4
 63 20438 11
 64 29712 16
 65 31552 17
 66 16695 9
 67 14832 8
 68 27795 15
 69 31484 17
 70 5553 3
 71 27750 15
 72 35131 19
 73 7392 4
 74 33246 18
 75 11076 6
 76 7380 4
 77 27660 15
 78 5529 3
 79 11052 6
 80 23933 13
 81 12880 7
 82 9195 5
 83 18380 10
 84 36740 20
 85 22032 12
 86 22020 12
 87 34846 19
 88 14664 8
 89 25648 14
 90 7324 4
 91 7320 4
 92 27435 15
 93 16452 9
 94 31059 17
 95 18260 10
 96 29200 16
 97 21888 12
 98 18230 10
 99 5466 3
 100 25494 14
 101 16380 9
 102 27285 15
 103 10908 6
 104 18170 10
 105 14528 8
 106 30855 17
 107 23582 13
 108 14504 8
 109 10872 6
 110 27165 15
 111 18100 10
 112 25326 14
 113 14464 8
 114 36140 20
 115 19866 11
 116 14440 8
 117 3608 2
 118 10818 6
 119 14416 8
 120 30617 17
 121 12600 7
 122 1799 1
 123 25172 14
 124 5391 3
 125 34124 19
 126 19745 11
 127 1794 1
 128 17930 10
 129 14336 8
 130 17910 10
 131 30430 17
 132 25046 14
 133 32184 18
 134 35740 20
 135 16074 9
 136 5355 3
 137 3568 2
 138 23179 13
 139 16038 9
 140 8905 5
 141 21360 12
 142 14232 8
 143 23114 13
 144 21324 12
 145 14208 8
 146 23075 13
 147 19514 11
 148 21276 12
 149 1772 1
 150 17710 10
 151 21240 12
 152 21228 12
 153 28288 16
 154 30039 17
 155 35320 20
 156 8825 5
 157 33516 19
 158 22919 13
 159 3524 2
 160 35220 20
 161 8800 5
 162 33421 19
 163 31644 18
 164 5271 3
 165 26340 15
 166 1755 1
 167 31572 18
 168 17530 10
 169 35040 20
 170 10506 6
 171 22750 13
 172 27984 16
 173 5244 3
 174 13976 8
 175 6984 4
 176 27920 16
 177 12208 7
 178 15687 9
 179 22646 13
 180 34820 20
 181 22620 13
 182 5217 3
 183 29546 17
 184 1737 1
 185 10416 6
 186 20820 12
 187 15606 9
 188 31194 18
 189 25980 15
 190 20772 12
 191 27680 16
 192 19019 11
 193 34560 20
 194 17270 10
 195 12082 7
 196 13800 8
 197 24136 14
 198 13784 8
 199 29274 17
 200 18931 11
 201 6880 4
 202 10314 6
 203 6872 4
 204 6868 4
 205 32604 19
 206 25725 15
 207 25710 15
 208 3426 2
 209 34240 20
 210 22243 13
 211 8550 5
 212 13672 8
 213 20496 12
 214 18777 11
 215 11942 7
 216 25575 15
 217 20448 12
 218 34060 20
 219 22126 13
 220 17010 10
 221 27200 16
 222 10194 6
 223 33960 20
 224 3394 2
 225 20352 12
 226 8475 5
 227 28798 17
 228 30474 18
 229 28764 17
 230 10146 6
 231 30420 18
 232 27024 16
 233 21944 13
 234 3374 2
 235 5058 3
 236 28645 17
 237 33680 20
 238 18513 11
 239 11774 7
 240 31939 19
 241 10080 6
 242 23506 14
 243 28526 17
 244 31863 19
 245 6704 4
 246 18425 11
 247 1674 1
 248 5019 3
 249 10032 6
 250 18381 11
 251 30060 18
 252 5007 3
 253 30024 18
 254 15003 9
 255 18326 11
 256 33300 20
 257 33280 20
 258 29934 18
 259 31578 19
 260 31559 19
 261 28220 17
 262 18249 11
 263 3316 2
 264 28169 17
 265 14904 9
 266 6620 4
 267 29772 18
 268 6612 4
 269 9912 6
 270 33020 20
 271 21450 13
 272 1649 1
 273 32960 20
 274 11529 7
 275 16460 10
 276 13160 8
 277 11508 7
 278 29574 18
 279 24630 15
 280 8205 5
 281 24600 15
 282 22946 14
 283 13104 8
 284 6548 4
 285 26176 16
 286 17985 11
 287 21242 13
 288 22862 14
 289 1632 1
 290 17941 11
 291 1630 1
 292 14661 9
 293 6512 4
 294 9762 6
 295 17886 11
 296 21125 13
 297 19488 12
 298 6492 4
 299 1622 1
 300 21073 13
 301 32400 20
 302 21047 13
 303 9708 6
 304 21021 13
 305 1616 1
 306 9690 6
 307 14526 9
 308 27421 17
 309 22568 14
 310 25776 16
 311 1610 1
 312 24135 15
 313 28944 18
 314 19284 12
 315 9636 6
 316 1605 1
 317 28872 18
 318 17633 11
 319 17622 11
 320 32020 20
 321 9600 6
 322 22386 14
 323 11186 7
 324 9582 6
 325 23940 15
 326 11165 7
 327 28692 18
 328 20709 13
 329 1592 1
 330 12728 8
 331 27030 17
 332 22246 14
 333 4764 3
 334 15870 10
 335 15860 10
 336 3170 2
 337 14256 9
 338 25328 16
 339 1582 1
 340 22134 14
 341 22120 14
 342 23685 15
 343 28404 18
 344 28386 18
 345 9456 6
 346 18900 12
 347 31480 20
 348 9438 6
 349 9432 6
 350 14139 9
 351 15700 10
 352 23535 15
 353 9408 6
 354 6268 4
 355 18792 12
 356 15650 10
 357 12512 8
 358 9378 6
 359 14058 9
 360 31220 20
 361 9360 6
 362 14031 9
 363 23370 15
 364 26469 17
 365 7780 5
 366 4665 3
 367 20202 13
 368 13977 9
 369 17072 11
 370 31020 20
 371 6200 4
 372 30980 20
 373 10836 7
 374 18564 12
 375 29374 19
 376 16995 11
 377 1544 1
 378 10801 7
 379 24672 16
 380 29279 19
 381 26180 17
 382 10773 7
 383 16918 11
 384 19981 13
 385 12288 8
 386 6140 4
 387 3068 2
 388 13797 9
 389 22980 15
 390 27558 18
 391 19890 13
 392 24464 16
 393 4584 3
 394 3054 2
 395 9156 6
 396 22875 15
 397 7620 5
 398 16753 11
 399 28918 19
 400 4563 3
 401 4560 3
 402 6076 4
 403 16698 11
 404 15170 10
 405 22740 15
 406 16665 11
 407 28766 19
 408 9078 6
 409 21168 14
 410 4533 3
 411 16610 11
 412 10563 7
 413 10556 7
 414 15070 10
 415 21084 14
 416 10535 7
 417 3008 2
 418 24048 16
 419 1502 1
 420 28519 19
 421 28500 19
 422 22485 15
 423 7490 5
 424 29940 20
 425 19448 13
 426 5980 4
 427 10458 7
 428 20902 14
 429 10444 7
 430 2982 2
 431 5960 4
 432 26802 18
 433 8928 6
 434 26766 18
 435 8916 6
 436 28215 19
 437 14840 10
 438 28177 19
 439 5928 4
 440 11848 8
 441 1480 1
 442 10353 7
 443 28082 19
 444 25109 17
 445 23616 16
 446 5900 4
 447 11792 8
 448 14730 10
 449 27968 19
 450 10297 7
 451 1470 1
 452 20566 14
 453 11744 8
 454 13203 9
 455 8796 6
 456 11720 8
 457 8784 6
 458 1463 1
 459 17544 12
 460 2922 2
 461 24820 17
 462 27721 19
 463 11664 8
 464 7285 5
 465 7280 5
 466 17460 12
 467 23264 16
 468 17436 12
 469 1452 1
 470 21765 15
 471 7250 5
 472 26082 18
 473 1448 1
 474 17364 12
 475 8676 6
 476 17340 12
 477 12996 9
 478 10101 7
 479 1442 1
 480 14410 10
 481 5760 4
 482 24463 17
 483 12942 9
 484 24429 17
 485 24412 17
 486 15785 11
 487 28680 20
 488 5732 4
 489 18616 13
 490 25758 18
 491 24310 17
 492 20006 14
 493 14280 10
 494 28540 20
 495 18538 13
 496 7125 5
 497 22784 16
 498 14230 10
 499 5688 4
 500 26999 19
 501 21300 15
 502 19866 14
 503 11344 8
 504 18421 13
 505 2832 2
 506 28300 20
 507 4242 3
 508 22608 16
 509 8472 6
 510 7055 5
 511 7050 5
 512 9863 7
 513 25344 18
 514 22512 16
 515 18278 13
 516 19670 14
 517 19656 14
 518 12627 9
 519 12618 9
 520 28020 20
 521 11200 8
 522 20985 15
 523 2796 2
 524 27940 20
 525 23732 17
 526 23715 17
 527 23698 17
 528 12537 9
 529 8352 6
 530 12519 9
 531 23630 17
 532 22224 16
 533 24984 18
 534 4161 3
 535 27720 20
 536 19390 14
 537 26296 19
 538 26277 19
 539 20730 15
 540 19334 14
 541 20700 15
 542 15169 11
 543 4134 3
 544 16524 12
 545 19264 14
 546 26125 19
 547 2748 2
 548 19222 14
 549 1372 1
 550 23307 17
 551 5480 4
 552 1369 1
 553 5472 4
 554 4101 3
 555 27320 20
 556 16380 12
 557 1364 1
 558 16356 12
 559 10896 8
 560 19054 14
 561 16320 12
 562 24462 18
 563 8148 6
 564 27140 20
 565 16272 12
 566 8130 6
 567 25726 19
 568 27060 20
 569 2704 2
 570 1351 1
 571 16200 12
 572 25631 19
 573 5392 4
 574 6735 5
 575 16152 12
 576 8070 6
 577 14784 11
 578 14773 11
 579 21472 16
 580 20115 15
 581 26800 20
 582 24102 18
 583 17394 13
 584 9359 7
 585 16032 12
 586 4005 3
 587 24012 18
 588 13330 10
 589 17316 13
 590 25289 19
 591 14630 11
 592 26580 20
 593 10624 8
 594 15924 12
 595 19890 15
 596 2650 2
 597 21184 16
 598 21168 16
 599 23796 18
 600 6605 5
 601 3960 3
 602 13190 10
 603 7908 6
 604 6585 5
 605 15792 12
 606 17095 13
 607 6570 5
 608 22321 17
 609 13120 10
 610 13110 10
 611 22270 17
 612 6545 5
 613 15696 12
 614 15684 12
 615 5224 4
 616 14355 11
 617 6520 5
 618 15636 12
 619 23436 18
 620 3903 3
 621 1300 1
 622 15588 12
 623 16874 13
 624 5188 4
 625 20736 16
 626 24605 19
 627 15528 12
 628 23274 18
 629 14212 11
 630 19365 15
 631 24510 19
 632 18046 14
 633 2576 2
 634 23166 18
 635 19290 15
 636 7710 6
 637 17976 14
 638 21811 17
 639 20512 16
 640 5124 4
 641 25600 20
 642 12790 10
 643 16614 13
 644 20432 16
 645 1276 1
 646 3825 3
 647 22932 18
 648 2546 2
 649 22896 18
 650 13981 11
 651 7620 6
 652 2538 2
 653 6340 5
 654 8869 7
 655 8862 7
 656 15180 12
 657 13904 11
 658 18945 15
 659 11358 9
 660 22698 18
 661 22680 18
 662 16367 13
 663 21386 17
 664 13827 11
 665 13816 11
 666 13805 11
 667 8778 7
 668 11277 9
 669 11268 9
 670 20016 16
 671 20000 16
 672 6245 5
 673 12480 10
 674 1247 1
 675 18690 15
 676 3735 3
 677 14928 12
 678 16159 13
 679 11178 9
 680 4964 4
 681 1240 1
 682 6195 5
 683 9904 8
 684 13607 11
 685 12360 10
 686 22230 18
 687 12340 10
 688 20961 17
 689 7392 6
 690 3693 3
 691 19680 16
 692 3687 3
 693 3684 3
 694 7362 6
 695 15938 13
 696 13475 11
 697 4896 4
 698 4892 4
 699 10998 9
 700 18315 15
 701 10980 9
 702 2438 2
 703 21924 18
 704 1217 1
 705 18240 15
 706 9720 8
 707 24280 20
 708 13343 11
 709 9696 8
 710 24220 20
 711 2420 2
 712 20553 17
 713 1208 1
 714 13277 11
 715 24120 20
 716 18075 15
 717 6020 5
 718 21654 18
 719 14424 12
 720 13211 11
 721 21600 18
 722 21582 18
 723 9584 8
 724 7182 6
 725 3588 3
 726 14340 12
 727 21492 18
 728 21474 18
 729 23840 20
 730 15483 13
 731 9520 8
 732 20213 17
 733 19008 16
 734 15431 13
 735 4744 4
 736 10665 9
 737 9472 8
 738 1183 1
 739 8274 7
 740 17715 15
 741 12980 11
 742 10611 9
 743 4712 4
 744 17655 15
 745 1176 1
 746 1175 1
 747 8218 7
 748 5865 5
 749 11720 10
 750 3513 3
 751 4680 4
 752 3507 3
 753 19856 17
 754 12837 11
 755 8162 7
 756 17475 15
 757 11640 10
 758 18608 16
 759 15106 13
 760 6966 6
 761 10440 9
 762 18544 16
 763 9264 8
 764 4628 4
 765 17340 15
 766 16170 14
 767 13848 12
 768 11530 10
 769 12672 11
 770 23020 20
 771 19550 17
 772 17235 15
 773 4592 4
 774 9176 8
 775 20628 18
 776 13740 12
 777 14872 13
 778 13716 12
 779 17130 15
 780 13692 12
 781 18240 16
 782 21641 19
 783 11380 10
 784 5685 5
 785 7952 7
 786 9080 8
 787 17010 15
 788 12463 11
 789 12452 11
 790 5655 5
 791 22600 20
 792 19193 17
 793 18048 16
 794 18032 16
 795 7882 7
 796 18000 16
 797 6744 6
 798 15722 14
 799 14586 13
 800 17936 16
 801 21280 19
 802 15666 14
 803 13416 12
 804 1117 1
 805 22320 20
 806 4460 4
 807 8912 8
 808 12243 11
 809 5560 5
 810 14443 13
 811 18870 17
 812 12199 11
 813 11080 10
 814 12177 11
 815 17696 16
 816 9945 9
 817 22080 20
 818 1103 1
 819 15428 14
 820 19818 18
 821 18700 17
 822 19782 18
 823 7686 7
 824 15358 14
 825 7672 7
 826 17520 16
 827 2188 2
 828 14209 13
 829 18564 17
 830 5455 5
 831 20710 19
 832 13068 12
 833 20672 19
 834 20653 19
 835 13032 12
 836 2170 2
 837 2168 2
 838 21660 20
 839 9738 9
 840 1081 1
 841 8640 8
 842 18343 17
 843 20482 19
 844 6462 6
 845 3228 3
 846 10750 10
 847 20406 19
 848 12876 12
 849 16080 15
 850 3213 3
 851 21400 20
 852 17104 16
 853 21360 20
 854 17072 16
 855 8528 8
 856 1065 1
 857 15960 15
 858 2126 2
 859 9558 9
 860 21220 20
 861 19080 18
 862 14826 14
 863 8464 8
 864 10570 10
 865 20064 19
 866 5275 5
 867 4216 4
 868 7371 7
 869 21040 20
 870 21020 20
 871 16800 16
 872 1049 1
 873 7336 7
 874 5235 5
 875 9414 9
 876 14630 14
 877 17748 17
 878 9387 9
 879 1042 1
 880 4164 4
 881 12480 12
 882 1039 1
 883 7266 7
 884 5185 5
 885 10360 10
 886 4140 4
 887 4136 4
 888 11363 11
 889 3096 3
 890 7217 7
 891 12360 12
 892 16464 16
 893 14392 14
 894 1027 1
 895 11286 11
 896 12300 12
 897 17408 17
 898 19437 19
 899 14308 14
 900 9189 9
 901 17340 17
 902 3057 3
 903 9162 9
 904 8136 8
 905 9144 9
 906 15225 15
 907 20280 20
 908 18234 18
 909 19228 19
 910 1011 1
 911 2020 2
 912 20180 20
 913 16128 16
 914 18126 18
 915 11066 11
 916 11055 11
 917 1004 1
 918 17051 17
 919 6012 6
 920 4004 4
 921 18000 18
 922 13986 14
 923 6986 7
 924 6979 7
 925 8964 9
 926 1990 2
 927 2982 3
 928 993 1
 929 18848 19
 930 9910 10
 931 14850 15
 932 10879 11
 933 12844 13
 934 11844 12
 935 5916 6
 936 6895 7
 937 3936 4
 938 17694 18
 939 7856 8
 940 1962 2
 941 11760 12
 942 1958 2
 943 5868 6
 944 5862 6
 945 7808 8
 946 9750 10
 947 2922 3
 948 12649 13
 949 16524 17
 950 19420 20
 951 12610 13
 952 4845 5
 953 8712 9
 954 6769 7
 955 10626 11
 956 14475 15
 957 9640 10
 958 8667 9
 959 4810 5
 960 9610 10
 961 13440 14
 962 17262 18
 963 4790 5
 964 18183 19
 965 15296 16
 966 3820 4
 967 3816 4
 968 13342 14
 969 952 1
 970 1902 2
 971 1900 2
 972 13286 14
 973 1896 2
 974 8523 9
 975 10406 11
 976 2835 3
 977 18880 20
 978 6601 7
 979 6594 7
 980 13174 14
 981 16920 18
 982 15024 16
 983 13132 14
 984 12181 13
 985 1872 2
 986 9350 10
 987 8406 9
 988 6531 7
 989 8388 9
 990 10241 11
 991 9300 10
 992 4645 5
 993 18560 20
 994 7416 8
 995 12038 13
 996 4625 5
 997 8316 9
 998 17537 19
 999 15674 17
 1000 8289 9
 1001 10120 11
 1002 10109 11
 1003 4590 5
 1004 6419 7
 1005 14656 16
 1006 9150 10
 1007 10968 12
 1008 15521 17
 1009 9120 10
 1010 911 1
 1011 2730 3
 1012 14544 16
 1013 908 1
 1014 9977 11
 1015 4530 5
 1016 17195 19
 1017 6328 7
 1018 17157 19
 1019 8118 9
 1020 4505 5
 1021 8100 9
 1022 11687 13
 1023 13470 15
 1024 7176 8
 1025 2688 3
 1026 8950 10
 1027 4470 5
 1028 16967 19
 1029 8028 9
 1030 14256 16
 1031 12460 14
 1032 1778 2
 1033 1776 2
 1034 1774 2
 1035 7974 9
 1036 10620 12
 1037 10608 12
 1038 5298 6
 1039 882 1
 1040 14096 16
 1041 7040 8
 1042 13185 15
 1043 4390 5
 1044 14032 16
 1045 3504 4
 1046 15750 18
 1047 4370 5
 1048 17460 20
 1049 13952 16
 1050 10452 12
 1051 14790 17
 1052 11297 13
 1053 868 1
 1054 15606 18
 1055 6928 8
 1056 1730 2
 1057 864 1
 1058 16397 19
 1059 7758 9
 1060 15498 18
 1061 16340 19
 1062 6872 8
 1063 3432 4
 1064 14569 17
 1065 11128 13
 1066 17100 20
 1067 16226 19
 1068 11942 14
 1069 17040 20
 1070 16169 19
 1071 5950 7
 1072 4245 5
 1073 4240 5
 1074 14399 17
 1075 846 1
 1076 2535 3
 1077 10972 13
 1078 12645 15
 1079 8420 10
 1080 12615 15
 1081 14280 17
 1082 5034 6
 1083 8380 10
 1084 13392 16
 1085 13376 16
 1086 13360 16
 1087 14178 17
 1088 1666 2
 1089 9152 11
 1090 14958 18
 1091 16600 20
 1092 6632 8
 1093 3312 4
 1094 10751 13
 1095 12390 15
 1096 8250 10
 1097 7416 9
 1098 4115 5
 1099 9864 12
 1100 4926 6
 1101 4920 6
 1102 1638 2
 1103 16360 20
 1104 12255 15
 1105 7344 9
 1106 12225 15
 1107 4884 6
 1108 8130 10
 1109 1624 2
 1110 10543 13
 1111 8910 11
 1112 15371 19
 1113 1616 2
 1114 12105 15
 1115 6448 8
 1116 5635 7
 1117 4020 5
 1118 4818 6
 1119 15238 19
 1120 4806 6
 1121 4800 6
 1122 4794 6
 1123 798 1
 1124 6376 8
 1125 7960 10
 1126 15105 19
 1127 4764 6
 1128 7930 10
 1129 1584 2
 1130 5537 7
 1131 3950 5
 1132 2367 3
 1133 14972 19
 1134 9444 12
 1135 7860 10
 1136 785 1
 1137 8624 11
 1138 15660 20
 1139 10948 14
 1140 10153 13
 1141 10140 13
 1142 9348 12
 1143 778 1
 1144 7770 10
 1145 3104 4
 1146 2325 3
 1147 3096 4
 1148 12368 16
 1149 8492 11
 1150 5397 7
 1151 1540 2
 1152 6152 8
 1153 9216 12
 1154 9204 12
 1155 14554 19
 1156 3060 4
 1157 4584 6
 1158 3052 4
 1159 4572 6
 1160 6849 9
 1161 6080 8
 1162 15180 20
 1163 758 1
 1164 2271 3
 1165 756 1
 1166 6040 8
 1167 9048 12
 1168 7530 10
 1169 15040 20
 1170 12016 16
 1171 8250 11
 1172 11984 16
 1173 5984 8
 1174 9711 13
 1175 7460 10
 1176 14900 20
 1177 4464 6
 1178 14117 19
 1179 9646 13
 1180 13338 18
 1181 5920 8
 1182 4434 6
 1183 11070 15
 1184 6633 9
 1185 2944 4
 1186 8820 12
 1187 11010 15
 1188 6597 9
 1189 2196 3
 1190 731 1
 1191 3650 5
 1192 10935 15
 1193 8736 12
 1194 11632 16
 1195 8712 12
 1196 13775 19
 1197 7964 11
 1198 723 1
 1199 3610 5
 1200 7931 11
 1201 8640 12
 1202 14380 20
 1203 4308 6
 1204 717 1
 1205 7876 11
 1206 11440 16
 1207 2142 3
 1208 12834 18
 1209 4272 6
 1210 13509 19
 1211 3550 5
 1212 6381 9
 1213 14160 20
 1214 7070 10
 1215 7766 11
 1216 11280 16
 1217 8448 12
 1218 6327 9
 1219 7722 11
 1220 1402 2
 1221 4200 6
 1222 6990 10
 1223 5584 8
 1224 6970 10
 1225 4176 6
 1226 12510 18
 1227 6940 10
 1228 8316 12
 1229 6920 10
 1230 4146 6
 1231 13110 19
 1232 12402 18
 1233 11696 17
 1234 4122 6
 1235 2744 4
 1236 10960 16
 1237 6156 9
 1238 2049 3
 1239 6820 10
 1240 4086 6
 1241 2720 4
 1242 679 1
 1243 11526 17
 1244 11509 17
 1245 6760 10
 1246 9450 14
 1247 674 1
 1248 8749 13
 1249 2016 3
 1250 8723 13
 1251 3350 5
 1252 4014 6
 1253 7348 11
 1254 4002 6
 1255 2664 4
 1256 11970 18
 1257 3984 6
 1258 12597 19
 1259 12578 19
 1260 661 1
 1261 5280 8
 1262 5272 8
 1263 5264 8
 1264 5256 8
 1265 12464 19
 1266 4585 7
 1267 1962 3
 1268 8489 13
 1269 1304 2
 1270 9765 15
 1271 7800 12
 1272 3894 6
 1273 12960 20
 1274 9705 15
 1275 6460 10
 1276 12255 19
 1277 1288 2
 1278 9002 14
 1279 7704 12
 1280 12820 20
 1281 6400 10
 1282 10863 17
 1283 638 1
 1284 5096 8
 1285 11448 18
 1286 11430 18
 1287 4438 7
 1288 9495 15
 1289 8848 14
 1290 6941 11
 1291 11340 18
 1292 9435 15
 1293 10676 17
 1294 7524 12
 1295 3756 6
 1296 10625 17
 1297 4992 8
 1298 7476 12
 1299 6220 10
 1300 10557 17
 1301 1240 2
 1302 8047 13
 1303 1236 2
 1304 12340 20
 1305 6776 11
 1306 3075 5
 1307 2456 4
 1308 3678 6
 1309 8568 14
 1310 10998 18
 1311 12200 20
 1312 10353 17
 1313 7904 13
 1314 3035 5
 1315 3636 6
 1316 5445 9
 1317 3020 5
 1318 6633 11
 1319 5418 9
 1320 3005 5
 1321 12000 20
 1322 599 1
 1323 8372 14
 1324 11343 19
 1325 4172 7
 1326 1785 3
 1327 1782 3
 1328 10081 17
 1329 11840 20
 1330 9456 16
 1331 590 1
 1332 2945 5
 1333 5292 9
 1334 3522 6
 1335 2930 5
 1336 1755 3
 1337 4672 8
 1338 1749 3
 1339 7566 13
 1340 8715 15
 1341 10440 18
 1342 6369 11
 1343 4624 8
 1344 10386 18
 1345 10944 19
 1346 4025 7
 1347 9758 17
 1348 2865 5
 1349 9152 16
 1350 9136 16
 1351 1140 2
 1352 2276 4
 1353 11360 20
 1354 11340 20
 1355 566 1
 1356 565 1
 1357 3948 7
 1358 1689 3
 1359 6182 11
 1360 6171 11
 1361 11200 20
 1362 6149 11
 1363 3348 6
 1364 1114 2
 1365 10564 19
 1366 9435 17
 1367 1662 3
 1368 6083 11
 1369 2208 4
 1370 11020 20
 1371 3850 7
 1372 6588 12
 1373 548 1
 1374 7658 14
 1375 3822 7
 1376 6540 12
 1377 1632 3
 1378 4344 8
 1379 7046 13
 1380 3246 6
 1381 2700 5
 1382 3234 6
 1383 4842 9
 1384 8592 16
 1385 8040 15
 1386 535 1
 1387 9612 18
 1388 8528 16
 1389 4256 8
 1390 5310 10
 1391 5300 10
 1392 6348 12
 1393 4224 8
 1394 1581 3
 1395 526 1
 1396 5775 11
 1397 2096 4
 1398 7322 14
 1399 1044 2
 1400 2084 4
 1401 2600 5
 1402 7785 15
 1403 2072 4
 1404 2585 5
 1405 2580 5
 1406 6695 13
 1407 4626 9
 1408 4617 9
 1409 8704 17
 1410 7154 14
 1411 3060 6
 1412 6108 12
 1413 2032 4
 1414 6084 12
 1415 9108 18
 1416 3030 6
 1417 4536 9
 1418 8551 17
 1419 10040 20
 1420 5511 11
 1421 10000 20
 1422 9980 20
 1423 4980 10
 1424 9940 20
 1425 7936 16
 1426 1485 3
 1427 9880 20
 1428 1972 4
 1429 6888 14
 1430 4419 9
 1431 7840 16
 1432 2445 5
 1433 6344 13
 1434 9740 20
 1435 5346 11
 1436 485 1
 1437 8228 17
 1438 483 1
 1439 5784 12
 1440 481 1
 1441 6720 14
 1442 479 1
 1443 2390 5
 1444 1431 3
 1445 1904 4
 1446 7600 16
 1447 2370 5
 1448 6622 14
 1449 5192 11
 1450 1884 4
 1451 7990 17
 1452 3752 8
 1453 8424 18
 1454 4670 10
 1455 3262 7
 1456 465 1
 1457 5568 12
 1458 926 2
 1459 8778 19
 1460 7376 16
 1461 2300 5
 1462 6885 15
 1463 5954 13
 1464 9140 20
 1465 6384 14
 1466 2730 6
 1467 2270 5
 1468 5436 12
 1469 8588 19
 1470 1804 4
 1471 1800 4
 1472 7633 17
 1473 1344 3
 1474 4470 10
 1475 2676 6
 1476 5785 13
 1477 4884 11
 1478 2215 5
 1479 2652 6
 1480 2205 5
 1481 3960 9
 1482 3073 7
 1483 876 2
 1484 3059 7
 1485 2180 5
 1486 6960 16
 1487 2170 5
 1488 3897 9
 1489 4752 11
 1490 8620 20
 1491 1290 3
 1492 4719 11
 1493 428 1
 1494 1281 3
 1495 5964 14
 1496 7650 18
 1497 8056 19
 1498 1269 3
 1499 5908 14
 1500 2105 5
 1501 7980 19
 1502 419 1
 1503 6270 15
 1504 1668 4
 1505 8320 20
 1506 6640 16
 1507 1242 3
 1508 8260 20
 1509 412 1
 1510 2055 5
 1511 5330 13
 1512 4908 12
 1513 7344 18
 1514 8140 20
 1515 3654 9
 1516 2025 5
 1517 4040 10
 1518 8060 20
 1519 4824 12
 1520 4010 10
 1521 8000 20
 1522 3591 9
 1523 3980 10
 1524 3970 10
 1525 3564 9
 1526 5925 15
 1527 3940 10
 1528 5502 14
 1529 7840 20
 1530 1955 5
 1531 3120 8
 1532 5057 13
 1533 4656 12
 1534 5418 14
 1535 4632 12
 1536 6160 16
 1537 384 1
 1538 6128 16
 1539 7640 20
 1540 1524 4
 1541 1520 4
 1542 7201 19
 1543 6048 16
 1544 3016 8
 1545 2632 7
 1546 4875 13
 1547 7480 20
 1548 2984 8
 1549 744 2
 1550 371 1
 1551 6660 18
 1552 4428 12
 1553 4048 11
 1554 1468 4
 1555 4392 12
 1556 1095 3
 1557 3276 9
 1558 6171 17
 1559 3982 11
 1560 3610 10
 1561 3240 9
 1562 4667 13
 1563 5012 14
 1564 1428 4
 1565 5340 15
 1566 710 2
 1567 2478 7
 1568 2118 6
 1569 4928 14
 1570 2106 6
 1571 2800 8
 1572 5584 16
 1573 2436 7
 1574 2776 8
 1575 4844 14
 1576 3795 11
 1577 344 1
 1578 343 1
 1579 1026 3
 1580 3069 9
 1581 2380 7
 1582 5085 15
 1583 2704 8
 1584 2696 8
 1585 5040 15
 1586 3350 10
 1587 2672 8
 1588 6327 19
 1589 996 3
 1590 1655 5
 1591 1980 6
 1592 6251 19
 1593 6232 19
 1594 5232 16
 1595 3912 12
 1596 6500 20
 1597 6156 19
 1598 2584 8
 1599 5474 17
 1600 1284 4
 1601 2880 9
 1602 957 3
 1603 5088 16
 1604 3487 11
 1605 3476 11
 1606 4410 14
 1607 4082 13
 1608 3443 11
 1609 936 3
 1610 1555 5
 1611 2480 8
 1612 3708 12
 1613 1232 4
 1614 3070 10
 1615 5508 18
 1616 3660 12
 1617 5472 18
 1618 1212 4
 1619 1812 6
 1620 6020 20
 1621 1800 6
 1622 2990 10
 1623 2086 7
 1624 2970 10
 1625 296 1
 1626 5605 19
 1627 1176 4
 1628 2051 7
 1629 2628 9
 1630 3201 11
 1631 1160 4
 1632 5780 20
 1633 2880 10
 1634 3444 12
 1635 3432 12
 1636 4845 17
 1637 3408 12
 1638 5094 18
 1639 3384 12
 1640 1124 4
 1641 1680 6
 1642 5022 18
 1643 1668 6
 1644 3047 11
 1645 4692 17
 1646 1100 4
 1647 4384 16
 1648 819 3
 1649 1088 4
 1650 4336 16
 1651 4860 18
 1652 538 2
 1653 4020 15
 1654 3204 12
 1655 5054 19
 1656 5035 19
 1657 4752 18
 1658 1841 7
 1659 4192 16
 1660 261 1
 1661 2600 10
 1662 3626 14
 1663 4644 18
 1664 2056 8
 1665 3840 15
 1666 765 3
 1667 5080 20
 1668 2783 11
 1669 4284 17
 1670 4518 18
 1671 3250 13
 1672 4731 19
 1673 1240 5
 1674 2964 12
 1675 2460 10
 1676 1225 5
 1677 976 4
 1678 4860 20
 1679 484 2
 1680 2169 9
 1681 1920 8
 1682 3346 14
 1683 238 1
 1684 4266 18
 1685 2360 10
 1686 2585 11
 1687 3510 15
 1688 3495 15
 1689 1624 7
 1690 2772 12
 1691 3680 16
 1692 916 4
 1693 2052 9
 1694 1362 6
 1695 4520 20
 1696 2925 13
 1697 672 3
 1698 2007 9
 1699 1998 9
 1700 2652 12
 1701 440 2
 1702 876 4
 1703 3270 15
 1704 4123 19
 1705 2808 13
 1706 3870 18
 1707 4066 19
 1708 3621 17
 1709 1908 9
 1710 2954 14
 1711 2310 11
 1712 209 1
 1713 1872 9
 1714 3933 19
 1715 3708 18
 1716 3075 15
 1717 1224 6
 1718 203 1
 1719 3636 18
 1720 1608 8
 1721 3600 18
 1722 2587 13
 1723 3168 16
 1724 1970 10
 1725 3724 19
 1726 780 4
 1727 3880 20
 1728 1737 9
 1729 576 3
 1730 2101 11
 1731 2280 12
 1732 378 2
 1733 3196 17
 1734 2805 15
 1735 3534 19
 1736 3700 20
 1737 368 2
 1738 2928 16
 1739 2366 13
 1740 2715 15
 1741 2880 16
 1742 1253 7
 1743 356 2
 1744 3540 20
 1745 176 1
 1746 2275 13
 1747 2958 17
 1748 3114 18
 1749 2580 15
 1750 513 3
 1751 1360 8
 1752 3380 20
 1753 504 3
 1754 835 5
 1755 2656 16
 1756 990 6
 1757 2952 18
 1758 163 1
 1759 2106 13
 1760 1610 10
 1761 1440 9
 1762 1431 9
 1763 1738 11
 1764 1884 12
 1765 2808 18
 1766 2015 13
 1767 2310 15
 1768 2601 17
 1769 456 3
 1770 2265 15
 1771 150 1
 1772 2533 17
 1773 1036 7
 1774 2793 19
 1775 2628 18
 1776 435 3
 1777 1296 9
 1778 1716 12
 1779 994 7
 1780 1974 14
 1781 1260 9
 1782 1251 9
 1783 276 2
 1784 959 7
 1785 2448 18
 1786 2025 15
 1787 536 4
 1788 532 4
 1789 132 1
 1790 393 3
 1791 1950 15
 1792 1935 15
 1793 640 5
 1794 2540 20
 1795 2016 16
 1796 2125 17
 1797 1984 16
 1798 1353 11
 1799 1708 14
 1800 605 5
 1801 1800 15
 1802 1547 13
 1803 826 7
 1804 1755 15
 1805 580 5
 1806 1495 13
 1807 1824 16
 1808 904 8
 1809 560 5
 1810 222 2
 1811 330 3
 1812 1526 14
 1813 1512 14
 1814 1926 18
 1815 212 2
 1816 1680 16
 1817 416 4
 1818 1339 13
 1819 1632 16
 1820 707 7
 1821 400 4
 1822 396 4
 1823 1078 11
 1824 1358 14
 1825 384 4
 1826 570 6
 1827 1128 12
 1828 186 2
 1829 1104 12
 1830 728 8
 1831 1080 12
 1832 89 1
 1833 440 5
 1834 696 8
 1835 1204 14
 1836 1530 18
 1837 1680 20
 1838 83 1
 1839 984 12
 1840 972 12
 1841 560 7
 1842 1343 17
 1843 858 11
 1844 539 7
 1845 684 9
 1846 375 5
 1847 1258 17
 1848 1314 18
 1849 288 4
 1850 781 11
 1851 980 14
 1852 1242 18
 1853 1224 18
 1854 201 3
 1855 990 15
 1856 1040 16
 1857 960 15
 1858 882 14
 1859 682 11
 1860 671 11
 1861 180 3
 1862 649 11
 1863 1044 18
 1864 342 6
 1865 112 2
 1866 275 5
 1867 702 13
 1868 795 15
 1869 676 13
 1870 816 16
 1871 200 4
 1872 392 8
 1873 960 20
 1874 658 14
 1875 874 19
 1876 720 16
 1877 440 10
 1878 387 9
 1879 588 14
 1880 779 19
 1881 760 19
 1882 195 5
 1883 114 3
 1884 555 15
 1885 648 18
 1886 35 1
 1887 408 12
 1888 660 20
 1889 256 8
 1890 496 16
 1891 360 12
 1892 522 18
 1893 28 1
 1894 297 11
 1895 312 12
 1896 125 5
 1897 384 16
 1898 299 13
 1899 440 20
 1900 336 16
 1901 280 14
 1902 19 1
 1903 234 13
 1904 102 6
 1905 144 9
 1906 30 2
 1907 70 5
 1908 104 8
 1909 192 16
 1910 154 14
 1911 180 18
 1912 81 9
 1913 80 10
 1914 35 5
 1915 54 9
 1916 20 4
 1917 68 17
 1918 15 5
 1919 32 16
 1920 2 2
5760