205
 1 205 1
 2 1632 8
 3 1015 5
 4 2828 14
 5 3819 19
 6 1600 8
 7 3184 16
 8 396 2
 9 1182 6
 10 588 3
 11 1950 10
 12 1940 10
 13 386 2
 14 3648 19
 15 2101 11
 16 1520 8
 17 3780 20
 18 1692 9
 19 3740 20
 20 744 4
 21 2220 12
 22 1840 10
 23 732 4
 24 1274 7
 25 1267 7
 26 3060 17
 27 3222 18
 28 356 2
 29 708 4
 30 2288 13
 31 1750 10
 32 2262 13
 33 1557 9
 34 516 3
 35 1881 11
 36 1530 9
 37 1014 6
 38 2520 15
 39 2505 15
 40 2656 16
 41 1320 8
 42 1968 12
 43 2934 18
 44 2916 18
 45 161 1
 46 1760 11
 47 795 5
 48 474 3
 49 2826 18
 50 1404 9
 51 2015 13
 52 2002 13
 53 1683 11
 54 1976 13
 55 1057 7
 56 1800 12
 57 745 5
 58 2812 19
 59 2646 18
 60 1606 11
 61 1160 8
 62 720 5
 63 715 5
 64 2272 16
 65 705 5
 66 420 3
 67 695 5
 68 414 3
 69 411 3
 70 1224 9
 71 1350 10
 72 2010 15
 73 266 2
 74 132 1
 75 2358 18
 76 2470 19
 77 774 6
 78 2432 19
 79 889 7
 80 2268 18
 81 1375 11
 82 744 6
 83 738 6
 84 122 1
 85 1694 14
 86 1800 15
 87 1547 13
 88 944 8
 89 2223 19
 90 928 8
 91 1380 12
 92 798 7
 93 226 2
 94 896 8
 95 333 3
 96 1650 15
 97 1744 16
 98 1728 16
 99 321 3
 100 1060 10
 101 105 1
 102 208 2
 103 618 6
 104 1530 15
 105 1212 12
 106 1900 19
 107 1683 17
 108 1274 13
 109 1552 16
 110 1728 18
 111 1520 16
 112 470 5
 113 186 2
 114 460 5
 115 1638 18
 116 540 6
 117 1335 15
 118 880 10
 119 261 3
 120 1548 18
 121 765 9
 122 672 8
 123 166 2
 124 574 7
 125 81 1
 126 1520 19
 127 474 6
 128 858 11
 129 77 1
 130 152 2
 131 1350 18
 132 444 6
 133 949 13
 134 1296 18
 135 1278 18
 136 1260 18
 137 1104 16
 138 476 7
 139 871 13
 140 792 12
 141 1235 19
 142 384 6
 143 189 3
 144 1240 20
 145 1220 20
 146 600 10
 147 413 7
 148 696 12
 149 684 12
 150 560 10
 151 990 18
 152 1026 19
 153 1060 20
 154 780 15
 155 612 12
 156 950 19
 157 294 6
 158 672 14
 159 47 1
 160 506 11
 161 720 16
 162 704 16
 163 559 13
 164 294 7
 165 656 16
 166 760 19
 167 702 18
 168 532 14
 169 555 15
 170 684 19
 171 455 13
 172 544 16
 173 660 20
 174 192 6
 175 310 10
 176 120 4
 177 174 6
 178 140 5
 179 54 2
 180 520 20
 181 400 16
 182 288 12
 183 437 19
 184 308 14
 185 147 7
 186 160 8
 187 266 14
 188 306 17
 189 187 11
 190 48 3
 191 30 2
 192 84 6
 193 234 18
 194 108 9
 195 187 17
 196 40 4
 197 54 6
 198 160 20
 199 112 16
 200 114 19
 201 10 2
 202 48 12
 203 6 2
 204 30 15
 205 17 17
410