236
 1 4248 18
 2 4700 20
 3 2340 10
 4 932 4
 5 4176 18
 6 924 4
 7 1380 6
 8 4122 18
 9 4104 18
 10 2497 11
 11 4068 18
 12 1575 7
 13 2240 10
 14 1338 6
 15 2886 13
 16 3315 15
 17 4400 20
 18 1095 5
 19 654 3
 20 217 1
 21 3456 16
 22 3225 15
 23 4066 19
 24 2769 13
 25 1696 8
 26 3165 15
 27 3570 17
 28 2926 14
 29 3952 19
 30 2691 13
 31 4120 20
 32 3485 17
 33 2040 10
 34 1827 9
 35 1212 6
 36 2613 13
 37 3600 18
 38 1990 10
 39 3564 18
 40 2561 13
 41 2156 11
 42 3900 20
 43 3104 16
 44 3474 18
 45 3072 16
 46 573 3
 47 3230 17
 48 567 3
 49 1880 10
 50 3179 17
 51 2604 14
 52 3330 18
 53 1840 10
 54 3294 18
 55 546 3
 56 362 2
 57 1620 9
 58 2506 14
 59 2314 13
 60 1062 6
 61 1232 7
 62 2800 16
 63 870 5
 64 2076 12
 65 1720 10
 66 171 1
 67 340 2
 68 1014 6
 69 3360 20
 70 167 1
 71 1660 10
 72 3300 20
 73 2952 18
 74 2771 17
 75 1296 8
 76 161 1
 77 800 5
 78 2385 15
 79 1106 7
 80 1884 12
 81 1872 12
 82 2635 17
 83 154 1
 84 2907 19
 85 2736 18
 86 2567 17
 87 1650 11
 88 2086 14
 89 1776 12
 90 2352 16
 91 2774 19
 92 290 2
 93 2592 18
 94 1144 8
 95 1846 13
 96 987 7
 97 1960 14
 98 1946 14
 99 138 1
 100 1370 10
 101 952 7
 102 1485 11
 103 1608 12
 104 2128 16
 105 2112 16
 106 1179 9
 107 2600 20
 108 387 3
 109 1920 15
 110 508 4
 111 2142 17
 112 1000 8
 113 496 4
 114 2091 17
 115 122 1
 116 1694 14
 117 2400 20
 118 595 5
 119 1534 13
 120 819 7
 121 1856 16
 122 460 4
 123 1140 10
 124 2034 18
 125 1120 10
 126 1887 17
 127 990 9
 128 763 7
 129 648 6
 130 1070 10
 131 106 1
 132 1470 14
 133 1248 12
 134 721 7
 135 1122 11
 136 1212 12
 137 1300 13
 138 1089 11
 139 294 3
 140 194 2
 141 96 1
 142 1045 11
 143 846 9
 144 1674 18
 145 552 6
 146 1547 17
 147 1710 19
 148 267 3
 149 1496 17
 150 870 10
 151 1548 18
 152 680 8
 153 1176 14
 154 1328 16
 155 492 6
 156 1296 16
 157 1520 19
 158 316 4
 159 1482 19
 160 539 7
 161 912 12
 162 75 1
 163 296 4
 164 1387 19
 165 936 13
 166 923 13
 167 280 4
 168 69 1
 169 408 6
 170 1139 17
 171 858 13
 172 780 12
 173 1152 18
 174 441 7
 175 868 14
 176 1159 19
 177 1140 19
 178 413 7
 179 290 5
 180 57 1
 181 1120 20
 182 275 5
 183 540 10
 184 159 3
 185 520 10
 186 612 12
 187 350 7
 188 343 7
 189 144 3
 190 47 1
 191 92 2
 192 855 19
 193 880 20
 194 430 10
 195 672 16
 196 574 14
 197 400 10
 198 741 19
 199 760 20
 200 740 20
 201 108 3
 202 630 18
 203 442 13
 204 495 15
 205 608 19
 206 93 3
 207 450 15
 208 261 9
 209 308 11
 210 459 17
 211 208 8
 212 350 14
 213 480 20
 214 138 6
 215 132 6
 216 42 2
 217 60 3
 218 228 12
 219 36 2
 220 68 4
 221 48 3
 222 135 9
 223 140 10
 224 260 20
 225 36 3
 226 55 5
 227 200 20
 228 18 2
 229 24 3
 230 112 16
 231 84 14
 232 35 7
 233 68 17
 234 39 13
 235 30 15
 236 19 19
4012