271
 1 1897 7
 2 2160 8
 3 2152 8
 4 1072 4
 5 1335 5
 6 3192 12
 7 1060 4
 8 5016 19
 9 3682 14
 10 4716 18
 11 3915 15
 12 1300 5
 13 5180 20
 14 1806 7
 15 2056 8
 16 4864 19
 17 510 2
 18 5080 20
 19 3036 12
 20 3024 12
 21 1506 6
 22 4250 17
 23 1992 8
 24 4712 19
 25 741 3
 26 2460 10
 27 4900 20
 28 4636 19
 29 486 2
 30 3388 14
 31 3133 13
 32 2160 9
 33 3346 14
 34 952 4
 35 948 4
 36 4012 17
 37 705 3
 38 702 3
 39 3495 15
 40 4640 20
 41 3696 16
 42 690 3
 43 229 1
 44 1596 7
 45 2724 12
 46 2938 13
 47 1800 8
 48 2688 12
 49 4460 20
 50 888 4
 51 1989 9
 52 4180 19
 53 4380 20
 54 3924 18
 55 3038 14
 56 3672 17
 57 4300 20
 58 2782 13
 59 1491 7
 60 3392 16
 61 1266 6
 62 3360 16
 63 3553 17
 64 2912 14
 65 2277 11
 66 1030 5
 67 3690 18
 68 3468 17
 69 4060 20
 70 202 1
 71 603 3
 72 2000 10
 73 2985 15
 74 2970 15
 75 1379 7
 76 2940 15
 77 780 4
 78 3492 18
 79 2702 14
 80 2112 11
 81 3247 17
 82 2660 14
 83 567 3
 84 3760 20
 85 1683 9
 86 1860 10
 87 2960 16
 88 2760 15
 89 3477 19
 90 546 3
 91 2534 14
 92 1260 7
 93 179 1
 94 1246 7
 95 2124 12
 96 2464 14
 97 1400 8
 98 3132 18
 99 1557 9
 100 3440 20
 101 2565 15
 102 1700 10
 103 1183 7
 104 1176 7
 105 1670 10
 106 332 2
 107 1650 10
 108 328 2
 109 3097 19
 110 1458 9
 111 1127 7
 112 320 2
 113 1431 9
 114 1580 10
 115 2826 18
 116 1248 8
 117 2170 14
 118 462 3
 119 2754 18
 120 760 5
 121 151 1
 122 2400 16
 123 596 4
 124 888 6
 125 1176 8
 126 1752 12
 127 1885 13
 128 2448 17
 129 2288 16
 130 710 5
 131 141 1
 132 2380 17
 133 2641 19
 134 1518 11
 135 1507 11
 136 408 3
 137 2700 20
 138 804 6
 139 532 4
 140 528 4
 141 917 7
 142 130 1
 143 129 1
 144 1920 15
 145 254 2
 146 1386 11
 147 500 4
 148 1240 10
 149 492 4
 150 1586 13
 151 726 6
 152 1800 15
 153 1428 12
 154 1770 15
 155 117 1
 156 1856 16
 157 1495 13
 158 1824 16
 159 1808 16
 160 1792 16
 161 444 4
 162 2090 19
 163 981 9
 164 1512 14
 165 1605 15
 166 318 3
 167 735 7
 168 1976 19
 169 1751 17
 170 612 6
 171 1515 15
 172 900 9
 173 1683 17
 174 98 1
 175 582 6
 176 1536 16
 177 1140 12
 178 1504 16
 179 1209 13
 180 1472 16
 181 182 2
 182 900 10
 183 267 3
 184 176 2
 185 696 8
 186 1462 17
 187 850 10
 188 1092 13
 189 664 8
 190 492 6
 191 1620 20
 192 240 3
 193 395 5
 194 624 8
 195 539 7
 196 1064 14
 197 825 11
 198 222 3
 199 949 13
 200 576 8
 201 284 4
 202 70 1
 203 621 9
 204 1088 16
 205 603 9
 206 924 14
 207 650 10
 208 896 14
 209 756 12
 210 1240 20
 211 1220 20
 212 480 8
 213 590 10
 214 406 7
 215 399 7
 216 616 11
 217 825 15
 218 378 7
 219 795 15
 220 988 19
 221 408 8
 222 450 9
 223 98 2
 224 240 5
 225 376 8
 226 230 5
 227 45 1
 228 836 19
 229 344 8
 230 462 11
 231 82 2
 232 160 4
 233 429 11
 234 456 12
 235 111 3
 236 252 7
 237 175 5
 238 612 18
 239 231 7
 240 576 18
 241 372 12
 242 360 12
 243 203 7
 244 224 8
 245 270 10
 246 156 6
 247 150 6
 248 336 14
 249 207 9
 250 44 2
 251 21 1
 252 380 19
 253 76 4
 254 216 12
 255 204 12
 256 16 1
 257 135 9
 258 140 10
 259 169 13
 260 72 6
 261 132 12
 262 140 14
 263 144 16
 264 8 1
 265 91 13
 266 90 15
 267 5 1
 268 56 14
 269 9 3
 270 26 13
 271 14 14
1897