2922
 1 32142 11
 2 23368 8
 3 49640 17
 4 8757 3
 5 37934 13
 6 32087 11
 7 23328 8
 8 8745 3
 9 2914 1
 10 43695 15
 11 17472 6
 12 58220 20
 13 49470 17
 14 20363 7
 15 26172 9
 16 5814 2
 17 40684 14
 18 23240 8
 19 40656 14
 20 55157 19
 21 55138 19
 22 46416 16
 23 14500 5
 24 40586 14
 25 11592 4
 26 49249 17
 27 8688 3
 28 26055 9
 29 31834 11
 30 34716 12
 31 2892 1
 32 40474 14
 33 28900 10
 34 34668 12
 35 46208 16
 36 8661 3
 37 17316 6
 38 11540 4
 39 5768 2
 40 34596 12
 41 20174 7
 42 28810 10
 43 2880 1
 44 46064 16
 45 2878 1
 46 57540 20
 47 46016 16
 48 48875 17
 49 20118 7
 50 22984 8
 51 14360 5
 52 2871 1
 53 40180 14
 54 25821 9
 55 45888 16
 56 11468 4
 57 25794 9
 58 37245 13
 59 25776 9
 60 48671 17
 61 22896 8
 62 14305 5
 63 37180 13
 64 22872 8
 65 2858 1
 66 8571 3
 67 8568 3
 68 28550 10
 69 31394 11
 70 8559 3
 71 8556 3
 72 37063 13
 73 19950 7
 74 8547 3
 75 56960 20
 76 51246 18
 77 8538 3
 78 14225 5
 79 45504 16
 80 28430 10
 81 42630 15
 82 19887 7
 83 25560 9
 84 5678 2
 85 34056 12
 86 42555 15
 87 25524 9
 88 14175 5
 89 28340 10
 90 28330 10
 91 19824 7
 92 28310 10
 93 11320 4
 94 56580 20
 95 14140 5
 96 8481 3
 97 45216 16
 98 5650 2
 99 42360 15
 100 31053 11
 101 53618 19
 102 14105 5
 103 25380 9
 104 53561 19
 105 36634 13
 106 47889 17
 107 33792 12
 108 36595 13
 109 22512 8
 110 11252 4
 111 50616 18
 112 19677 7
 113 22480 8
 114 47753 17
 115 25272 9
 116 56140 20
 117 30866 11
 118 44880 16
 119 53276 19
 120 30833 11
 121 22416 8
 122 56020 20
 123 19600 7
 124 11196 4
 125 5596 2
 126 19579 7
 127 5592 2
 128 22360 8
 129 22352 8
 130 50274 18
 131 11168 4
 132 27910 10
 133 50220 18
 134 47413 17
 135 16728 6
 136 44592 16
 137 8358 3
 138 30635 11
 139 27840 10
 140 16698 6
 141 2782 1
 142 55620 20
 143 52820 19
 144 55580 20
 145 41670 15
 146 33324 12
 147 41640 15
 148 16650 6
 149 38836 14
 150 38822 14
 151 49896 18
 152 19397 7
 153 36010 13
 154 52611 19
 155 30448 11
 156 55340 20
 157 33192 12
 158 41475 15
 159 55280 20
 160 2763 1
 161 8286 3
 162 8283 3
 163 33120 12
 164 8277 3
 165 5516 2
 166 33084 12
 167 49608 18
 168 46835 17
 169 27540 10
 170 55060 20
 171 13760 5
 172 46767 17
 173 27500 10
 174 46733 17
 175 24732 9
 176 10988 4
 177 32952 12
 178 24705 9
 179 46648 17
 180 13715 5
 181 8226 3
 182 19187 7
 183 30140 11
 184 21912 8
 185 21904 8
 186 35581 13
 187 21888 8
 188 10940 4
 189 10936 4
 190 13665 5
 191 27320 10
 192 49158 18
 193 51870 19
 194 40935 15
 195 46376 17
 196 27270 10
 197 8178 3
 198 35425 13
 199 2724 1
 200 2723 1
 201 43552 16
 202 54420 20
 203 43520 16
 204 40785 15
 205 43488 16
 206 10868 4
 207 10864 4
 208 10860 4
 209 27140 10
 210 16278 6
 211 43392 16
 212 37954 14
 213 51490 19
 214 40635 15
 215 2708 1
 216 29777 11
 217 40590 15
 218 29755 11
 219 24336 9
 220 2703 1
 221 40530 15
 222 35113 13
 223 13500 5
 224 51281 19
 225 51262 19
 226 16182 6
 227 43136 16
 228 43120 16
 229 53880 20
 230 18851 7
 231 45764 17
 232 51129 19
 233 24210 9
 234 51091 19
 235 26880 10
 236 13435 5
 237 21488 8
 238 48330 18
 239 48312 18
 240 42928 16
 241 13410 5
 242 2681 1
 243 29480 11
 244 24111 9
 245 53560 20
 246 26770 10
 247 18732 7
 248 29425 11
 249 8022 3
 250 2673 1
 251 48096 18
 252 34723 13
 253 5340 2
 254 42704 16
 255 2668 1
 256 16002 6
 257 21328 8
 258 21320 8
 259 39960 15
 260 39945 15
 261 34606 13
 262 21288 8
 263 53200 20
 264 21272 8
 265 31896 12
 266 15942 6
 267 18592 7
 268 10620 4
 269 47772 18
 270 39795 15
 271 29172 11
 272 13255 5
 273 21200 8
 274 15894 6
 275 50312 19
 276 21176 8
 277 5292 2
 278 29095 11
 279 13220 5
 280 47574 18
 281 31704 12
 282 18487 7
 283 36960 14
 284 42224 16
 285 21104 8
 286 7911 3
 287 31632 12
 288 7905 3
 289 26340 10
 290 34229 13
 291 13160 5
 292 42096 16
 293 49970 19
 294 23661 9
 295 18396 7
 296 28897 11
 297 7878 3
 298 52500 20
 299 52480 20
 300 47214 18
 301 52440 20
 302 2621 1
 303 13100 5
 304 47142 18
 305 23562 9
 306 15702 6
 307 23544 9
 308 5230 2
 309 47052 18
 310 2613 1
 311 44404 17
 312 46998 18
 313 31320 12
 314 52180 20
 315 52160 20
 316 39105 15
 317 7818 3
 318 5210 2
 319 41664 16
 320 44251 17
 321 7806 3
 322 28611 11
 323 26000 10
 324 28589 11
 325 31176 12
 326 15582 6
 327 51920 20
 328 49305 19
 329 38910 15
 330 38895 15
 331 5184 2
 332 12955 5
 333 44030 17
 334 23301 9
 335 5176 2
 336 49153 19
 337 28446 11
 338 5170 2
 339 49096 19
 340 49077 19
 341 20656 8
 342 33553 13
 343 41280 16
 344 15474 6
 345 20624 8
 346 41232 16
 347 38640 15
 348 48925 19
 349 33462 13
 350 12865 5
 351 25720 10
 352 46278 18
 353 7710 3
 354 25690 10
 355 43656 17
 356 20536 8
 357 33358 13
 358 10260 4
 359 35896 14
 360 51260 20
 361 43554 17
 362 30732 12
 363 28160 11
 364 17913 7
 365 20464 8
 366 5114 2
 367 15336 6
 368 45990 18
 369 25540 10
 370 17871 7
 371 22968 9
 372 22959 9
 373 28050 11
 374 40784 16
 375 30576 12
 376 20376 8
 377 22914 9
 378 38175 15
 379 27984 11
 380 45774 18
 381 7626 3
 382 40656 16
 383 7620 3
 384 22851 9
 385 32994 13
 386 17759 7
 387 12680 5
 388 25350 10
 389 17738 7
 390 5066 2
 391 2532 1
 392 2531 1
 393 45540 18
 394 32877 13
 395 12640 5
 396 40432 16
 397 47994 19
 398 50500 20
 399 47956 19
 400 50460 20
 401 32786 13
 402 50420 20
 403 35280 14
 404 7557 3
 405 10072 4
 406 25170 10
 407 15096 6
 408 30180 12
 409 45252 18
 410 27643 11
 411 37680 15
 412 30132 12
 413 5020 2
 414 15054 6
 415 35112 14
 416 50140 20
 417 5012 2
 418 15030 6
 419 5008 2
 420 40048 16
 421 30024 12
 422 47519 19
 423 20000 8
 424 22491 9
 425 4996 2
 426 17479 7
 427 27456 11
 428 14970 6
 429 34916 14
 430 17451 7
 431 29904 12
 432 39856 16
 433 4980 2
 434 39824 16
 435 32344 13
 436 34818 14
 437 4972 2
 438 4970 2
 439 14904 6
 440 9932 4
 441 34748 14
 442 9924 4
 443 14880 6
 444 44622 18
 445 47082 19
 446 37155 15
 447 19808 8
 448 29700 12
 449 9896 4
 450 19784 8
 451 32136 13
 452 12355 5
 453 32110 13
 454 19752 8
 455 9872 4
 456 49340 20
 457 29592 12
 458 27115 11
 459 46816 19
 460 7389 3
 461 7386 3
 462 19688 8
 463 2460 1
 464 29508 12
 465 4916 2
 466 24570 10
 467 49120 20
 468 2455 1
 469 17178 7
 470 19624 8
 471 17164 7
 472 39216 16
 473 34300 14
 474 24490 10
 475 22032 9
 476 22023 9
 477 9784 4
 478 24450 10
 479 26884 11
 480 12215 5
 481 36630 15
 482 46379 19
 483 9760 4
 484 41463 17
 485 26818 11
 486 24370 10
 487 26796 11
 488 34090 14
 489 34076 14
 490 9732 4
 491 46208 19
 492 41327 17
 493 19440 8
 494 7287 3
 495 38848 16
 496 16989 7
 497 4852 2
 498 24250 10
 499 16968 7
 500 46037 19
 501 14532 6
 502 31473 13
 503 33880 14
 504 31447 13
 505 14508 6
 506 2417 1
 507 16912 7
 508 2415 1
 509 48280 20
 510 43434 18
 511 12060 5
 512 45809 19
 513 14460 6
 514 24090 10
 515 26488 11
 516 21663 9
 517 19248 8
 518 36075 15
 519 24040 10
 520 48060 20
 521 38432 16
 522 33614 14
 523 4800 2
 524 45581 19
 525 14388 6
 526 16779 7
 527 4792 2
 528 40715 17
 529 23940 10
 530 7179 3
 531 38272 16
 532 19128 8
 533 47800 20
 534 33446 14
 535 42984 18
 536 45353 19
 537 21474 9
 538 19080 8
 539 26224 11
 540 40511 17
 541 23820 10
 542 23810 10
 543 2380 1
 544 40443 17
 545 9512 4
 546 2377 1
 547 21384 9
 548 7125 3
 549 30862 13
 550 35595 15
 551 37952 16
 552 35565 15
 553 37920 16
 554 16583 7
 555 28416 12
 556 9468 4
 557 11830 5
 558 9460 4
 559 28368 12
 560 25993 11
 561 23620 10
 562 14166 6
 563 35400 15
 564 18872 8
 565 23580 10
 566 11785 5
 567 47120 20
 568 30615 13
 569 9416 4
 570 7059 3
 571 7056 3
 572 11755 5
 573 42300 18
 574 2349 1
 575 35220 15
 576 46940 20
 577 11730 5
 578 44555 19
 579 18752 8
 580 35145 15
 581 35130 15
 582 18728 8
 583 28080 12
 584 30407 13
 585 23380 10
 586 14022 6
 587 21024 9
 588 14010 6
 589 16338 7
 590 16331 7
 591 9328 4
 592 23310 10
 593 46600 20
 594 46580 20
 595 39576 17
 596 6981 3
 597 9304 4
 598 13950 6
 599 18592 8
 600 41814 18
 601 39474 17
 602 16247 7
 603 44080 19
 604 30147 13
 605 6954 3
 606 25487 11
 607 32424 14
 608 27780 12
 609 37024 16
 610 11565 5
 611 36992 16
 612 2311 1
 613 25410 11
 614 30017 13
 615 23080 10
 616 39219 17
 617 6918 3
 618 27660 12
 619 9216 4
 620 18424 8
 621 9208 4
 622 20709 9
 623 2300 1
 624 34485 15
 625 29874 13
 626 22970 10
 627 41328 18
 628 18360 8
 629 43586 19
 630 9172 4
 631 13752 6
 632 41238 18
 633 11450 5
 634 45780 20
 635 27456 12
 636 16009 7
 637 38862 17
 638 4570 2
 639 41112 18
 640 38811 17
 641 4564 2
 642 36496 16
 643 27360 12
 644 15953 7
 645 13668 6
 646 40986 18
 647 34140 15
 648 20475 9
 649 31836 14
 650 9092 4
 651 40896 18
 652 24981 11
 653 29510 13
 654 31766 14
 655 18144 8
 656 36272 16
 657 13596 6
 658 22650 10
 659 13584 6
 660 42997 19
 661 42978 19
 662 20349 9
 663 2260 1
 664 36144 16
 665 33870 15
 666 4514 2
 667 4512 2
 668 24805 11
 669 2254 1
 670 13518 6
 671 33780 15
 672 36016 16
 673 36000 16
 674 38233 17
 675 42712 19
 676 15729 7
 677 31444 14
 678 29185 13
 679 31416 14
 680 6729 3
 681 2242 1
 682 44820 20
 683 35840 16
 684 13434 6
 685 15666 7
 686 31318 14
 687 44720 20
 688 33525 15
 689 13404 6
 690 33495 15
 691 26784 12
 692 40158 18
 693 22300 10
 694 4458 2
 695 13368 6
 696 6681 3
 697 6678 3
 698 13350 6
 699 37808 17
 700 28899 13
 701 17776 8
 702 8884 4
 703 33300 15
 704 39942 18
 705 17744 8
 706 42123 19
 707 26592 12
 708 35440 16
 709 28782 13
 710 33195 15
 711 11060 5
 712 4422 2
 713 4420 2
 714 11045 5
 715 35328 16
 716 8828 4
 717 24266 11
 718 11025 5
 719 6612 3
 720 39654 18
 721 4404 2
 722 41819 19
 723 8800 4
 724 39582 18
 725 28574 13
 726 28561 13
 727 43920 20
 728 28535 13
 729 2194 1
 730 19737 9
 731 13152 6
 732 8764 4
 733 41610 19
 734 26268 12
 735 43760 20
 736 32805 15
 737 30604 14
 738 4370 2
 739 39312 18
 740 21830 10
 741 19638 9
 742 10905 5
 743 21800 10
 744 8716 4
 745 2178 1
 746 6531 3
 747 13056 6
 748 15225 7
 749 30436 14
 750 26076 12
 751 8688 4
 752 4342 2
 753 39060 18
 754 4338 2
 755 8672 4
 756 43340 20
 757 19494 9
 758 12990 6
 759 6492 3
 760 36771 17
 761 23782 11
 762 34576 16
 763 21600 10
 764 8636 4
 765 23738 11
 766 8628 4
 767 25872 12
 768 38790 18
 769 40926 19
 770 17224 8
 771 19368 9
 772 21510 10
 773 2150 1
 774 30086 14
 775 23628 11
 776 6441 3
 777 8584 4
 778 36465 17
 779 27872 13
 780 8572 4
 781 27846 13
 782 2141 1
 783 8560 4
 784 38502 18
 785 10690 5
 786 34192 16
 787 17088 8
 788 42700 20
 789 32010 15
 790 27729 13
 791 38376 18
 792 14917 7
 793 42600 20
 794 8516 4
 795 10640 5
 796 36159 17
 797 42520 20
 798 6375 3
 799 38232 18
 800 29722 14
 801 36074 17
 802 8484 4
 803 33920 16
 804 8476 4
 805 4236 2
 806 40223 19
 807 10580 5
 808 35955 17
 809 21140 10
 810 16904 8
 811 12672 6
 812 14777 7
 813 2110 1
 814 14763 7
 815 6324 3
 816 42140 20
 817 31590 15
 818 12630 6
 819 39976 19
 820 16824 8
 821 29428 14
 822 23111 11
 823 37800 18
 824 29386 14
 825 33568 16
 826 23067 11
 827 18864 9
 828 33520 16
 829 39786 19
 830 39767 19
 831 14644 7
 832 18819 9
 833 16720 8
 834 31335 15
 835 20880 10
 836 12522 6
 837 20860 10
 838 22935 11
 839 41680 20
 840 14581 7
 841 31230 15
 842 14567 7
 843 33280 16
 844 33264 16
 845 24936 12
 846 22847 11
 847 24912 12
 848 2075 1
 849 35258 17
 850 31095 15
 851 37296 18
 852 26923 13
 853 22770 11
 854 4138 2
 855 26884 13
 856 35139 17
 857 28924 14
 858 28910 14
 859 12384 6
 860 16504 8
 861 30930 15
 862 16488 8
 863 4120 2
 864 35003 17
 865 20580 10
 866 22627 11
 867 6168 3
 868 14385 7
 869 18486 9
 870 18477 9
 871 36936 18
 872 26663 13
 873 41000 20
 874 26637 13
 875 14336 7
 876 26611 13
 877 28644 14
 878 24540 12
 879 8176 4
 880 12258 6
 881 40840 20
 882 10205 5
 883 20400 10
 884 32624 16
 885 22418 11
 886 16296 8
 887 40720 20
 888 6105 3
 889 8136 4
 890 38627 19
 891 14224 7
 892 2031 1
 893 14210 7
 894 14203 7
 895 28392 14
 896 38513 19
 897 8104 4
 898 22275 11
 899 22264 11
 900 30345 15
 901 24264 12
 902 38399 19
 903 20200 10
 904 4038 2
 905 28252 14
 906 22187 11
 907 12096 6
 908 20150 10
 909 28196 14
 910 36234 18
 911 18108 9
 912 16088 8
 913 26130 13
 914 26117 13
 915 14056 7
 916 18063 9
 917 14042 7
 918 30075 15
 919 2004 1
 920 14021 7
 921 32032 16
 922 4002 2
 923 20000 10
 924 3998 2
 925 9990 5
 926 19970 10
 927 21956 11
 928 35910 18
 929 35892 18
 930 37867 19
 931 27888 14
 932 3982 2
 933 25870 13
 934 11934 6
 935 23856 12
 936 27818 14
 937 33762 17
 938 11910 6
 939 33728 17
 940 35694 18
 941 31712 16
 942 33677 17
 943 23760 12
 944 21769 11
 945 23736 12
 946 37563 19
 947 21736 11
 948 15800 8
 949 11844 6
 950 37487 19
 951 23664 12
 952 19710 10
 953 33490 17
 954 15752 8
 955 19680 10
 956 3934 2
 957 11796 6
 958 19650 10
 959 23568 12
 960 27482 14
 961 33354 17
 962 3922 2
 963 17640 9
 964 17631 9
 965 3916 2
 966 33269 17
 967 27384 14
 968 13685 7
 969 17586 9
 970 33201 17
 971 9760 5
 972 11706 6
 973 21450 11
 974 19490 10
 975 17532 9
 976 29205 15
 977 9730 5
 978 9725 5
 979 7776 4
 980 36917 19
 981 15536 8
 982 15528 8
 983 3880 2
 984 31024 16
 985 23256 12
 986 17433 9
 987 19360 10
 988 34830 18
 989 3868 2
 990 21263 11
 991 34776 18
 992 21241 11
 993 15440 8
 994 9645 5
 995 11568 6
 996 30832 16
 997 7704 4
 998 28875 15
 999 38480 20
 1000 34614 18
 1001 13454 7
 1002 15368 8
 1003 7680 4
 1004 30704 16
 1005 36442 19
 1006 23004 12
 1007 15328 8
 1008 11490 6
 1009 30624 16
 1010 32521 17
 1011 9560 5
 1012 24843 13
 1013 15280 8
 1014 32453 17
 1015 9540 5
 1016 36233 19
 1017 11436 6
 1018 34290 18
 1019 28560 15
 1020 30448 16
 1021 24726 13
 1022 7604 4
 1023 28500 15
 1024 1899 1
 1025 24674 13
 1026 28455 15
 1027 37920 20
 1028 36005 19
 1029 28410 15
 1030 5679 3
 1031 3784 2
 1032 28365 15
 1033 30240 16
 1034 37780 20
 1035 13216 7
 1036 22644 12
 1037 22632 12
 1038 37700 20
 1039 32028 17
 1040 30128 16
 1041 16938 9
 1042 30096 16
 1043 1880 1
 1044 18790 10
 1045 13146 7
 1046 1877 1
 1047 20636 11
 1048 22500 12
 1049 13118 7
 1050 5619 3
 1051 11232 6
 1052 35549 19
 1053 26180 14
 1054 24297 13
 1055 35492 19
 1056 18670 10
 1057 16794 9
 1058 35435 19
 1059 3728 2
 1060 33534 18
 1061 22344 12
 1062 16749 9
 1063 37200 20
 1064 3718 2
 1065 14864 8
 1066 18570 10
 1067 25984 14
 1068 7420 4
 1069 16686 9
 1070 37060 20
 1071 14816 8
 1072 1851 1
 1073 12950 7
 1074 18490 10
 1075 1848 1
 1076 24011 13
 1077 25844 14
 1078 35055 19
 1079 29504 16
 1080 20273 11
 1081 23946 13
 1082 23933 13
 1083 36800 20
 1084 16551 9
 1085 9190 5
 1086 18370 10
 1087 22032 12
 1088 33030 18
 1089 34846 19
 1090 9165 5
 1091 31144 17
 1092 5493 3
 1093 1830 1
 1094 14632 8
 1095 31076 17
 1096 34713 19
 1097 1826 1
 1098 21900 12
 1099 7296 4
 1100 34637 19
 1101 29152 16
 1102 21852 12
 1103 34580 19
 1104 21828 12
 1105 18180 10
 1106 30889 17
 1107 23608 13
 1108 27225 15
 1109 12698 7
 1110 18130 10
 1111 14496 8
 1112 9055 5
 1113 5430 3
 1114 3618 2
 1115 23504 13
 1116 12649 7
 1117 5418 3
 1118 34295 19
 1119 36080 20
 1120 27045 15
 1121 23426 13
 1122 34219 19
 1123 3600 2
 1124 3598 2
 1125 35960 20
 1126 28752 16
 1127 23348 13
 1128 17950 10
 1129 14352 8
 1130 30481 17
 1131 19712 11
 1132 17910 10
 1133 5370 3
 1134 35780 20
 1135 30396 17
 1136 30379 17
 1137 3572 2
 1138 17850 10
 1139 7136 4
 1140 10698 6
 1141 32076 18
 1142 5343 3
 1143 35600 20
 1144 5337 3
 1145 28448 16
 1146 3554 2
 1147 3552 2
 1148 12425 7
 1149 14192 8
 1150 14184 8
 1151 1772 1
 1152 33649 19
 1153 3540 2
 1154 26535 15
 1155 12376 7
 1156 8835 5
 1157 17660 10
 1158 35300 20
 1159 17640 10
 1160 28208 16
 1161 17620 10
 1162 3522 2
 1163 8800 5
 1164 29903 17
 1165 28128 16
 1166 14056 8
 1167 19316 11
 1168 35100 20
 1169 1754 1
 1170 19283 11
 1171 22776 13
 1172 28016 16
 1173 10500 6
 1174 1749 1
 1175 34960 20
 1176 22711 13
 1177 22698 13
 1178 19195 11
 1179 3488 2
 1180 24402 14
 1181 8710 5
 1182 3482 2
 1183 31320 18
 1184 31302 18
 1185 34760 20
 1186 3474 2
 1187 17360 10
 1188 1735 1
 1189 34680 20
 1190 29461 17
 1191 20784 12
 1192 6924 4
 1193 19030 11
 1194 31122 18
 1195 31104 18
 1196 5181 3
 1197 13808 8
 1198 15525 9
 1199 34480 20
 1200 27568 16
 1201 15498 9
 1202 1721 1
 1203 6880 4
 1204 20628 12
 1205 20616 12
 1206 17170 10
 1207 12012 7
 1208 5145 3
 1209 29138 17
 1210 23982 14
 1211 20544 12
 1212 22243 13
 1213 23940 14
 1214 13672 8
 1215 10248 6
 1216 25605 15
 1217 11942 7
 1218 10230 6
 1219 34080 20
 1220 3406 2
 1221 34040 20
 1222 23814 14
 1223 23800 14
 1224 8495 5
 1225 23772 14
 1226 5091 3
 1227 20352 12
 1228 15255 9
 1229 13552 8
 1230 5079 3
 1231 6768 4
 1232 8455 5
 1233 3380 2
 1234 3378 2
 1235 16880 10
 1236 20244 12
 1237 15174 9
 1238 30330 18
 1239 1684 1
 1240 23562 14
 1241 21866 13
 1242 15129 9
 1243 3360 2
 1244 30222 18
 1245 31882 19
 1246 20124 12
 1247 20112 12
 1248 3350 2
 1249 5022 3
 1250 16730 10
 1251 13376 8
 1252 23394 14
 1253 28390 17
 1254 15021 9
 1255 8340 5
 1256 26672 16
 1257 28322 17
 1258 3330 2
 1259 33280 20
 1260 9978 6
 1261 3324 2
 1262 33220 20
 1263 6640 4
 1264 6636 4
 1265 8290 5
 1266 33140 20
 1267 13248 8
 1268 6620 4
 1269 31426 19
 1270 14877 9
 1271 28084 17
 1272 21463 13
 1273 31350 19
 1274 28033 17
 1275 31312 19
 1276 19764 12
 1277 18106 11
 1278 6580 4
 1279 26304 16
 1280 11501 7
 1281 32840 20
 1282 13128 8
 1283 1640 1
 1284 13112 8
 1285 32760 20
 1286 11459 7
 1287 17996 11
 1288 3270 2
 1289 24510 15
 1290 29394 18
 1291 3264 2
 1292 30989 19
 1293 29340 18
 1294 11403 7
 1295 29304 18
 1296 3254 2
 1297 22764 14
 1298 1625 1
 1299 3248 2
 1300 12984 8
 1301 4866 3
 1302 21073 13
 1303 22680 14
 1304 32380 20
 1305 19416 12
 1306 27489 17
 1307 25856 16
 1308 6460 4
 1309 16140 10
 1310 27421 17
 1311 32240 20
 1312 11277 7
 1313 12880 8
 1314 32180 20
 1315 28944 18
 1316 25712 16
 1317 28908 18
 1318 22470 14
 1319 11228 7
 1320 17633 11
 1321 17622 11
 1322 1601 1
 1323 16000 10
 1324 30381 19
 1325 15980 10
 1326 1597 1
 1327 9576 6
 1328 6380 4
 1329 3188 2
 1330 12744 8
 1331 17512 11
 1332 23865 15
 1333 23850 15
 1334 23835 15
 1335 14292 9
 1336 19044 12
 1337 26962 17
 1338 17435 11
 1339 31680 20
 1340 22162 14
 1341 9492 6
 1342 17391 11
 1343 1580 1
 1344 4737 3
 1345 25248 16
 1346 20501 13
 1347 25216 16
 1348 15750 10
 1349 1574 1
 1350 9438 6
 1351 14148 9
 1352 4713 3
 1353 21980 14
 1354 7845 5
 1355 14112 9
 1356 9402 6
 1357 15660 10
 1358 14085 9
 1359 10948 7
 1360 14067 9
 1361 29678 19
 1362 29659 19
 1363 26520 17
 1364 24944 16
 1365 9348 6
 1366 7785 5
 1367 14004 9
 1368 1555 1
 1369 18648 12
 1370 18636 12
 1371 18624 12
 1372 26367 17
 1373 1550 1
 1374 20137 13
 1375 24768 16
 1376 29393 19
 1377 3092 2
 1378 6180 4
 1379 21616 14
 1380 4629 3
 1381 24672 16
 1382 27738 18
 1383 12320 8
 1384 21546 14
 1385 19994 13
 1386 30740 20
 1387 4608 3
 1388 1535 1
 1389 10738 7
 1390 13797 9
 1391 22980 15
 1392 3062 2
 1393 10710 7
 1394 7645 5
 1395 18336 12
 1396 22905 15
 1397 19838 13
 1398 30500 20
 1399 3048 2
 1400 4569 3
 1401 25874 17
 1402 24336 16
 1403 24320 16
 1404 9114 6
 1405 1518 1
 1406 27306 18
 1407 18192 12
 1408 19695 13
 1409 12112 8
 1410 30260 20
 1411 15120 10
 1412 4533 3
 1413 18120 12
 1414 12072 8
 1415 9048 6
 1416 1507 1
 1417 15060 10
 1418 27090 18
 1419 30080 20
 1420 28557 19
 1421 25534 17
 1422 22515 15
 1423 22500 15
 1424 16489 11
 1425 1498 1
 1426 28443 19
 1427 11968 8
 1428 25415 17
 1429 14940 10
 1430 5972 4
 1431 16412 11
 1432 23856 16
 1433 8940 6
 1434 28291 19
 1435 19344 13
 1436 29740 20
 1437 16346 11
 1438 20790 14
 1439 19292 13
 1440 5932 4
 1441 4446 3
 1442 19253 13
 1443 7400 5
 1444 1479 1
 1445 5912 4
 1446 17724 12
 1447 2952 2
 1448 28025 19
 1449 5896 4
 1450 11784 8
 1451 7360 5
 1452 11768 8
 1453 4410 3
 1454 22035 15
 1455 8808 6
 1456 13203 9
 1457 26388 18
 1458 26370 18
 1459 21960 15
 1460 11704 8
 1461 13158 9
 1462 21915 15
 1463 29200 20
 1464 7295 5
 1465 13122 9
 1466 13113 9
 1467 29120 20
 1468 5820 4
 1469 14540 10
 1470 24701 17
 1471 27588 19
 1472 8706 6
 1473 13050 9
 1474 4347 3
 1475 5792 4
 1476 11576 8
 1477 1446 1
 1478 15895 11
 1479 24548 17
 1480 15873 11
 1481 24514 17
 1482 27379 19
 1483 17280 12
 1484 10073 7
 1485 24446 17
 1486 15807 11
 1487 18668 13
 1488 28700 20
 1489 28680 20
 1490 12897 9
 1491 15752 11
 1492 21465 15
 1493 2860 2
 1494 11432 8
 1495 1428 1
 1496 2854 2
 1497 8556 6
 1498 24225 17
 1499 5696 4
 1500 22768 16
 1501 9954 7
 1502 17052 12
 1503 24140 17
 1504 24123 17
 1505 1418 1
 1506 17004 12
 1507 12744 9
 1508 21225 15
 1509 15554 11
 1510 12717 9
 1511 11296 8
 1512 7055 5
 1513 16920 12
 1514 9863 7
 1515 5632 4
 1516 15477 11
 1517 15466 11
 1518 16860 12
 1519 19656 14
 1520 22448 16
 1521 11216 8
 1522 14010 10
 1523 11200 8
 1524 25182 18
 1525 25164 18
 1526 5588 4
 1527 12564 9
 1528 9765 7
 1529 26486 19
 1530 8358 6
 1531 22272 16
 1532 22256 16
 1533 4170 3
 1534 25002 18
 1535 22208 16
 1536 23579 17
 1537 13860 10
 1538 6925 5
 1539 27680 20
 1540 6915 5
 1541 13820 10
 1542 16572 12
 1543 17940 13
 1544 15169 11
 1545 9646 7
 1546 1377 1
 1547 24768 18
 1548 12375 9
 1549 1374 1
 1550 23341 17
 1551 16464 12
 1552 24678 18
 1553 2740 2
 1554 26011 19
 1555 17784 13
 1556 15037 11
 1557 5464 4
 1558 10920 8
 1559 1364 1
 1560 4089 3
 1561 9534 7
 1562 10888 8
 1563 9520 7
 1564 21744 16
 1565 21728 16
 1566 4071 3
 1567 16272 12
 1568 12195 9
 1569 10832 8
 1570 17589 13
 1571 5408 4
 1572 22967 17
 1573 10800 8
 1574 4047 3
 1575 8088 6
 1576 20205 15
 1577 18844 14
 1578 4035 3
 1579 14784 11
 1580 25517 19
 1581 20130 15
 1582 1341 1
 1583 2680 2
 1584 26780 20
 1585 8028 6
 1586 4011 3
 1587 8016 6
 1588 1335 1
 1589 12006 9
 1590 19995 15
 1591 17316 13
 1592 26620 20
 1593 19950 15
 1594 18606 14
 1595 10624 8
 1596 22559 17
 1597 18564 14
 1598 23850 18
 1599 2648 2
 1600 9261 7
 1601 5288 4
 1602 25099 19
 1603 14520 11
 1604 18466 14
 1605 10544 8
 1606 14487 11
 1607 1316 1
 1608 19725 15
 1609 23652 18
 1610 7878 6
 1611 11808 9
 1612 5244 4
 1613 14410 11
 1614 1309 1
 1615 3924 3
 1616 15684 12
 1617 11754 9
 1618 10440 8
 1619 26080 20
 1620 13030 10
 1621 11718 9
 1622 6505 5
 1623 9100 7
 1624 7794 6
 1625 9086 7
 1626 3891 3
 1627 10368 8
 1628 6475 5
 1629 12940 10
 1630 21981 17
 1631 11628 9
 1632 21947 17
 1633 24510 19
 1634 20624 16
 1635 20608 16
 1636 14157 11
 1637 19290 15
 1638 15420 12
 1639 2568 2
 1640 2566 2
 1641 20512 16
 1642 5124 4
 1643 5120 4
 1644 5116 4
 1645 2556 2
 1646 14047 11
 1647 6380 5
 1648 19125 15
 1649 1274 1
 1650 17822 14
 1651 20352 16
 1652 13981 11
 1653 19050 15
 1654 20304 16
 1655 11412 9
 1656 8869 7
 1657 24054 19
 1658 15180 12
 1659 22752 18
 1660 5052 4
 1661 21454 17
 1662 17654 14
 1663 12600 10
 1664 3777 3
 1665 16354 13
 1666 21369 17
 1667 12560 10
 1668 23845 19
 1669 3762 3
 1670 16289 13
 1671 15024 12
 1672 7506 6
 1673 2500 2
 1674 21233 17
 1675 9984 8
 1676 23693 19
 1677 1246 1
 1678 14940 12
 1679 18660 15
 1680 3729 3
 1681 6210 5
 1682 1241 1
 1683 8680 7
 1684 14868 12
 1685 16094 13
 1686 18555 15
 1687 16068 13
 1688 13585 11
 1689 7404 6
 1690 24660 20
 1691 8624 7
 1692 3693 3
 1693 6150 5
 1694 15977 13
 1695 7368 6
 1696 2454 2
 1697 3678 3
 1698 18375 15
 1699 22032 18
 1700 6115 5
 1701 12220 10
 1702 8547 7
 1703 2440 2
 1704 9752 8
 1705 12180 10
 1706 4868 4
 1707 17024 14
 1708 17010 14
 1709 15782 13
 1710 8491 7
 1711 6060 5
 1712 18165 15
 1713 8470 7
 1714 14508 12
 1715 15704 13
 1716 12070 10
 1717 18090 15
 1718 4820 4
 1719 1204 1
 1720 22857 19
 1721 10818 9
 1722 1201 1
 1723 1200 1
 1724 19184 16
 1725 19168 16
 1726 2394 2
 1727 5980 5
 1728 22705 19
 1729 10746 9
 1730 20281 17
 1731 4768 4
 1732 19056 16
 1733 9520 8
 1734 9512 8
 1735 14256 12
 1736 3561 3
 1737 5930 5
 1738 9480 8
 1739 9472 8
 1740 22477 19
 1741 1182 1
 1742 18896 16
 1743 14160 12
 1744 20043 17
 1745 21204 18
 1746 1177 1
 1747 8232 7
 1748 16450 14
 1749 8218 7
 1750 8211 7
 1751 3516 3
 1752 1171 1
 1753 21060 18
 1754 14028 12
 1755 11680 10
 1756 10503 9
 1757 1166 1
 1758 9320 8
 1759 6984 6
 1760 1163 1
 1761 19754 17
 1762 19737 17
 1763 16240 14
 1764 10431 9
 1765 19686 17
 1766 10413 9
 1767 5780 5
 1768 17325 15
 1769 15002 13
 1770 18448 16
 1771 13824 12
 1772 5755 5
 1773 23000 20
 1774 18384 16
 1775 6888 6
 1776 8029 7
 1777 6876 6
 1778 8015 7
 1779 16016 14
 1780 5715 5
 1781 15988 14
 1782 6846 6
 1783 15960 14
 1784 14807 13
 1785 22760 20
 1786 15918 14
 1787 2272 2
 1788 19295 17
 1789 11340 10
 1790 12463 11
 1791 11320 10
 1792 20358 18
 1793 19210 17
 1794 2258 2
 1795 9024 8
 1796 4508 4
 1797 1126 1
 1798 3375 3
 1799 14612 13
 1800 1123 1
 1801 19074 17
 1802 4484 4
 1803 17920 16
 1804 22380 20
 1805 10062 9
 1806 8936 8
 1807 13392 12
 1808 14495 13
 1809 3342 3
 1810 21147 19
 1811 6672 6
 1812 18887 17
 1813 7770 7
 1814 3327 3
 1815 14404 13
 1816 8856 8
 1817 3318 3
 1818 14365 13
 1819 14352 13
 1820 14339 13
 1821 2204 2
 1822 17616 16
 1823 3300 3
 1824 14287 13
 1825 20862 19
 1826 13164 12
 1827 16440 15
 1828 5475 5
 1829 4376 4
 1830 20767 19
 1831 15288 14
 1832 5455 5
 1833 2180 2
 1834 5445 5
 1835 20672 19
 1836 1087 1
 1837 9774 9
 1838 1085 1
 1839 10840 10
 1840 18411 17
 1841 11902 11
 1842 19458 18
 1843 10800 10
 1844 6474 6
 1845 21560 20
 1846 9693 9
 1847 5380 5
 1848 5375 5
 1849 17184 16
 1850 10730 10
 1851 15008 14
 1852 2142 2
 1853 16050 15
 1854 10690 10
 1855 8544 8
 1856 1067 1
 1857 14924 14
 1858 10650 10
 1859 20216 19
 1860 6378 6
 1861 12744 12
 1862 13793 13
 1863 12720 12
 1864 10590 10
 1865 5290 5
 1866 21140 20
 1867 19008 18
 1868 16880 16
 1869 20026 19
 1870 10530 10
 1871 15780 15
 1872 11561 11
 1873 19950 19
 1874 6294 6
 1875 7336 7
 1876 13611 13
 1877 3138 3
 1878 7315 7
 1879 17748 17
 1880 17731 17
 1881 11462 11
 1882 16656 16
 1883 10400 10
 1884 15585 15
 1885 16608 16
 1886 18666 18
 1887 19684 19
 1888 14490 14
 1889 12408 12
 1890 15495 15
 1891 7224 7
 1892 3093 3
 1893 9270 9
 1894 17493 17
 1895 16448 16
 1896 7189 7
 1897 12312 12
 1898 16400 16
 1899 3072 3
 1900 7161 7
 1901 17374 17
 1902 15315 15
 1903 14280 14
 1904 15285 15
 1905 18324 18
 1906 9153 9
 1907 12192 12
 1908 20300 20
 1909 4056 4
 1910 9117 9
 1911 4048 4
 1912 1011 1
 1913 11110 11
 1914 4036 4
 1915 10080 10
 1916 1007 1
 1917 2012 2
 1918 20100 20
 1919 12048 12
 1920 6018 6
 1921 7014 7
 1922 10010 10
 1923 13000 13
 1924 2997 3
 1925 13972 14
 1926 10967 11
 1927 17928 18
 1928 11940 12
 1929 994 1
 1930 5958 6
 1931 9920 10
 1932 7928 8
 1933 9900 10
 1934 16813 17
 1935 6916 7
 1936 15792 16
 1937 2958 3
 1938 5910 6
 1939 984 1
 1940 14745 15
 1941 16694 17
 1942 1962 2
 1943 11760 12
 1944 14685 15
 1945 12714 13
 1946 977 1
 1947 5856 6
 1948 12675 13
 1949 19480 20
 1950 16541 17
 1951 9720 10
 1952 5826 6
 1953 4850 5
 1954 18411 19
 1955 13552 14
 1956 3868 4
 1957 7728 8
 1958 18335 19
 1959 2892 3
 1960 4815 5
 1961 10582 11
 1962 3844 4
 1963 10560 11
 1964 12467 13
 1965 15328 16
 1966 14355 15
 1967 19120 20
 1968 15280 16
 1969 2862 3
 1970 4765 5
 1971 6664 7
 1972 15216 16
 1973 13300 14
 1974 5694 6
 1975 16116 17
 1976 8523 9
 1977 5676 6
 1978 10395 11
 1979 5664 6
 1980 3772 4
 1981 7536 8
 1982 941 1
 1983 8460 9
 1984 3756 4
 1985 11256 12
 1986 6559 7
 1987 16848 18
 1988 11220 12
 1989 6538 7
 1990 16794 18
 1991 5592 6
 1992 12103 13
 1993 4650 5
 1994 14864 16
 1995 17632 19
 1996 10197 11
 1997 3704 4
 1998 1850 2
 1999 15708 17
 2000 4615 5
 2001 13830 15
 2002 17499 19
 2003 11040 12
 2004 2757 3
 2005 11934 13
 2006 16506 18
 2007 4580 5
 2008 8235 9
 2009 4570 5
 2010 2739 3
 2011 10032 11
 2012 8199 9
 2013 9100 10
 2014 909 1
 2015 5448 6
 2016 5442 6
 2017 17214 19
 2018 18100 20
 2019 3616 4
 2020 2709 3
 2021 5412 6
 2022 15317 17
 2023 11700 13
 2024 13485 15
 2025 9878 11
 2026 17043 19
 2027 16128 18
 2028 10740 12
 2029 4470 5
 2030 9823 11
 2031 16056 18
 2032 6237 7
 2033 1780 2
 2034 3556 4
 2035 2664 3
 2036 16853 19
 2037 12404 14
 2038 16815 19
 2039 7956 9
 2040 12362 14
 2041 5292 6
 2042 14977 17
 2043 8800 10
 2044 13185 15
 2045 13170 15
 2046 13155 15
 2047 11388 13
 2048 11375 13
 2049 874 1
 2050 16587 19
 2051 2616 3
 2052 11323 13
 2053 2610 3
 2054 17380 20
 2055 13888 16
 2056 16473 19
 2057 10392 12
 2058 9515 11
 2059 17280 20
 2060 11219 13
 2061 16378 19
 2062 861 1
 2063 17200 20
 2064 9449 11
 2065 13728 16
 2066 16283 19
 2067 856 1
 2068 3420 4
 2069 11102 13
 2070 12795 15
 2071 5112 6
 2072 14467 17
 2073 15300 18
 2074 5094 6
 2075 3392 4
 2076 3388 4
 2077 11844 14
 2078 12675 15
 2079 16036 19
 2080 8430 10
 2081 11788 14
 2082 8410 10
 2083 1680 2
 2084 3356 4
 2085 16760 20
 2086 8370 10
 2087 13376 16
 2088 15865 19
 2089 16680 20
 2090 10829 13
 2091 4160 5
 2092 831 1
 2093 16600 20
 2094 7461 9
 2095 10764 13
 2096 11578 14
 2097 3304 4
 2098 6600 8
 2099 1648 2
 2100 2469 3
 2101 8220 10
 2102 16420 20
 2103 9840 12
 2104 4914 6
 2105 3272 4
 2106 11438 14
 2107 13872 17
 2108 2445 3
 2109 6512 8
 2110 13821 17
 2111 16240 20
 2112 2433 3
 2113 10530 13
 2114 8899 11
 2115 5656 7
 2116 4842 6
 2117 12090 15
 2118 1610 2
 2119 4020 5
 2120 16060 20
 2121 9624 12
 2122 3204 4
 2123 8800 11
 2124 10387 13
 2125 4788 6
 2126 2391 3
 2127 6368 8
 2128 8745 11
 2129 9528 12
 2130 8723 11
 2131 11088 14
 2132 3164 4
 2133 6320 8
 2134 11835 15
 2135 1576 2
 2136 12592 16
 2137 9432 12
 2138 9420 12
 2139 8624 11
 2140 5481 7
 2141 13294 17
 2142 10153 13
 2143 15600 20
 2144 10906 14
 2145 7002 9
 2146 3108 4
 2147 7760 10
 2148 9300 12
 2149 3870 5
 2150 10049 13
 2151 772 1
 2152 14649 19
 2153 13090 17
 2154 769 1
 2155 8448 11
 2156 5369 7
 2157 766 1
 2158 10710 14
 2159 6112 8
 2160 9156 12
 2161 5334 7
 2162 9132 12
 2163 9880 13
 2164 759 1
 2165 5306 7
 2166 4542 6
 2167 15120 20
 2168 2265 3
 2169 9048 12
 2170 6777 9
 2171 13536 18
 2172 7510 10
 2173 6750 9
 2174 8988 12
 2175 8976 12
 2176 14193 19
 2177 5222 7
 2178 3725 5
 2179 10416 14
 2180 5944 8
 2181 1484 2
 2182 1482 2
 2183 3700 5
 2184 11085 15
 2185 2214 3
 2186 14740 20
 2187 5152 7
 2188 5880 8
 2189 7340 10
 2190 8063 11
 2191 13908 19
 2192 12427 17
 2193 10950 15
 2194 13122 18
 2195 10920 15
 2196 5089 7
 2197 12342 17
 2198 10150 14
 2199 3620 5
 2200 8676 12
 2201 9386 13
 2202 5768 8
 2203 14400 20
 2204 6471 9
 2205 8616 12
 2206 10038 14
 2207 14320 20
 2208 8580 12
 2209 11424 16
 2210 713 1
 2211 2136 3
 2212 5688 8
 2213 9230 13
 2214 2127 3
 2215 4248 6
 2216 4242 6
 2217 7766 11
 2218 5640 8
 2219 11264 16
 2220 4921 7
 2221 10530 15
 2222 4206 6
 2223 1400 2
 2224 9087 13
 2225 3490 5
 2226 1394 2
 2227 2088 3
 2228 7645 11
 2229 6940 10
 2230 5544 8
 2231 1384 2
 2232 1382 2
 2233 2070 3
 2234 8268 12
 2235 4128 6
 2236 13740 20
 2237 10290 15
 2238 11645 17
 2239 5472 8
 2240 2049 3
 2241 8184 12
 2242 6810 10
 2243 1360 2
 2244 6111 9
 2245 13560 20
 2246 1354 2
 2247 11492 17
 2248 10800 16
 2249 4044 6
 2250 6730 10
 2251 10752 16
 2252 4026 6
 2253 4020 6
 2254 9366 14
 2255 4008 6
 2256 7337 11
 2257 6660 10
 2258 1330 2
 2259 664 1
 2260 1326 2
 2261 3310 5
 2262 9254 14
 2263 7260 11
 2264 6590 10
 2265 9212 14
 2266 5256 8
 2267 4592 7
 2268 3930 6
 2269 6540 10
 2270 1306 2
 2271 3912 6
 2272 5859 9
 2273 13000 20
 2274 2596 4
 2275 7128 11
 2276 12293 19
 2277 3230 5
 2278 5805 9
 2279 5796 9
 2280 6430 10
 2281 5778 9
 2282 641 1
 2283 1280 2
 2284 6390 10
 2285 5104 8
 2286 7007 11
 2287 1908 3
 2288 8255 13
 2289 6340 10
 2290 11394 18
 2291 2528 4
 2292 9465 15
 2293 11340 18
 2294 12580 20
 2295 8164 13
 2296 4389 7
 2297 8138 13
 2298 11875 19
 2299 11232 18
 2300 3115 5
 2301 12440 20
 2302 11799 19
 2303 6200 10
 2304 3095 5
 2305 12360 20
 2306 617 1
 2307 6160 10
 2308 7380 12
 2309 9824 16
 2310 4904 8
 2311 11628 19
 2312 1833 3
 2313 1830 3
 2314 7308 12
 2315 10336 17
 2316 4856 8
 2317 10908 18
 2318 4840 8
 2319 1208 2
 2320 2412 4
 2321 3010 5
 2322 8414 14
 2323 6000 10
 2324 6589 11
 2325 598 1
 2326 10149 17
 2327 5364 9
 2328 6545 11
 2329 594 1
 2330 3558 6
 2331 592 1
 2332 3546 6
 2333 4720 8
 2334 1767 3
 2335 3528 6
 2336 5870 10
 2337 1172 2
 2338 11115 19
 2339 8176 14
 2340 6413 11
 2341 2328 4
 2342 7553 13
 2343 1740 3
 2344 9843 17
 2345 10404 18
 2346 8078 14
 2347 5184 9
 2348 5750 10
 2349 574 1
 2350 9168 16
 2351 5148 9
 2352 11420 20
 2353 7980 14
 2354 5690 10
 2355 10224 18
 2356 6804 12
 2357 3396 6
 2358 11300 20
 2359 10152 18
 2360 563 1
 2361 8992 16
 2362 8415 15
 2363 1680 3
 2364 8944 16
 2365 10602 19
 2366 3899 7
 2367 2224 4
 2368 7770 14
 2369 7756 14
 2370 9954 18
 2371 1104 2
 2372 4408 8
 2373 1650 3
 2374 2196 4
 2375 10960 20
 2376 1094 2
 2377 3822 7
 2378 4360 8
 2379 4896 9
 2380 5973 11
 2381 1626 3
 2382 3246 6
 2383 7560 14
 2384 7546 14
 2385 10222 19
 2386 9129 17
 2387 9112 17
 2388 2675 5
 2389 534 1
 2390 5330 10
 2391 1596 3
 2392 4248 8
 2393 7420 14
 2394 4232 8
 2395 8448 16
 2396 7905 15
 2397 1578 3
 2398 4725 9
 2399 7860 15
 2400 5753 11
 2401 2088 4
 2402 5210 10
 2403 7280 14
 2404 6228 12
 2405 4662 9
 2406 6721 13
 2407 6192 12
 2408 6180 12
 2409 6682 13
 2410 3591 7
 2411 7680 15
 2412 1022 2
 2413 8670 17
 2414 9162 18
 2415 9652 19
 2416 6591 13
 2417 8602 17
 2418 1515 3
 2419 6048 12
 2420 4024 8
 2421 5522 11
 2422 7014 14
 2423 9500 19
 2424 3493 7
 2425 498 1
 2426 497 1
 2427 8928 18
 2428 1485 3
 2429 4940 10
 2430 5423 11
 2431 3444 7
 2432 1964 4
 2433 5880 12
 2434 9780 20
 2435 9272 19
 2436 4383 9
 2437 9234 19
 2438 8245 17
 2439 1936 4
 2440 3381 7
 2441 6748 14
 2442 481 1
 2443 5760 12
 2444 5269 11
 2445 1912 4
 2446 4770 10
 2447 8092 17
 2448 5225 11
 2449 9480 20
 2450 2838 6
 2451 1888 4
 2452 6123 13
 2453 470 1
 2454 7973 17
 2455 3744 8
 2456 4670 10
 2457 7456 16
 2458 5115 11
 2459 8352 18
 2460 7871 17
 2461 7392 16
 2462 6915 15
 2463 9200 20
 2464 9180 20
 2465 2748 6
 2466 3656 8
 2467 6840 15
 2468 2275 5
 2469 4540 10
 2470 5889 13
 2471 4972 11
 2472 9020 20
 2473 6300 14
 2474 449 1
 2475 3136 7
 2476 5811 13
 2477 4460 10
 2478 7565 17
 2479 7992 18
 2480 8417 19
 2481 7514 17
 2482 6615 15
 2483 7040 16
 2484 7024 16
 2485 6132 14
 2486 4370 10
 2487 8284 19
 2488 870 2
 2489 434 1
 2490 866 2
 2491 7776 18
 2492 1293 3
 2493 3010 7
 2494 8580 20
 2495 5992 14
 2496 1281 3
 2497 5538 13
 2498 7225 17
 2499 5088 12
 2500 8037 19
 2501 6752 16
 2502 2526 6
 2503 5040 12
 2504 7542 18
 2505 836 2
 2506 6255 15
 2507 8320 20
 2508 8300 20
 2509 3726 9
 2510 2478 6
 2511 824 2
 2512 2055 5
 2513 3280 8
 2514 4090 10
 2515 4488 11
 2516 7733 19
 2517 3654 9
 2518 4050 10
 2519 6464 16
 2520 5642 14
 2521 5628 14
 2522 1203 3
 2523 7600 19
 2524 2394 6
 2525 3582 9
 2526 7543 19
 2527 1188 3
 2528 2370 6
 2529 3546 9
 2530 3537 9
 2531 7056 18
 2532 1564 4
 2533 4680 12
 2534 3890 10
 2535 7760 20
 2536 7353 19
 2537 6948 18
 2538 5005 13
 2539 4608 12
 2540 5745 15
 2541 4202 11
 2542 4953 13
 2543 6080 16
 2544 4927 13
 2545 2268 6
 2546 3770 10
 2547 752 2
 2548 3375 9
 2549 3740 10
 2550 3357 9
 2551 7068 19
 2552 6678 18
 2553 4810 13
 2554 2583 7
 2555 6624 18
 2556 5505 15
 2557 2928 8
 2558 1460 4
 2559 2912 8
 2560 3630 10
 2561 362 1
 2562 4332 12
 2563 1440 4
 2564 5744 16
 2565 716 2
 2566 2856 8
 2567 1424 4
 2568 3550 10
 2569 6018 17
 2570 3177 9
 2571 704 2
 2572 4914 14
 2573 4200 12
 2574 349 1
 2575 3480 10
 2576 4511 13
 2577 692 2
 2578 6555 19
 2579 1720 5
 2580 3087 9
 2581 2394 7
 2582 682 2
 2583 340 1
 2584 6780 20
 2585 338 1
 2586 4381 13
 2587 5712 17
 2588 2010 6
 2589 6012 18
 2590 5994 18
 2591 332 1
 2592 662 2
 2593 6600 20
 2594 658 2
 2595 2296 7
 2596 5559 17
 2597 2608 8
 2598 6500 20
 2599 1620 5
 2600 6460 20
 2601 2576 8
 2602 5457 17
 2603 4800 15
 2604 957 3
 2605 4770 15
 2606 6340 20
 2607 5056 16
 2608 5355 17
 2609 6280 20
 2610 1878 6
 2611 5304 17
 2612 1244 4
 2613 1860 6
 2614 309 1
 2615 1232 4
 2616 2149 7
 2617 2448 8
 2618 1220 4
 2619 2736 9
 2620 2121 7
 2621 604 2
 2622 3010 10
 2623 4800 16
 2624 2691 9
 2625 1192 4
 2626 1485 5
 2627 4736 16
 2628 1475 5
 2629 4704 16
 2630 586 2
 2631 4380 15
 2632 4074 14
 2633 290 1
 2634 2890 10
 2635 288 1
 2636 861 3
 2637 3146 11
 2638 5130 18
 2639 2272 8
 2640 2264 8
 2641 3384 12
 2642 1124 4
 2643 3080 11
 2644 1116 4
 2645 5560 20
 2646 3324 12
 2647 1380 5
 2648 4950 18
 2649 548 2
 2650 4368 16
 2651 544 2
 2652 542 2
 2653 1350 5
 2654 3766 14
 2655 1876 7
 2656 534 2
 2657 2128 8
 2658 4240 16
 2659 3696 14
 2660 5260 20
 2661 2620 10
 2662 261 1
 2663 2600 10
 2664 1295 5
 2665 1806 7
 2666 4626 18
 2667 1024 4
 2668 3060 12
 2669 1524 6
 2670 5060 20
 2671 5040 20
 2672 3012 12
 2673 4750 19
 2674 747 3
 2675 3968 16
 2676 2470 10
 2677 3690 15
 2678 3920 16
 2679 4392 18
 2680 2430 10
 2681 484 2
 2682 482 2
 2683 4080 17
 2684 2629 11
 2685 3332 14
 2686 3792 16
 2687 236 1
 2688 3525 15
 2689 4212 18
 2690 2330 10
 2691 232 1
 2692 3465 15
 2693 4370 19
 2694 2977 13
 2695 456 2
 2696 4086 18
 2697 3842 17
 2698 4275 19
 2699 1344 6
 2700 4237 19
 2701 4440 20
 2702 3315 15
 2703 2860 13
 2704 2628 12
 2705 3924 18
 2706 3038 14
 2707 216 1
 2708 1720 8
 2709 1284 6
 2710 2130 10
 2711 4028 19
 2712 2321 11
 2713 3570 17
 2714 2299 11
 2715 3744 18
 2716 1449 7
 2717 3708 18
 2718 3690 18
 2719 1224 6
 2720 3857 19
 2721 1818 9
 2722 3015 15
 2723 3600 18
 2724 398 2
 2725 990 5
 2726 591 3
 2727 3920 20
 2728 3705 19
 2729 2522 13
 2730 2123 11
 2731 576 3
 2732 1719 9
 2733 3040 16
 2734 2835 15
 2735 2444 13
 2736 561 3
 2737 2232 12
 2738 555 3
 2739 2024 11
 2740 2745 15
 2741 1638 9
 2742 362 2
 2743 1800 10
 2744 2506 14
 2745 534 3
 2746 2301 13
 2747 2992 17
 2748 525 3
 2749 2784 16
 2750 2595 15
 2751 2752 16
 2752 2052 12
 2753 1870 11
 2754 845 5
 2755 504 3
 2756 2004 12
 2757 1162 7
 2758 2475 15
 2759 2460 15
 2760 163 1
 2761 3078 19
 2762 1127 7
 2763 1120 7
 2764 2862 18
 2765 1422 9
 2766 3140 20
 2767 1092 7
 2768 155 1
 2769 1540 10
 2770 2448 16
 2771 1824 12
 2772 1208 8
 2773 2850 19
 2774 1192 8
 2775 2516 17
 2776 2205 15
 2777 292 2
 2778 2900 20
 2779 1728 12
 2780 2145 15
 2781 2556 18
 2782 1128 8
 2783 2800 20
 2784 417 3
 2785 1242 9
 2786 685 5
 2787 2176 16
 2788 1080 8
 2789 1340 10
 2790 931 7
 2791 2376 18
 2792 1834 14
 2793 2600 20
 2794 258 2
 2795 1664 13
 2796 1270 10
 2797 2394 19
 2798 875 7
 2799 1240 10
 2800 861 7
 2801 1952 16
 2802 484 4
 2803 240 2
 2804 476 4
 2805 1416 12
 2806 1404 12
 2807 1160 10
 2808 1495 13
 2809 1026 9
 2810 1695 15
 2811 1792 16
 2812 1110 10
 2813 1320 12
 2814 1744 16
 2815 540 5
 2816 1926 18
 2817 1802 17
 2818 1470 14
 2819 104 1
 2820 1236 12
 2821 1224 12
 2822 1212 12
 2823 1200 12
 2824 198 2
 2825 1470 15
 2826 97 1
 2827 96 1
 2828 1045 11
 2829 1128 12
 2830 1116 12
 2831 828 9
 2832 1547 17
 2833 1260 14
 2834 1691 19
 2835 1320 15
 2836 1392 16
 2837 1634 19
 2838 1700 20
 2839 168 2
 2840 1245 15
 2841 574 7
 2842 1296 16
 2843 1600 20
 2844 474 6
 2845 468 6
 2846 154 2
 2847 608 8
 2848 750 10
 2849 444 6
 2850 1314 18
 2851 432 6
 2852 71 1
 2853 1190 17
 2854 1242 18
 2855 748 11
 2856 469 7
 2857 330 5
 2858 715 11
 2859 1024 16
 2860 315 5
 2861 992 16
 2862 1037 17
 2863 540 9
 2864 708 12
 2865 464 8
 2866 969 17
 2867 224 4
 2868 495 9
 2869 270 5
 2870 742 14
 2871 156 3
 2872 255 5
 2873 850 17
 2874 784 16
 2875 288 6
 2876 611 13
 2877 460 10
 2878 495 11
 2879 748 17
 2880 559 13
 2881 546 13
 2882 451 11
 2883 600 15
 2884 507 13
 2885 760 20
 2886 481 13
 2887 612 17
 2888 455 13
 2889 272 8
 2890 231 7
 2891 32 1
 2892 341 11
 2893 570 19
 2894 348 12
 2895 56 2
 2896 378 14
 2897 416 16
 2898 400 16
 2899 72 3
 2900 460 20
 2901 154 7
 2902 84 4
 2903 220 11
 2904 190 10
 2905 234 13
 2906 17 1
 2907 208 13
 2908 150 10
 2909 238 17
 2910 195 15
 2911 12 1
 2912 77 7
 2913 60 6
 2914 126 14
 2915 40 5
 2916 105 15
 2917 96 16
 2918 65 13
 2919 72 18
 2920 51 17
 2921 30 15
 2922 4 4
49674