3362
 1 53792 16
 2 16805 5
 3 33600 10
 4 67180 20
 5 50370 15
 6 50355 15
 7 43628 13
 8 26840 8
 9 30186 9
 10 57001 17
 11 30168 9
 12 36861 11
 13 33500 10
 14 16745 5
 15 13392 4
 16 43511 13
 17 46844 14
 18 53520 16
 19 40128 12
 20 40116 12
 21 66840 20
 22 36751 11
 23 36740 11
 24 13356 4
 25 56746 17
 26 16685 5
 27 23352 7
 28 3335 1
 29 63346 19
 30 3333 1
 31 43316 13
 32 49965 15
 33 3330 1
 34 23303 7
 35 29952 9
 36 16635 5
 37 56542 17
 38 53200 16
 39 59832 18
 40 16615 5
 41 66440 20
 42 46494 14
 43 39840 12
 44 43147 13
 45 56406 17
 46 29853 9
 47 13264 4
 48 36465 11
 49 56338 17
 50 46382 14
 51 46368 14
 52 66220 20
 53 59580 18
 54 23163 7
 55 23156 7
 56 39684 12
 57 3306 1
 58 42965 13
 59 39648 12
 60 33030 10
 61 3302 1
 62 26408 8
 63 42900 13
 64 59382 18
 65 42874 13
 66 29673 9
 67 23072 7
 68 3295 1
 69 42822 13
 70 65860 20
 71 32920 10
 72 9873 3
 73 16450 5
 74 52624 16
 75 32880 10
 76 65740 20
 77 59148 18
 78 32850 10
 79 13136 4
 80 19698 6
 81 13128 4
 82 3281 1
 83 45920 14
 84 42627 13
 85 29502 9
 86 16385 5
 87 32760 10
 88 39300 12
 89 3274 1
 90 55641 17
 91 45808 14
 92 45794 14
 93 52320 16
 94 39228 12
 95 55556 17
 96 42471 13
 97 39192 12
 98 55505 17
 99 3264 1
 100 52208 16
 101 22834 7
 102 45654 14
 103 45640 14
 104 9777 3
 105 42354 13
 106 29313 9
 107 55352 17
 108 3255 1
 109 16270 5
 110 61807 19
 111 16260 5
 112 42263 13
 113 16250 5
 114 19494 6
 115 29232 9
 116 35717 11
 117 58428 18
 118 35695 11
 119 22708 7
 120 29187 9
 121 9726 3
 122 51856 16
 123 58320 18
 124 42107 13
 125 42094 13
 126 45318 14
 127 38832 12
 128 45290 14
 129 9702 3
 130 64660 20
 131 32320 10
 132 64620 20
 133 35530 11
 134 45206 14
 135 38736 12
 136 19362 6
 137 54842 17
 138 61275 19
 139 48360 15
 140 64460 20
 141 28998 9
 142 6442 2
 143 22540 7
 144 57942 18
 145 6436 2
 146 16085 5
 147 64320 20
 148 3215 1
 149 48210 15
 150 54621 17
 151 32120 10
 152 22477 7
 153 22470 7
 154 48135 15
 155 28872 9
 156 41691 13
 157 6412 2
 158 41665 13
 159 60876 19
 160 41639 13
 161 9606 3
 162 28809 9
 163 48000 15
 164 9597 3
 165 54366 17
 166 12788 4
 167 54332 17
 168 28755 9
 169 19164 6
 170 60667 19
 171 51072 16
 172 51056 16
 173 28710 9
 174 41457 13
 175 19128 6
 176 31870 10
 177 12744 4
 178 57330 18
 179 9552 3
 180 12732 4
 181 22274 7
 182 41353 13
 183 3180 1
 184 57222 18
 185 63560 20
 186 54009 17
 187 60344 19
 188 53975 17
 189 44436 14
 190 63460 20
 191 53924 17
 192 22197 7
 193 57060 18
 194 25352 8
 195 28512 9
 196 25336 8
 197 12664 4
 198 31650 10
 199 50624 16
 200 28467 9
 201 34782 11
 202 63220 20
 203 15800 5
 204 63180 20
 205 60002 19
 206 25256 8
 207 63120 20
 208 63100 20
 209 53618 17
 210 25224 8
 211 18912 6
 212 28359 9
 213 40950 13
 214 37788 12
 215 40924 13
 216 37764 12
 217 44044 14
 218 56610 18
 219 25152 8
 220 9429 3
 221 15710 5
 222 34551 11
 223 43960 14
 224 12556 4
 225 47070 15
 226 12548 4
 227 47040 15
 228 21945 7
 229 31340 10
 230 15665 5
 231 46980 15
 232 28179 9
 233 9390 3
 234 6258 2
 235 12512 4
 236 34397 11
 237 59394 19
 238 18750 6
 239 28116 9
 240 31230 10
 241 62440 20
 242 12484 4
 243 18720 6
 244 21833 7
 245 6236 2
 246 49872 16
 247 40508 13
 248 62300 20
 249 46710 15
 250 28017 9
 251 18672 6
 252 62220 20
 253 34210 11
 254 62180 20
 255 3108 1
 256 31070 10
 257 40378 13
 258 18630 6
 259 40352 13
 260 37236 12
 261 43428 14
 262 43414 14
 263 27900 9
 264 40287 13
 265 34078 11
 266 61940 20
 267 37152 12
 268 58805 19
 269 49504 16
 270 43302 14
 271 55656 18
 272 61820 20
 273 49440 16
 274 43246 14
 275 27792 9
 276 43218 14
 277 43204 14
 278 37020 12
 279 6168 2
 280 27747 9
 281 40066 13
 282 46215 15
 283 30800 10
 284 21553 7
 285 18468 6
 286 27693 9
 287 61520 20
 288 33825 11
 289 36888 12
 290 9219 3
 291 27648 9
 292 24568 8
 293 52190 17
 294 49104 16
 295 55224 18
 296 36804 12
 297 18396 6
 298 18390 6
 299 36768 12
 300 18378 6
 301 45930 15
 302 52037 17
 303 12240 4
 304 21413 7
 305 6116 2
 306 58083 19
 307 42784 14
 308 9165 3
 309 39702 13
 310 9159 3
 311 24416 8
 312 12204 4
 313 3050 1
 314 60980 20
 315 36576 12
 316 57893 19
 317 36552 12
 318 18270 6
 319 30440 10
 320 60860 20
 321 9126 3
 322 24328 8
 323 9120 3
 324 12156 4
 325 48608 16
 326 24296 8
 327 18216 6
 328 15175 5
 329 60680 20
 330 12132 4
 331 12128 4
 332 15155 5
 333 39390 13
 334 21203 7
 335 45420 15
 336 39351 13
 337 3026 1
 338 45375 15
 339 27216 9
 340 9069 3
 341 3022 1
 342 45315 15
 343 60400 20
 344 33209 11
 345 3018 1
 346 60340 20
 347 39208 13
 348 21105 7
 349 18084 6
 350 36156 12
 351 51204 17
 352 3011 1
 353 9030 3
 354 15045 5
 355 6016 2
 356 12028 4
 357 60120 20
 358 9015 3
 359 12016 4
 360 12012 4
 361 3002 1
 362 3001 1
 363 57000 19
 364 47984 16
 365 17988 6
 366 20979 7
 367 29960 10
 368 14975 5
 369 38922 13
 370 29930 10
 371 2992 1
 372 59820 20
 373 29900 10
 374 26901 9
 375 29880 10
 376 50779 17
 377 29860 10
 378 14925 5
 379 32824 11
 380 41762 14
 381 38766 13
 382 11924 4
 383 53640 18
 384 53622 18
 385 38714 13
 386 5954 2
 387 26784 9
 388 23800 8
 389 2974 1
 390 50541 17
 391 41608 14
 392 14855 5
 393 47520 16
 394 47504 16
 395 50456 17
 396 44505 15
 397 23728 8
 398 35580 12
 399 53352 18
 400 8889 3
 401 17772 6
 402 56259 19
 403 41440 14
 404 44385 15
 405 32538 11
 406 11828 4
 407 23648 8
 408 26595 9
 409 23632 8
 410 56107 19
 411 26568 9
 412 53118 18
 413 2950 1
 414 58980 20
 415 41272 14
 416 26523 9
 417 38298 13
 418 47120 16
 419 50048 17
 420 17658 6
 421 38246 13
 422 2941 1
 423 11760 4
 424 29390 10
 425 14690 5
 426 58740 20
 427 2936 1
 428 32285 11
 429 58680 20
 430 49861 17
 431 49844 17
 432 38103 13
 433 17580 6
 434 38077 13
 435 26352 9
 436 20489 7
 437 17556 6
 438 52650 18
 439 8772 3
 440 23384 8
 441 52596 18
 442 32131 11
 443 32120 11
 444 29190 10
 445 32098 11
 446 49589 17
 447 37908 13
 448 32065 11
 449 23312 8
 450 8739 3
 451 34944 12
 452 23288 8
 453 5820 2
 454 31999 11
 455 31988 11
 456 43605 15
 457 5812 2
 458 46480 16
 459 58080 20
 460 29030 10
 461 55138 19
 462 58020 20
 463 34800 12
 464 46384 16
 465 20286 7
 466 20279 7
 467 20272 7
 468 14475 5
 469 31834 11
 470 5786 2
 471 2892 1
 472 43365 15
 473 49130 17
 474 34668 12
 475 20216 7
 476 31757 11
 477 5772 2
 478 57700 20
 479 11536 4
 480 46128 16
 481 8646 3
 482 20167 7
 483 34560 12
 484 54701 19
 485 46048 16
 486 48909 17
 487 37388 13
 488 51750 18
 489 54606 19
 490 37349 13
 491 34464 12
 492 34452 12
 493 48790 17
 494 11476 4
 495 54492 19
 496 20069 7
 497 54454 19
 498 57300 20
 499 34368 12
 500 34356 12
 501 8586 3
 502 8583 3
 503 17160 6
 504 25731 9
 505 48586 17
 506 45712 16
 507 17136 6
 508 2855 1
 509 28540 10
 510 5706 2
 511 25668 9
 512 19957 7
 513 54150 19
 514 48433 17
 515 19936 7
 516 42705 15
 517 11384 4
 518 8535 3
 519 39816 14
 520 5686 2
 521 31262 11
 522 31251 11
 523 22720 8
 524 45424 16
 525 17028 6
 526 42555 15
 527 28360 10
 528 39690 14
 529 5668 2
 530 16998 6
 531 2832 1
 532 31141 11
 533 2830 1
 534 33948 12
 535 2828 1
 536 25443 9
 537 11304 4
 538 42375 15
 539 33888 12
 540 50814 18
 541 42330 15
 542 14105 5
 543 28200 10
 544 28190 10
 545 33816 12
 546 39438 14
 547 2816 1
 548 36595 13
 549 19698 7
 550 2813 1
 551 2812 1
 552 47787 17
 553 36530 13
 554 2809 1
 555 33696 12
 556 14035 5
 557 25254 9
 558 47685 17
 559 30844 11
 560 36439 13
 561 8406 3
 562 8403 3
 563 8400 3
 564 8397 3
 565 36374 13
 566 39158 14
 567 16776 6
 568 30745 11
 569 22352 8
 570 53067 19
 571 2792 1
 572 33492 12
 573 55800 20
 574 50202 18
 575 41820 15
 576 19509 7
 577 11144 4
 578 16710 6
 579 41760 15
 580 50094 18
 581 41730 15
 582 25029 9
 583 2780 1
 584 38906 14
 585 50004 18
 586 55540 20
 587 5552 2
 588 5550 2
 589 36062 13
 590 38822 14
 591 38808 14
 592 2771 1
 593 30470 11
 594 8307 3
 595 52592 19
 596 52573 19
 597 35958 13
 598 5530 2
 599 27640 10
 600 46971 17
 601 44192 16
 602 44176 16
 603 11040 4
 604 5518 2
 605 19306 7
 606 33084 12
 607 38584 14
 608 2755 1
 609 55080 20
 610 41295 15
 611 13760 5
 612 44016 16
 613 46750 17
 614 10996 4
 615 27480 10
 616 30217 11
 617 19222 7
 618 10980 4
 619 43904 16
 620 21944 8
 621 41130 15
 622 32892 12
 623 32880 12
 624 2739 1
 625 35594 13
 626 10948 4
 627 46512 17
 628 8205 3
 629 46478 17
 630 16398 6
 631 35516 13
 632 16386 6
 633 5460 2
 634 8187 3
 635 8184 3
 636 24543 9
 637 10904 4
 638 51775 19
 639 29964 11
 640 21784 8
 641 5444 2
 642 19047 7
 643 16320 6
 644 40785 15
 645 35334 13
 646 29887 11
 647 32592 12
 648 32580 12
 649 43424 16
 650 8139 3
 651 24408 9
 652 40665 15
 653 32520 12
 654 48762 18
 655 21664 8
 656 27070 10
 657 5412 2
 658 21640 8
 659 45968 17
 660 37842 14
 661 13510 5
 662 45917 17
 663 13500 5
 664 48582 18
 665 40470 15
 666 24273 9
 667 5392 2
 668 16170 6
 669 13470 5
 670 53860 20
 671 24228 9
 672 26910 10
 673 48420 18
 674 21512 8
 675 29568 11
 676 13435 5
 677 32232 12
 678 37590 14
 679 32208 12
 680 53660 20
 681 16092 6
 682 45577 17
 683 13400 5
 684 50901 19
 685 34814 13
 686 50863 19
 687 42816 16
 688 42800 16
 689 10696 4
 690 13365 5
 691 2672 1
 692 40065 15
 693 13350 5
 694 13345 5
 695 45356 17
 696 5334 2
 697 45322 17
 698 2665 1
 699 53280 20
 700 39945 15
 701 18634 7
 702 18627 7
 703 18620 7
 704 7977 3
 705 37212 14
 706 53140 20
 707 5312 2
 708 18585 7
 709 31848 12
 710 39795 15
 711 29172 11
 712 21208 8
 713 53000 20
 714 39735 15
 715 39720 15
 716 2647 1
 717 52920 20
 718 26450 10
 719 47592 18
 720 26430 10
 721 18494 7
 722 52820 20
 723 52800 20
 724 52780 20
 725 7914 3
 726 10548 4
 727 7908 3
 728 52700 20
 729 15804 6
 730 15798 6
 731 52640 20
 732 15786 6
 733 31560 12
 734 36806 14
 735 5256 2
 736 47286 18
 737 10504 4
 738 2625 1
 739 36736 14
 740 10492 4
 741 28842 11
 742 26210 10
 743 2620 1
 744 23571 9
 745 39270 15
 746 31404 12
 747 36624 14
 748 5230 2
 749 18298 7
 750 47034 18
 751 49628 19
 752 36554 14
 753 13050 5
 754 15654 6
 755 10432 4
 756 36498 14
 757 15636 6
 758 28655 11
 759 5208 2
 760 13015 5
 761 39030 15
 762 52020 20
 763 39000 15
 764 49381 19
 765 7794 3
 766 12985 5
 767 46728 18
 768 7785 3
 769 25940 10
 770 15558 6
 771 23328 9
 772 31092 12
 773 20720 8
 774 46602 18
 775 41408 16
 776 12935 5
 777 12930 5
 778 51700 20
 779 49096 19
 780 7749 3
 781 30984 12
 782 12905 5
 783 38700 15
 784 25790 10
 785 20624 8
 786 7731 3
 787 48944 19
 788 28325 11
 789 28314 11
 790 48887 19
 791 43724 17
 792 15426 6
 793 10280 4
 794 10276 4
 795 12840 5
 796 43639 17
 797 46188 18
 798 5130 2
 799 23076 9
 800 23067 9
 801 20496 8
 802 2561 1
 803 5120 2
 804 10236 4
 805 40928 16
 806 51140 20
 807 5112 2
 808 40880 16
 809 45972 18
 810 25530 10
 811 25520 10
 812 22959 9
 813 22950 9
 814 15294 6
 815 40768 16
 816 17829 7
 817 28006 11
 818 22905 9
 819 22896 9
 820 2543 1
 821 35588 14
 822 45738 18
 823 38100 15
 824 17773 7
 825 50760 20
 826 20296 8
 827 10144 4
 828 27885 11
 829 10136 4
 830 40528 16
 831 10128 4
 832 43027 17
 833 10120 4
 834 27819 11
 835 2528 1
 836 20216 8
 837 32838 13
 838 37875 15
 839 45432 18
 840 15138 6
 841 25220 10
 842 45378 18
 843 5040 2
 844 12595 5
 845 42806 17
 846 40272 16
 847 2516 1
 848 45270 18
 849 20112 8
 850 7539 3
 851 17584 7
 852 7533 3
 853 50200 20
 854 22581 9
 855 37620 15
 856 27577 11
 857 50120 20
 858 42585 17
 859 30048 12
 860 5006 2
 861 10008 4
 862 12505 5
 863 32500 13
 864 14994 6
 865 39968 16
 866 2497 1
 867 4992 2
 868 2495 1
 869 9976 4
 870 12465 5
 871 7476 3
 872 29892 12
 873 2490 1
 874 24890 10
 875 47272 19
 876 17409 7
 877 19888 8
 878 42245 17
 879 9936 4
 880 9932 4
 881 47158 19
 882 39696 16
 883 37200 15
 884 9916 4
 885 4956 2
 886 42109 17
 887 39616 16
 888 47025 19
 889 19792 8
 890 17311 7
 891 29664 12
 892 46949 19
 893 49400 20
 894 37035 15
 895 37020 15
 896 32071 13
 897 41922 17
 898 36975 15
 899 46816 19
 900 4926 2
 901 29544 12
 902 14766 6
 903 46740 19
 904 36885 15
 905 19664 8
 906 2457 1
 907 46664 19
 908 2455 1
 909 12270 5
 910 9812 4
 911 9808 4
 912 7353 3
 913 26950 11
 914 41633 17
 915 22032 9
 916 2447 1
 917 19568 8
 918 48900 20
 919 9776 4
 920 4886 2
 921 14652 6
 922 7323 3
 923 7320 3
 924 24390 10
 925 2438 1
 926 43866 18
 927 21924 9
 928 46265 19
 929 36510 15
 930 24330 10
 931 7296 3
 932 41327 17
 933 26730 11
 934 4858 2
 935 12140 5
 936 9708 4
 937 31538 13
 938 21825 9
 939 21816 9
 940 19384 8
 941 43596 18
 942 36315 15
 943 12100 5
 944 38704 16
 945 36270 15
 946 21753 9
 947 48320 20
 948 36225 15
 949 14484 6
 950 4826 2
 951 38592 16
 952 48220 20
 953 48200 20
 954 16863 7
 955 12040 5
 956 36105 15
 957 24060 10
 958 45695 19
 959 7212 3
 960 40851 17
 961 38432 16
 962 4802 2
 963 38400 16
 964 11995 5
 965 21582 9
 966 7191 3
 967 31148 13
 968 38320 16
 969 40698 17
 970 2393 1
 971 11960 5
 972 31083 13
 973 26290 11
 974 33446 14
 975 16716 7
 976 35805 15
 977 31018 13
 978 4770 2
 979 33376 14
 980 35745 15
 981 4764 2
 982 38096 16
 983 9520 4
 984 7137 3
 985 45182 19
 986 11885 5
 987 23760 10
 988 35625 15
 989 45106 19
 990 35595 15
 991 45068 19
 992 26081 11
 993 7110 3
 994 2369 1
 995 16576 7
 996 18936 8
 997 47320 20
 998 44935 19
 999 40188 17
 1000 9452 4
 1001 9448 4
 1002 25971 11
 1003 11800 5
 1004 4718 2
 1005 28296 12
 1006 32998 14
 1007 9424 4
 1008 47100 20
 1009 14124 6
 1010 4706 2
 1011 47040 20
 1012 21159 9
 1013 7050 3
 1014 23490 10
 1015 21132 9
 1016 42246 18
 1017 35190 15
 1018 39865 17
 1019 2344 1
 1020 35145 15
 1021 14052 6
 1022 44479 19
 1023 44460 19
 1024 37424 16
 1025 9352 4
 1026 4674 2
 1027 21024 9
 1028 39695 17
 1029 9336 4
 1030 39661 17
 1031 41976 18
 1032 34965 15
 1033 41940 18
 1034 34935 15
 1035 18624 8
 1036 32578 14
 1037 41868 18
 1038 34875 15
 1039 32536 14
 1040 18584 8
 1041 2322 1
 1042 39457 17
 1043 34800 15
 1044 46380 20
 1045 34770 15
 1046 27804 12
 1047 44004 19
 1048 25465 11
 1049 39338 17
 1050 32382 14
 1051 6936 3
 1052 25421 11
 1053 18480 8
 1054 39253 17
 1055 46160 20
 1056 39219 17
 1057 9224 4
 1058 16135 7
 1059 4608 2
 1060 41454 18
 1061 25322 11
 1062 6903 3
 1063 6900 3
 1064 4598 2
 1065 9192 4
 1066 6891 3
 1067 20664 9
 1068 41310 18
 1069 27528 12
 1070 45860 20
 1071 45840 20
 1072 41238 18
 1073 29770 13
 1074 13734 6
 1075 20592 9
 1076 38879 17
 1077 20574 9
 1078 9140 4
 1079 45680 20
 1080 13698 6
 1081 36512 16
 1082 41058 18
 1083 9120 4
 1084 2279 1
 1085 22780 10
 1086 18216 8
 1087 25036 11
 1088 29575 13
 1089 38658 17
 1090 29549 13
 1091 18176 8
 1092 40878 18
 1093 24970 11
 1094 34035 15
 1095 24948 11
 1096 13602 6
 1097 43054 19
 1098 45300 20
 1099 18112 8
 1100 9052 4
 1101 36192 16
 1102 4522 2
 1103 33900 15
 1104 33885 15
 1105 33870 15
 1106 15799 7
 1107 22560 10
 1108 40590 18
 1109 13524 6
 1110 4506 2
 1111 6756 3
 1112 40518 18
 1113 4500 2
 1114 13494 6
 1115 22480 10
 1116 26964 12
 1117 35936 16
 1118 13470 6
 1119 44880 20
 1120 13458 6
 1121 22420 10
 1122 38097 17
 1123 24640 11
 1124 35824 16
 1125 15666 7
 1126 29081 13
 1127 20124 9
 1128 15645 7
 1129 44680 20
 1130 29029 13
 1131 6696 3
 1132 8924 4
 1133 35680 16
 1134 8916 4
 1135 2228 1
 1136 28951 13
 1137 24486 11
 1138 4450 2
 1139 24464 11
 1140 42237 19
 1141 42218 19
 1142 35536 16
 1143 22200 10
 1144 37723 17
 1145 35488 16
 1146 24387 11
 1147 42104 19
 1148 2215 1
 1149 33210 15
 1150 24343 11
 1151 44240 20
 1152 15477 7
 1153 39780 18
 1154 17672 8
 1155 22080 10
 1156 22070 10
 1157 26472 12
 1158 11025 5
 1159 28652 13
 1160 39654 18
 1161 13212 6
 1162 37417 17
 1163 22000 10
 1164 19791 9
 1165 43960 20
 1166 8788 4
 1167 21960 10
 1168 8780 4
 1169 32910 15
 1170 24123 11
 1171 35072 16
 1172 17528 8
 1173 6570 3
 1174 4378 2
 1175 17504 8
 1176 43740 20
 1177 30604 14
 1178 8740 4
 1179 17472 8
 1180 8732 4
 1181 30548 14
 1182 39258 18
 1183 19620 9
 1184 21790 10
 1185 6534 3
 1186 32655 15
 1187 32640 15
 1188 34800 16
 1189 34784 16
 1190 23903 11
 1191 43440 20
 1192 21710 10
 1193 2170 1
 1194 39042 18
 1195 13008 6
 1196 26004 12
 1197 2166 1
 1198 15155 7
 1199 41116 19
 1200 2163 1
 1201 4324 2
 1202 17288 8
 1203 21600 10
 1204 38862 18
 1205 41002 19
 1206 25884 12
 1207 38808 18
 1208 6465 3
 1209 8616 4
 1210 4306 2
 1211 19368 9
 1212 23661 11
 1213 38700 18
 1214 17192 8
 1215 10740 5
 1216 38646 18
 1217 38628 18
 1218 2145 1
 1219 12864 6
 1220 42860 20
 1221 12852 6
 1222 12846 6
 1223 27820 13
 1224 34224 16
 1225 27794 13
 1226 29918 14
 1227 25632 12
 1228 40565 19
 1229 25608 12
 1230 38394 18
 1231 14924 7
 1232 2131 1
 1233 4260 2
 1234 36193 17
 1235 12768 6
 1236 14889 7
 1237 10630 5
 1238 10625 5
 1239 25488 12
 1240 25476 12
 1241 19098 9
 1242 25452 12
 1243 27560 13
 1244 40261 19
 1245 27534 13
 1246 19053 9
 1247 12696 6
 1248 8460 4
 1249 4228 2
 1250 19017 9
 1251 8448 4
 1252 8444 4
 1253 27430 13
 1254 8436 4
 1255 14756 7
 1256 21070 10
 1257 16848 8
 1258 18945 9
 1259 2104 1
 1260 12618 6
 1261 27326 13
 1262 4202 2
 1263 18900 9
 1264 27287 13
 1265 29372 14
 1266 29358 14
 1267 20960 10
 1268 25140 12
 1269 27222 13
 1270 18837 9
 1271 31380 15
 1272 23001 11
 1273 27170 13
 1274 27157 13
 1275 25056 12
 1276 2087 1
 1277 6258 3
 1278 16680 8
 1279 27092 13
 1280 14581 7
 1281 39558 19
 1282 41620 20
 1283 4160 2
 1284 12474 6
 1285 22858 11
 1286 12462 6
 1287 35292 17
 1288 4150 2
 1289 39406 19
 1290 16584 8
 1291 6216 3
 1292 28994 14
 1293 35190 17
 1294 10345 5
 1295 6204 3
 1296 26871 13
 1297 4132 2
 1298 26845 13
 1299 28896 14
 1300 4126 2
 1301 37116 18
 1302 6183 3
 1303 32960 16
 1304 35003 17
 1305 41160 20
 1306 22627 11
 1307 12336 6
 1308 8220 4
 1309 4108 2
 1310 12318 6
 1311 18468 9
 1312 30765 15
 1313 6150 3
 1314 8196 4
 1315 2048 1
 1316 36846 18
 1317 18414 9
 1318 30675 15
 1319 18396 9
 1320 30645 15
 1321 26546 13
 1322 40820 20
 1323 26520 13
 1324 38741 19
 1325 8152 4
 1326 28518 14
 1327 40720 20
 1328 34595 17
 1329 28476 14
 1330 34561 17
 1331 36576 18
 1332 18279 9
 1333 8120 4
 1334 14203 7
 1335 22308 11
 1336 40540 20
 1337 22286 11
 1338 26325 13
 1339 38456 19
 1340 4046 2
 1341 38418 19
 1342 18189 9
 1343 26260 13
 1344 8076 4
 1345 20180 10
 1346 20170 10
 1347 2016 1
 1348 32240 16
 1349 28196 14
 1350 38247 19
 1351 34204 17
 1352 18099 9
 1353 14070 7
 1354 10045 5
 1355 12048 6
 1356 40140 20
 1357 22066 11
 1358 30075 15
 1359 16032 8
 1360 6009 3
 1361 22022 11
 1362 40020 20
 1363 24000 12
 1364 37981 19
 1365 19980 10
 1366 23964 12
 1367 37924 19
 1368 29925 15
 1369 21934 11
 1370 1993 1
 1371 33864 17
 1372 1991 1
 1373 29850 15
 1374 27846 14
 1375 15904 8
 1376 39740 20
 1377 21846 11
 1378 17865 9
 1379 11904 6
 1380 39660 20
 1381 27748 14
 1382 17829 9
 1383 29700 15
 1384 31664 16
 1385 11868 6
 1386 9885 5
 1387 35568 18
 1388 7900 4
 1389 5922 3
 1390 1973 1
 1391 3944 2
 1392 1971 1
 1393 21670 11
 1394 27566 14
 1395 37392 19
 1396 13769 7
 1397 5898 3
 1398 29475 15
 1399 1964 1
 1400 11778 6
 1401 21582 11
 1402 39220 20
 1403 13720 7
 1404 25467 13
 1405 25454 13
 1406 5871 3
 1407 11736 6
 1408 33235 17
 1409 11724 6
 1410 29295 15
 1411 37088 19
 1412 9755 5
 1413 39000 20
 1414 37031 19
 1415 25324 13
 1416 33099 17
 1417 35028 18
 1418 11670 6
 1419 11664 6
 1420 7772 4
 1421 17478 9
 1422 15528 8
 1423 31040 16
 1424 36841 19
 1425 32946 17
 1426 34866 18
 1427 32912 17
 1428 30960 16
 1429 34812 18
 1430 27062 14
 1431 30912 16
 1432 36689 19
 1433 32810 17
 1434 11574 6
 1435 36632 19
 1436 32759 17
 1437 3852 2
 1438 38500 20
 1439 38480 20
 1440 34614 18
 1441 36518 19
 1442 21131 11
 1443 26880 14
 1444 9595 5
 1445 30688 16
 1446 15336 8
 1447 28740 15
 1448 22980 12
 1449 1914 1
 1450 38260 20
 1451 36328 19
 1452 30576 16
 1453 30560 16
 1454 24817 13
 1455 28620 15
 1456 32419 17
 1457 38120 20
 1458 13335 7
 1459 3808 2
 1460 20933 11
 1461 20922 11
 1462 1901 1
 1463 15200 8
 1464 18990 10
 1465 11388 6
 1466 36043 19
 1467 5688 3
 1468 28425 15
 1469 20834 11
 1470 28395 15
 1471 30272 16
 1472 5673 3
 1473 30240 16
 1474 17001 9
 1475 26432 14
 1476 32079 17
 1477 35834 19
 1478 1885 1
 1479 26376 14
 1480 32011 17
 1481 37640 20
 1482 33858 18
 1483 15040 8
 1484 5637 3
 1485 31926 17
 1486 15016 8
 1487 13132 7
 1488 24375 13
 1489 9370 5
 1490 7492 4
 1491 3744 2
 1492 28065 15
 1493 33660 18
 1494 33642 18
 1495 26152 14
 1496 28005 15
 1497 29856 16
 1498 27975 15
 1499 11184 6
 1500 14904 8
 1501 13034 7
 1502 26054 14
 1503 22320 12
 1504 7436 4
 1505 3716 2
 1506 35283 19
 1507 11136 6
 1508 9275 5
 1509 20394 11
 1510 27795 15
 1511 29632 16
 1512 14808 8
 1513 14800 8
 1514 27735 15
 1515 11088 6
 1516 12929 7
 1517 23998 13
 1518 3690 2
 1519 25816 14
 1520 33174 18
 1521 11052 6
 1522 34979 19
 1523 20240 11
 1524 7356 4
 1525 3676 2
 1526 1837 1
 1527 12852 7
 1528 20185 11
 1529 5502 3
 1530 3666 2
 1531 25648 14
 1532 36620 20
 1533 31110 17
 1534 5487 3
 1535 3656 2
 1536 25578 14
 1537 18260 10
 1538 9125 5
 1539 12768 7
 1540 36460 20
 1541 21864 12
 1542 20031 11
 1543 21840 12
 1544 12733 7
 1545 23634 13
 1546 21804 12
 1547 19976 11
 1548 7260 4
 1549 36280 20
 1550 25382 14
 1551 9060 5
 1552 32598 18
 1553 32580 18
 1554 25326 14
 1555 28928 16
 1556 14456 8
 1557 16254 9
 1558 19855 11
 1559 21648 12
 1560 9015 5
 1561 1802 1
 1562 28816 16
 1563 25200 14
 1564 19789 11
 1565 34162 19
 1566 16173 9
 1567 3592 2
 1568 23335 13
 1569 3588 2
 1570 28688 16
 1571 35840 20
 1572 35820 20
 1573 28640 16
 1574 8945 5
 1575 10728 6
 1576 35740 20
 1577 25004 14
 1578 28560 16
 1579 24976 14
 1580 17830 10
 1581 10692 6
 1582 16029 9
 1583 33820 19
 1584 23127 13
 1585 30226 17
 1586 33763 19
 1587 17760 10
 1588 28400 16
 1589 14192 8
 1590 28368 16
 1591 17720 10
 1592 21252 12
 1593 10620 6
 1594 22997 13
 1595 15912 9
 1596 19437 11
 1597 12362 7
 1598 33535 19
 1599 3528 2
 1600 1763 1
 1601 7048 4
 1602 8805 5
 1603 24640 14
 1604 29903 17
 1605 14064 8
 1606 24598 14
 1607 29852 17
 1608 31590 18
 1609 26310 15
 1610 28048 16
 1611 31536 18
 1612 5253 3
 1613 7000 4
 1614 3498 2
 1615 20976 12
 1616 34940 20
 1617 13968 8
 1618 3490 2
 1619 20928 12
 1620 6972 4
 1621 33098 19
 1622 33079 19
 1623 34800 20
 1624 8695 5
 1625 24332 14
 1626 31266 18
 1627 29512 17
 1628 12145 7
 1629 10404 6
 1630 24262 14
 1631 3464 2
 1632 13848 8
 1633 5190 3
 1634 5187 3
 1635 29376 17
 1636 27632 16
 1637 24164 14
 1638 27600 16
 1639 8620 5
 1640 13784 8
 1641 32718 19
 1642 20652 12
 1643 25800 15
 1644 18909 11
 1645 3436 2
 1646 8585 5
 1647 34320 20
 1648 27440 16
 1649 15426 9
 1650 5139 3
 1651 8560 5
 1652 10266 6
 1653 1710 1
 1654 3418 2
 1655 3416 2
 1656 6828 4
 1657 1706 1
 1658 27280 16
 1659 13632 8
 1660 30654 18
 1661 15318 9
 1662 6804 4
 1663 32300 19
 1664 8495 5
 1665 3396 2
 1666 8485 5
 1667 6784 4
 1668 28815 17
 1669 25410 15
 1670 28781 17
 1671 21996 13
 1672 23674 14
 1673 11830 7
 1674 6756 4
 1675 8440 5
 1676 33740 20
 1677 11802 7
 1678 32015 19
 1679 28628 17
 1680 33660 20
 1681 23548 14
 1682 18491 11
 1683 11760 7
 1684 21827 13
 1685 10068 6
 1686 16770 10
 1687 33520 20
 1688 11725 7
 1689 20088 12
 1690 8365 5
 1691 18392 11
 1692 30078 18
 1693 26720 16
 1694 15021 9
 1695 31692 19
 1696 3334 2
 1697 1666 1
 1698 26640 16
 1699 19968 12
 1700 13304 8
 1701 26592 16
 1702 4983 3
 1703 19920 12
 1704 11613 7
 1705 13264 8
 1706 14913 9
 1707 1656 1
 1708 31445 19
 1709 9924 6
 1710 29754 18
 1711 18172 11
 1712 6604 4
 1713 31350 19
 1714 8245 5
 1715 4944 3
 1716 24705 15
 1717 6584 4
 1718 9870 6
 1719 16440 10
 1720 31217 19
 1721 16420 10
 1722 4923 3
 1723 22960 14
 1724 14751 9
 1725 3276 2
 1726 14733 9
 1727 22904 14
 1728 24525 15
 1729 4902 3
 1730 13064 8
 1731 14688 9
 1732 24465 15
 1733 21190 13
 1734 19548 12
 1735 27676 17
 1736 17897 11
 1737 21138 13
 1738 24375 15
 1739 30856 19
 1740 19476 12
 1741 3244 2
 1742 22694 14
 1743 8100 5
 1744 19428 12
 1745 3236 2
 1746 25872 16
 1747 6464 4
 1748 9690 6
 1749 25824 16
 1750 1613 1
 1751 19344 12
 1752 6444 4
 1753 20930 13
 1754 27353 17
 1755 32160 20
 1756 14463 9
 1757 1606 1
 1758 3210 2
 1759 11228 7
 1760 22442 14
 1761 24030 15
 1762 1601 1
 1763 17600 11
 1764 7995 5
 1765 20774 13
 1766 9582 6
 1767 28728 18
 1768 7975 5
 1769 17534 11
 1770 15930 10
 1771 11144 7
 1772 7955 5
 1773 9540 6
 1774 6356 4
 1775 12704 8
 1776 12696 8
 1777 15860 10
 1778 28530 18
 1779 17424 11
 1780 25328 16
 1781 14238 9
 1782 6324 4
 1783 18960 12
 1784 14211 9
 1785 31560 20
 1786 11039 7
 1787 11032 7
 1788 29925 19
 1789 29906 19
 1790 31460 20
 1791 1572 1
 1792 12568 8
 1793 9420 6
 1794 17259 11
 1795 7840 5
 1796 15670 10
 1797 7830 5
 1798 18780 12
 1799 25024 16
 1800 21882 14
 1801 12496 8
 1802 26537 17
 1803 6240 4
 1804 31180 20
 1805 1558 1
 1806 1557 1
 1807 20228 13
 1808 6220 4
 1809 10878 7
 1810 29507 19
 1811 12416 8
 1812 3102 2
 1813 12400 8
 1814 13941 9
 1815 24768 16
 1816 12376 8
 1817 1546 1
 1818 6180 4
 1819 15440 10
 1820 15430 10
 1821 12336 8
 1822 13869 9
 1823 20020 13
 1824 15390 10
 1825 3076 2
 1826 1537 1
 1827 4608 3
 1828 9210 6
 1829 3068 2
 1830 21462 14
 1831 24512 16
 1832 9186 6
 1833 27540 18
 1834 13761 9
 1835 10696 7
 1836 13743 9
 1837 21364 14
 1838 9150 6
 1839 9144 6
 1840 22845 15
 1841 22830 15
 1842 4563 3
 1843 9120 6
 1844 28861 19
 1845 30360 20
 1846 19721 13
 1847 9096 6
 1848 1515 1
 1849 19682 13
 1850 22695 15
 1851 7560 5
 1852 6044 4
 1853 13590 9
 1854 16599 11
 1855 30160 20
 1856 24112 16
 1857 18072 12
 1858 13545 9
 1859 27072 18
 1860 27054 18
 1861 22530 15
 1862 1501 1
 1863 15000 10
 1864 8994 6
 1865 10486 7
 1866 8982 6
 1867 16456 11
 1868 4485 3
 1869 11952 8
 1870 7465 5
 1871 10444 7
 1872 4473 3
 1873 25330 17
 1874 19357 13
 1875 26784 18
 1876 10409 7
 1877 20804 14
 1878 11880 8
 1879 25228 17
 1880 20762 14
 1881 16302 11
 1882 4443 3
 1883 16280 11
 1884 4437 3
 1885 7390 5
 1886 11816 8
 1887 8856 6
 1888 19175 13
 1889 8844 6
 1890 7365 5
 1891 23552 16
 1892 27949 19
 1893 7350 5
 1894 8814 6
 1895 13212 9
 1896 29340 20
 1897 1466 1
 1898 23440 16
 1899 24888 17
 1900 7315 5
 1901 19006 13
 1902 27759 19
 1903 13140 9
 1904 11672 8
 1905 14580 10
 1906 18941 13
 1907 10192 7
 1908 13095 9
 1909 7270 5
 1910 21795 15
 1911 11616 8
 1912 13059 9
 1913 24650 17
 1914 10143 7
 1915 8688 6
 1916 17364 12
 1917 14460 10
 1918 4335 3
 1919 20216 14
 1920 28860 20
 1921 15862 11
 1922 21615 15
 1923 17280 12
 1924 12951 9
 1925 10066 7
 1926 21555 15
 1927 1436 1
 1928 28700 20
 1929 21510 15
 1930 15763 11
 1931 21480 15
 1932 22896 16
 1933 22880 16
 1934 10003 7
 1935 25704 18
 1936 1427 1
 1937 22816 16
 1938 4275 3
 1939 7120 5
 1940 15653 11
 1941 27018 19
 1942 9947 7
 1943 7100 5
 1944 2838 2
 1945 4254 3
 1946 26923 19
 1947 5664 4
 1948 19810 14
 1949 28280 20
 1950 24021 17
 1951 26828 19
 1952 14110 10
 1953 5640 4
 1954 14090 10
 1955 5632 4
 1956 25326 18
 1957 16872 12
 1958 16860 12
 1959 15444 11
 1960 22448 16
 1961 14020 10
 1962 1401 1
 1963 28000 20
 1964 12591 9
 1965 20970 15
 1966 22352 16
 1967 9772 7
 1968 22320 16
 1969 2788 2
 1970 26467 19
 1971 22272 16
 1972 5564 4
 1973 16680 12
 1974 19446 14
 1975 20820 15
 1976 18031 13
 1977 6930 5
 1978 26315 19
 1979 19376 14
 1980 23511 17
 1981 9674 7
 1982 19334 14
 1983 16560 12
 1984 23443 17
 1985 1378 1
 1986 11016 8
 1987 11008 8
 1988 17875 13
 1989 26106 19
 1990 17849 13
 1991 12348 9
 1992 10968 8
 1993 12330 9
 1994 27380 20
 1995 21888 16
 1996 21872 16
 1997 24588 18
 1998 12285 9
 1999 27280 20
 2000 8178 6
 2001 20430 15
 2002 10888 8
 2003 17680 13
 2004 13590 10
 2005 1358 1
 2006 14927 11
 2007 8136 6
 2008 14905 11
 2009 23018 17
 2010 8118 6
 2011 22984 17
 2012 1351 1
 2013 5400 4
 2014 17537 13
 2015 24264 18
 2016 25593 19
 2017 6730 5
 2018 25555 19
 2019 6720 5
 2020 5372 4
 2021 18788 14
 2022 25479 19
 2023 14740 11
 2024 10712 8
 2025 24084 18
 2026 22729 17
 2027 20040 15
 2028 25365 19
 2029 4002 3
 2030 21328 16
 2031 2664 2
 2032 11979 9
 2033 2660 2
 2034 22593 17
 2035 22576 17
 2036 17251 13
 2037 21216 16
 2038 23850 18
 2039 18536 14
 2040 19845 15
 2041 21152 16
 2042 11889 9
 2043 26400 20
 2044 15828 12
 2045 13180 10
 2046 14487 11
 2047 7896 6
 2048 10520 8
 2049 15768 12
 2050 18382 14
 2051 11808 9
 2052 19665 15
 2053 15720 12
 2054 9163 7
 2055 14388 11
 2056 6535 5
 2057 13060 10
 2058 13050 10
 2059 1304 1
 2060 6515 5
 2061 26040 20
 2062 19515 15
 2063 6500 5
 2064 19485 15
 2065 7788 6
 2066 23346 18
 2067 18144 14
 2068 16835 13
 2069 1294 1
 2070 23274 18
 2071 7752 6
 2072 23238 18
 2073 14190 11
 2074 12890 10
 2075 14168 11
 2076 7722 6
 2077 19290 15
 2078 1285 1
 2079 16692 13
 2080 11547 9
 2081 2564 2
 2082 8967 7
 2083 11520 9
 2084 2558 2
 2085 14058 11
 2086 12770 10
 2087 6380 5
 2088 3825 3
 2089 20384 16
 2090 14003 11
 2091 13992 11
 2092 21607 17
 2093 2540 2
 2094 7614 6
 2095 8876 7
 2096 17738 14
 2097 13926 11
 2098 1265 1
 2099 2528 2
 2100 17682 14
 2101 6310 5
 2102 22698 18
 2103 13860 11
 2104 16367 13
 2105 17612 14
 2106 11313 9
 2107 23864 19
 2108 5020 4
 2109 5016 4
 2110 5012 4
 2111 12520 10
 2112 20016 16
 2113 7500 6
 2114 24980 20
 2115 16224 13
 2116 13717 11
 2117 4984 4
 2118 2490 2
 2119 19904 16
 2120 14916 12
 2121 7452 6
 2122 14892 12
 2123 6200 5
 2124 18585 15
 2125 12380 10
 2126 3711 3
 2127 4944 4
 2128 4940 4
 2129 22212 18
 2130 20961 17
 2131 11088 9
 2132 3693 3
 2133 3690 3
 2134 4916 4
 2135 22104 18
 2136 22086 18
 2137 3678 3
 2138 20825 17
 2139 3672 3
 2140 24460 20
 2141 19552 16
 2142 24420 20
 2143 13420 11
 2144 9752 8
 2145 21924 18
 2146 3651 3
 2147 3648 3
 2148 18225 15
 2149 14568 12
 2150 9704 8
 2151 19392 16
 2152 10899 9
 2153 15730 13
 2154 1209 1
 2155 7248 6
 2156 16898 14
 2157 12060 10
 2158 3615 3
 2159 20468 17
 2160 3609 3
 2161 13222 11
 2162 14412 12
 2163 16800 14
 2164 2398 2
 2165 11980 10
 2166 19152 16
 2167 16744 14
 2168 23900 20
 2169 10746 9
 2170 9544 8
 2171 23840 20
 2172 13101 11
 2173 17850 15
 2174 19024 16
 2175 11880 10
 2176 2374 2
 2177 4744 4
 2178 16590 14
 2179 8288 7
 2180 4732 4
 2181 13002 11
 2182 10629 9
 2183 9440 8
 2184 20043 17
 2185 22382 19
 2186 1177 1
 2187 1176 1
 2188 9400 8
 2189 3522 3
 2190 21114 18
 2191 11720 10
 2192 18736 16
 2193 3510 3
 2194 18704 16
 2195 22192 19
 2196 19839 17
 2197 15158 13
 2198 23300 20
 2199 5820 5
 2200 6978 6
 2201 13944 12
 2202 4644 4
 2203 15080 13
 2204 10431 9
 2205 15054 13
 2206 13884 12
 2207 15028 13
 2208 23100 20
 2209 21926 19
 2210 18448 16
 2211 18432 16
 2212 13812 12
 2213 11500 10
 2214 18384 16
 2215 20664 18
 2216 4588 4
 2217 18336 16
 2218 3435 3
 2219 4576 4
 2220 13716 12
 2221 11420 10
 2222 13692 12
 2223 12540 11
 2224 3417 3
 2225 9104 8
 2226 12507 11
 2227 2272 2
 2228 4540 4
 2229 11340 10
 2230 11330 10
 2231 19244 17
 2232 3393 3
 2233 14690 13
 2234 21451 19
 2235 12408 11
 2236 14651 13
 2237 11260 10
 2238 13500 12
 2239 14612 13
 2240 11230 10
 2241 19074 17
 2242 17936 16
 2243 12320 11
 2244 2238 2
 2245 8944 8
 2246 3351 3
 2247 16740 15
 2248 4460 4
 2249 1114 1
 2250 8904 8
 2251 22240 20
 2252 18887 17
 2253 9990 9
 2254 17744 16
 2255 12188 11
 2256 21033 19
 2257 6636 6
 2258 4420 4
 2259 3312 3
 2260 3309 3
 2261 14326 13
 2262 2202 2
 2263 19800 18
 2264 14287 13
 2265 13176 12
 2266 1097 1
 2267 4384 4
 2268 14235 13
 2269 16410 15
 2270 9837 9
 2271 8736 8
 2272 5455 5
 2273 2180 2
 2274 9801 9
 2275 6528 6
 2276 18479 17
 2277 10860 10
 2278 14105 13
 2279 17344 16
 2280 8664 8
 2281 7574 7
 2282 17296 16
 2283 5400 5
 2284 17264 16
 2285 10780 10
 2286 20463 19
 2287 5380 5
 2288 7525 7
 2289 20406 19
 2290 5365 5
 2291 2144 2
 2292 6426 6
 2293 20330 19
 2294 4276 4
 2295 21360 20
 2296 11737 11
 2297 20254 19
 2298 12780 12
 2299 10640 10
 2300 10630 10
 2301 1062 1
 2302 10610 10
 2303 7420 7
 2304 18003 17
 2305 5290 5
 2306 21140 20
 2307 16896 16
 2308 1055 1
 2309 15810 15
 2310 3159 3
 2311 19988 19
 2312 14714 14
 2313 17850 17
 2314 4196 4
 2315 3144 3
 2316 3141 3
 2317 2092 2
 2318 17765 17
 2319 4176 4
 2320 16688 16
 2321 14588 14
 2322 2082 2
 2323 17680 17
 2324 12468 12
 2325 12456 12
 2326 2074 2
 2327 7252 7
 2328 6210 6
 2329 1034 1
 2330 5165 5
 2331 10320 10
 2332 14434 14
 2333 7210 7
 2334 2058 2
 2335 9252 9
 2336 3081 3
 2337 14364 14
 2338 16400 16
 2339 14336 14
 2340 5115 5
 2341 12264 12
 2342 1021 1
 2343 20400 20
 2344 9171 9
 2345 11198 11
 2346 6102 6
 2347 7112 7
 2348 6090 6
 2349 19266 19
 2350 10130 10
 2351 13156 13
 2352 4044 4
 2353 3030 3
 2354 1009 1
 2355 8064 8
 2356 18126 18
 2357 12072 12
 2358 11055 11
 2359 4016 4
 2360 13039 13
 2361 2004 2
 2362 10010 10
 2363 12000 12
 2364 999 1
 2365 9980 10
 2366 18943 19
 2367 17928 18
 2368 19900 20
 2369 6958 7
 2370 8937 9
 2371 4960 5
 2372 15856 16
 2373 12870 13
 2374 14835 15
 2375 6916 7
 2376 7896 8
 2377 16762 17
 2378 16745 17
 2379 14760 15
 2380 12779 13
 2381 11784 12
 2382 11772 12
 2383 13720 14
 2384 11748 12
 2385 14670 15
 2386 13678 14
 2387 6832 7
 2388 16575 17
 2389 19480 20
 2390 1946 2
 2391 5832 6
 2392 971 1
 2393 2910 3
 2394 11628 12
 2395 17424 18
 2396 18373 19
 2397 8694 9
 2398 19300 20
 2399 17352 18
 2400 2889 3
 2401 6734 7
 2402 4805 5
 2403 10560 11
 2404 1918 2
 2405 13412 14
 2406 18183 19
 2407 15296 16
 2408 955 1
 2409 16218 17
 2410 14295 15
 2411 4760 5
 2412 5706 6
 2413 2850 3
 2414 6643 7
 2415 18960 20
 2416 10417 11
 2417 15136 16
 2418 3780 4
 2419 2832 3
 2420 13202 14
 2421 8478 9
 2422 12233 13
 2423 16920 18
 2424 10329 11
 2425 5628 6
 2426 14992 16
 2427 10296 11
 2428 14960 16
 2429 2802 3
 2430 17727 19
 2431 15844 17
 2432 8379 9
 2433 3720 4
 2434 7432 8
 2435 3712 4
 2436 6489 7
 2437 8334 9
 2438 14800 16
 2439 5544 6
 2440 16614 18
 2441 17518 19
 2442 14736 16
 2443 8280 9
 2444 3676 4
 2445 3672 4
 2446 917 1
 2447 2748 3
 2448 11895 13
 2449 7312 8
 2450 14608 16
 2451 7296 8
 2452 7288 8
 2453 7280 8
 2454 9090 10
 2455 9080 10
 2456 4535 5
 2457 18120 20
 2458 14480 16
 2459 18080 20
 2460 7224 8
 2461 4510 5
 2462 9010 10
 2463 1800 2
 2464 14384 16
 2465 14368 16
 2466 1794 2
 2467 8960 10
 2468 6265 7
 2469 16092 18
 2470 1786 2
 2471 5352 6
 2472 5346 6
 2473 11570 13
 2474 16891 19
 2475 14208 16
 2476 15079 17
 2477 15062 17
 2478 10620 12
 2479 12376 14
 2480 7064 8
 2481 11466 13
 2482 17620 20
 2483 16720 19
 2484 9669 11
 2485 7902 9
 2486 9647 11
 2487 7884 9
 2488 9625 11
 2489 13110 15
 2490 11349 13
 2491 3488 4
 2492 17420 20
 2493 10440 12
 2494 11297 13
 2495 6944 8
 2496 12138 14
 2497 4330 5
 2498 12110 14
 2499 14688 17
 2500 863 1
 2501 862 1
 2502 11193 13
 2503 1720 2
 2504 15462 18
 2505 858 1
 2506 11998 14
 2507 13696 16
 2508 2565 3
 2509 11956 14
 2510 10236 12
 2511 11076 13
 2512 9361 11
 2513 10200 12
 2514 5943 7
 2515 2544 3
 2516 5929 7
 2517 4230 5
 2518 5915 7
 2519 4220 5
 2520 843 1
 2521 16840 20
 2522 16820 20
 2523 13440 16
 2524 16780 20
 2525 9218 11
 2526 9207 11
 2527 5016 6
 2528 8350 10
 2529 5838 7
 2530 9996 12
 2531 12480 15
 2532 2493 3
 2533 9960 12
 2534 12435 15
 2535 4140 5
 2536 4962 6
 2537 14868 18
 2538 1650 2
 2539 824 1
 2540 11522 14
 2541 4932 6
 2542 9031 11
 2543 11480 14
 2544 2457 3
 2545 6544 8
 2546 5719 7
 2547 7344 9
 2548 12225 15
 2549 5698 7
 2550 13821 17
 2551 4060 5
 2552 12165 15
 2553 16200 20
 2554 14562 18
 2555 808 1
 2556 3228 4
 2557 6448 8
 2558 11270 14
 2559 1608 2
 2560 9636 12
 2561 16040 20
 2562 16020 20
 2563 4800 6
 2564 3995 5
 2565 11970 15
 2566 11955 15
 2567 5572 7
 2568 11925 15
 2569 10322 13
 2570 2379 3
 2571 10296 13
 2572 4746 6
 2573 11060 14
 2574 1578 2
 2575 9456 12
 2576 9444 12
 2577 3144 4
 2578 10205 13
 2579 13328 17
 2580 783 1
 2581 7038 9
 2582 11715 15
 2583 9360 12
 2584 14022 18
 2585 3112 4
 2586 13209 17
 2587 15520 20
 2588 14725 19
 2589 2322 3
 2590 2319 3
 2591 7720 10
 2592 9252 12
 2593 1540 2
 2594 4614 6
 2595 6912 9
 2596 9971 13
 2597 9192 12
 2598 3060 4
 2599 764 1
 2600 13734 18
 2601 5334 7
 2602 15220 20
 2603 9120 12
 2604 9108 12
 2605 13644 18
 2606 4542 6
 2607 756 1
 2608 3020 4
 2609 4524 6
 2610 4518 6
 2611 2256 3
 2612 10514 14
 2613 9000 12
 2614 2996 4
 2615 1496 2
 2616 11952 16
 2617 13428 18
 2618 11175 15
 2619 7440 10
 2620 11145 15
 2621 13356 18
 2622 9633 13
 2623 5920 8
 2624 8129 11
 2625 11070 15
 2626 8844 12
 2627 13248 18
 2628 8820 12
 2629 8074 11
 2630 3665 5
 2631 13908 19
 2632 7310 10
 2633 8760 12
 2634 5832 8
 2635 12376 17
 2636 5089 7
 2637 8712 12
 2638 4350 6
 2639 7964 11
 2640 13737 19
 2641 5776 8
 2642 5047 7
 2643 7200 10
 2644 14380 20
 2645 12206 17
 2646 5736 8
 2647 5728 8
 2648 12870 18
 2649 9282 13
 2650 14260 20
 2651 12104 17
 2652 10665 15
 2653 1420 2
 2654 7799 11
 2655 7788 11
 2656 4242 6
 2657 11296 16
 2658 1410 2
 2659 704 1
 2660 6327 9
 2661 2106 3
 2662 13319 19
 2663 9100 13
 2664 9786 14
 2665 13960 20
 2666 7667 11
 2667 11136 16
 2668 8340 12
 2669 2776 4
 2670 4851 7
 2671 7612 11
 2672 691 1
 2673 11040 16
 2674 4823 7
 2675 4816 7
 2676 12366 18
 2677 2058 3
 2678 8220 12
 2679 2736 4
 2680 1366 2
 2681 5456 8
 2682 6129 9
 2683 13600 20
 2684 5432 8
 2685 11526 17
 2686 8124 12
 2687 8112 12
 2688 12825 19
 2689 12132 18
 2690 5384 8
 2691 3360 5
 2692 4697 7
 2693 4020 6
 2694 7359 11
 2695 668 1
 2696 2668 4
 2697 13320 20
 2698 12635 19
 2699 6640 10
 2700 663 1
 2701 8606 13
 2702 2644 4
 2703 7260 11
 2704 659 1
 2705 5922 9
 2706 1314 2
 2707 2624 4
 2708 7860 12
 2709 9810 15
 2710 1306 2
 2711 12388 19
 2712 651 1
 2713 9100 14
 2714 1947 3
 2715 9072 14
 2716 4529 7
 2717 9044 14
 2718 6450 10
 2719 7084 11
 2720 1929 3
 2721 3210 5
 2722 8333 13
 2723 3840 6
 2724 9585 15
 2725 12122 19
 2726 637 1
 2727 6996 11
 2728 10160 16
 2729 6340 10
 2730 5064 8
 2731 10744 17
 2732 3786 6
 2733 10080 16
 2734 1887 3
 2735 6280 10
 2736 6270 10
 2737 7512 12
 2738 1875 3
 2739 12480 20
 2740 8722 14
 2741 12440 20
 2742 7452 12
 2743 10540 17
 2744 10523 17
 2745 3708 6
 2746 6170 10
 2747 3080 5
 2748 1845 3
 2749 6140 10
 2750 1226 2
 2751 9792 16
 2752 7943 13
 2753 7320 12
 2754 3654 6
 2755 3648 6
 2756 4856 8
 2757 7272 12
 2758 11495 19
 2759 8456 14
 2760 3015 5
 2761 7826 13
 2762 12020 20
 2763 6600 11
 2764 2995 5
 2765 11960 20
 2766 1194 2
 2767 5960 10
 2768 8925 15
 2769 1188 2
 2770 8302 14
 2771 11248 19
 2772 10638 18
 2773 10030 17
 2774 3534 6
 2775 10584 18
 2776 9392 16
 2777 8204 14
 2778 8775 15
 2779 2920 5
 2780 1166 2
 2781 2328 4
 2782 10458 18
 2783 2320 4
 2784 2316 4
 2785 4624 8
 2786 7501 13
 2787 6336 11
 2788 8050 14
 2789 8610 15
 2790 6876 12
 2791 572 1
 2792 571 1
 2793 7410 13
 2794 5690 10
 2795 1704 3
 2796 6237 11
 2797 5094 9
 2798 6780 12
 2799 3948 7
 2800 2815 5
 2801 4496 8
 2802 1683 3
 2803 3920 7
 2804 11180 20
 2805 1116 2
 2806 10026 18
 2807 7228 13
 2808 6105 11
 2809 554 1
 2810 7742 14
 2811 4416 8
 2812 2204 4
 2813 5500 10
 2814 6588 12
 2815 9864 18
 2816 5470 10
 2817 9282 17
 2818 4360 8
 2819 4896 9
 2820 7602 14
 2821 4878 9
 2822 5410 10
 2823 7020 13
 2824 4312 8
 2825 7532 14
 2826 10740 20
 2827 9112 17
 2828 8560 16
 2829 10146 19
 2830 6929 13
 2831 8512 16
 2832 8496 16
 2833 4770 9
 2834 8464 16
 2835 9504 18
 2836 10013 19
 2837 4734 9
 2838 1050 2
 2839 3668 7
 2840 10460 20
 2841 10440 20
 2842 7294 14
 2843 7800 15
 2844 4671 9
 2845 2072 4
 2846 9306 18
 2847 516 1
 2848 515 1
 2849 8738 17
 2850 6669 13
 2851 6656 13
 2852 3577 7
 2853 6120 12
 2854 1018 2
 2855 10160 20
 2856 1521 3
 2857 9108 18
 2858 8080 16
 2859 8568 17
 2860 3018 6
 2861 6024 12
 2862 2004 4
 2863 6500 13
 2864 4990 10
 2865 4482 9
 2866 9443 19
 2867 9920 20
 2868 7920 16
 2869 4446 9
 2870 7395 15
 2871 6888 14
 2872 2455 5
 2873 7350 15
 2874 2445 5
 2875 8784 18
 2876 6331 13
 2877 2430 5
 2878 1940 4
 2879 1936 4
 2880 2415 5
 2881 964 2
 2882 9620 20
 2883 4800 10
 2884 1437 3
 2885 956 2
 2886 5724 12
 2887 7140 15
 2888 4750 10
 2889 9480 20
 2890 9460 20
 2891 6136 13
 2892 8949 19
 2893 1410 3
 2894 3752 8
 2895 6552 14
 2896 3736 8
 2897 2796 6
 2898 4185 9
 2899 1856 4
 2900 6945 15
 2901 5544 12
 2902 5071 11
 2903 1840 4
 2904 918 2
 2905 2290 5
 2906 8683 19
 2907 4560 10
 2908 5915 13
 2909 2724 6
 2910 4530 10
 2911 4972 11
 2912 3608 8
 2913 5850 13
 2914 8531 19
 2915 1792 4
 2916 6705 15
 2917 6690 15
 2918 3115 7
 2919 6660 15
 2920 8860 20
 2921 7514 17
 2922 6615 15
 2923 3520 8
 2924 5707 13
 2925 3942 9
 2926 2185 5
 2927 3052 7
 2928 5220 12
 2929 3472 8
 2930 5629 13
 2931 3456 8
 2932 3448 8
 2933 1290 3
 2934 2574 6
 2935 428 1
 2936 2562 6
 2937 8094 19
 2938 2550 6
 2939 424 1
 2940 1269 3
 2941 1266 3
 2942 1263 3
 2943 5460 13
 2944 2933 7
 2945 6688 16
 2946 4587 11
 2947 4160 10
 2948 3320 8
 2949 5796 14
 2950 1239 3
 2951 1648 4
 2952 1233 3
 2953 2050 5
 2954 7771 19
 2955 8160 20
 2956 7326 18
 2957 7308 18
 2958 7695 19
 2959 4848 12
 2960 6851 17
 2961 6030 15
 2962 2005 5
 2963 6800 17
 2964 5985 15
 2965 398 1
 2966 4764 12
 2967 3564 9
 2968 1580 4
 2969 7880 20
 2970 786 2
 2971 3528 9
 2972 3519 9
 2973 4290 11
 2974 2334 6
 2975 1164 3
 2976 5805 15
 2977 2316 6
 2978 5390 14
 2979 6528 17
 2980 2681 7
 2981 382 1
 2982 6096 16
 2983 3420 9
 2984 1516 4
 2985 2268 6
 2986 4901 13
 2987 7144 19
 2988 375 1
 2989 7106 19
 2990 5222 14
 2991 5952 16
 2992 7420 20
 2993 4440 12
 2994 2952 8
 2995 6256 17
 2996 6239 17
 2997 7320 20
 2998 7300 20
 2999 5460 15
 3000 5808 16
 3001 4344 12
 3002 6859 19
 3003 2880 8
 3004 3949 11
 3005 6802 19
 3006 6783 19
 3007 2492 7
 3008 6035 17
 3009 4602 13
 3010 6354 18
 3011 5984 17
 3012 7020 20
 3013 350 1
 3014 1745 5
 3015 4524 13
 3016 5899 17
 3017 3114 9
 3018 1035 3
 3019 1032 3
 3020 4116 12
 3021 2394 7
 3022 3069 9
 3023 2720 8
 3024 6441 19
 3025 3042 9
 3026 4044 12
 3027 3024 9
 3028 6365 19
 3029 334 1
 3030 6327 19
 3031 3320 10
 3032 2317 7
 3033 2310 7
 3034 1645 5
 3035 1968 6
 3036 1308 4
 3037 326 1
 3038 2925 9
 3039 1620 5
 3040 4522 14
 3041 2898 9
 3042 6420 20
 3043 4480 14
 3044 1595 5
 3045 1590 5
 3046 1585 5
 3047 4424 14
 3048 6300 20
 3049 3454 11
 3050 4069 13
 3051 936 3
 3052 1866 6
 3053 620 2
 3054 5562 18
 3055 5236 17
 3056 614 2
 3057 4590 15
 3058 1220 4
 3059 5168 17
 3060 2121 7
 3061 6040 20
 3062 2709 9
 3063 6000 20
 3064 3588 12
 3065 3576 12
 3066 891 3
 3067 296 1
 3068 3245 11
 3069 4410 15
 3070 879 3
 3071 4088 14
 3072 2328 8
 3073 4060 14
 3074 4913 17
 3075 2880 10
 3076 5740 20
 3077 5148 18
 3078 3705 13
 3079 1420 5
 3080 566 2
 3081 2820 10
 3082 1686 6
 3083 2800 10
 3084 1395 5
 3085 5004 18
 3086 5540 20
 3087 2484 9
 3088 3300 12
 3089 3836 14
 3090 819 3
 3091 2720 10
 3092 2439 9
 3093 2970 11
 3094 3497 13
 3095 4020 15
 3096 2937 11
 3097 3192 12
 3098 5035 19
 3099 4488 17
 3100 789 3
 3101 2882 11
 3102 4698 18
 3103 3640 14
 3104 4144 16
 3105 3870 15
 3106 4626 18
 3107 2560 10
 3108 3825 15
 3109 3048 12
 3110 1518 6
 3111 2772 11
 3112 1506 6
 3113 1750 7
 3114 2241 9
 3115 1984 8
 3116 1976 8
 3117 738 3
 3118 2205 9
 3119 244 1
 3120 243 1
 3121 4356 18
 3122 1928 8
 3123 1920 8
 3124 1673 7
 3125 2142 9
 3126 3081 13
 3127 4720 20
 3128 2820 12
 3129 3978 17
 3130 2563 11
 3131 1392 6
 3132 4620 20
 3133 690 3
 3134 2061 9
 3135 684 3
 3136 454 2
 3137 2712 12
 3138 3150 14
 3139 2912 13
 3140 4460 20
 3141 444 2
 3142 884 4
 3143 1980 9
 3144 876 4
 3145 3270 15
 3146 1302 6
 3147 648 3
 3148 4085 19
 3149 1070 5
 3150 852 4
 3151 3816 18
 3152 4220 20
 3153 2310 11
 3154 2299 11
 3155 1040 5
 3156 1242 6
 3157 2060 10
 3158 2870 14
 3159 1020 5
 3160 3045 15
 3161 404 2
 3162 3417 17
 3163 2800 14
 3164 2189 11
 3165 1980 10
 3166 3349 17
 3167 3724 19
 3168 3120 16
 3169 1746 9
 3170 3281 17
 3171 576 3
 3172 1337 7
 3173 3610 19
 3174 945 5
 3175 1692 9
 3176 3740 20
 3177 1116 6
 3178 2775 15
 3179 3496 19
 3180 2379 13
 3181 2548 14
 3182 2715 15
 3183 360 2
 3184 2685 15
 3185 2848 16
 3186 3363 19
 3187 1232 7
 3188 525 3
 3189 3132 18
 3190 1730 10
 3191 2580 15
 3192 1026 6
 3193 3400 20
 3194 845 5
 3195 2352 14
 3196 1336 8
 3197 3320 20
 3198 1815 11
 3199 2624 16
 3200 2608 16
 3201 1296 8
 3202 2254 14
 3203 2240 14
 3204 318 2
 3205 1896 12
 3206 2041 13
 3207 936 6
 3208 1860 12
 3209 1078 7
 3210 306 2
 3211 1824 12
 3212 453 3
 3213 900 6
 3214 1937 13
 3215 2812 19
 3216 294 2
 3217 146 1
 3218 435 3
 3219 1872 13
 3220 1287 9
 3221 2698 19
 3222 2397 17
 3223 2520 18
 3224 1251 9
 3225 414 3
 3226 2740 20
 3227 1632 12
 3228 2700 20
 3229 402 3
 3230 798 6
 3231 2508 19
 3232 1965 15
 3233 1170 9
 3234 1032 8
 3235 1280 10
 3236 1905 15
 3237 126 1
 3238 2375 19
 3239 1488 12
 3240 2460 20
 3241 1586 13
 3242 1452 12
 3243 720 6
 3244 952 8
 3245 1298 11
 3246 936 8
 3247 1508 13
 3248 1610 14
 3249 1140 10
 3250 113 1
 3251 336 3
 3252 1554 14
 3253 1100 10
 3254 1744 16
 3255 1728 16
 3256 321 3
 3257 636 6
 3258 1890 18
 3259 1872 18
 3260 721 7
 3261 1326 13
 3262 606 6
 3263 300 3
 3264 1386 14
 3265 294 3
 3266 582 6
 3267 1632 17
 3268 950 10
 3269 1410 15
 3270 744 8
 3271 644 7
 3272 728 8
 3273 1080 12
 3274 267 3
 3275 1672 19
 3276 261 3
 3277 430 5
 3278 1190 14
 3279 168 2
 3280 166 2
 3281 820 10
 3282 1377 17
 3283 80 1
 3284 1264 16
 3285 1482 19
 3286 693 9
 3287 304 4
 3288 750 10
 3289 296 4
 3290 1314 18
 3291 1440 20
 3292 1420 20
 3293 1330 19
 3294 1173 17
 3295 1156 17
 3296 67 1
 3297 924 14
 3298 520 8
 3299 128 2
 3300 252 4
 3301 62 1
 3302 610 10
 3303 420 7
 3304 708 12
 3305 754 13
 3306 1026 18
 3307 280 5
 3308 275 5
 3309 378 7
 3310 742 14
 3311 104 2
 3312 357 7
 3313 350 7
 3314 49 1
 3315 480 10
 3316 235 5
 3317 46 1
 3318 180 4
 3319 748 17
 3320 258 6
 3321 210 5
 3322 369 9
 3323 40 1
 3324 546 14
 3325 228 6
 3326 296 8
 3327 432 12
 3328 560 16
 3329 102 3
 3330 594 18
 3331 544 17
 3332 186 6
 3333 60 2
 3334 406 14
 3335 392 14
 3336 513 19
 3337 468 18
 3338 100 4
 3339 216 9
 3340 184 8
 3341 330 15
 3342 294 14
 3343 220 11
 3344 323 17
 3345 216 12
 3346 51 3
 3347 176 11
 3348 210 14
 3349 98 7
 3350 104 8
 3351 36 3
 3352 11 1
 3353 110 11
 3354 45 5
 3355 128 16
 3356 35 5
 3357 72 12
 3358 20 4
 3359 48 12
 3360 18 6
 3361 12 6
 3362 14 14
60516