412
 1 5768 14
 2 6987 17
 3 6150 15
 4 6544 16
 5 6528 16
 6 8140 20
 7 1624 4
 8 6075 15
 9 8080 20
 10 6045 15
 11 4020 10
 12 4010 10
 13 2400 6
 14 798 2
 15 796 2
 16 4764 12
 17 1584 4
 18 1975 5
 19 6304 16
 20 1572 4
 21 5096 13
 22 3910 10
 23 390 1
 24 6613 17
 25 7760 20
 26 4257 11
 27 3474 9
 28 6930 18
 29 6528 17
 30 7277 19
 31 4966 13
 32 762 2
 33 760 2
 34 5685 15
 35 378 1
 36 3393 9
 37 376 1
 38 2250 6
 39 2992 8
 40 4476 12
 41 2976 8
 42 2226 6
 43 4070 11
 44 1476 4
 45 1840 5
 46 2569 7
 47 4392 12
 48 4380 12
 49 5824 16
 50 5082 14
 51 6516 18
 52 4332 12
 53 2160 6
 54 5026 14
 55 5728 16
 56 1785 5
 57 1780 5
 58 5325 15
 59 2124 6
 60 3530 10
 61 3520 10
 62 4914 14
 63 350 1
 64 3490 10
 65 5568 16
 66 6593 19
 67 2076 6
 68 5520 16
 69 688 2
 70 343 1
 71 3420 10
 72 4092 12
 73 6120 18
 74 339 1
 75 4394 13
 76 4718 14
 77 5376 16
 78 6700 20
 79 5678 17
 80 5994 18
 81 3320 10
 82 5296 16
 83 1980 6
 84 987 3
 85 4920 15
 86 3597 11
 87 3586 11
 88 6500 20
 89 2592 8
 90 6137 19
 91 6118 19
 92 5457 17
 93 6080 19
 94 2871 9
 95 2544 8
 96 5706 18
 97 3160 10
 98 6300 20
 99 5652 18
 100 5008 16
 101 1872 6
 102 5909 19
 103 2790 9
 104 2163 7
 105 3080 10
 106 5833 19
 107 306 1
 108 2440 8
 109 304 1
 110 606 2
 111 4832 16
 112 3612 12
 113 2400 8
 114 299 1
 115 5960 20
 116 4158 14
 117 888 3
 118 4130 14
 119 2058 7
 120 586 2
 121 1460 5
 122 2037 7
 123 1160 4
 124 1156 4
 125 3744 13
 126 5166 18
 127 4576 16
 128 3420 12
 129 568 2
 130 1981 7
 131 3384 12
 132 5339 19
 133 4480 16
 134 3906 14
 135 2780 10
 136 1385 5
 137 1656 6
 138 4400 16
 139 3836 14
 140 1638 6
 141 4896 18
 142 3523 13
 143 270 1
 144 1614 6
 145 804 3
 146 4005 15
 147 2660 10
 148 795 3
 149 2376 9
 150 2893 11
 151 5240 20
 152 2349 9
 153 4420 17
 154 2331 9
 155 516 2
 156 1028 4
 157 5120 20
 158 2040 8
 159 1524 6
 160 3542 14
 161 1764 7
 162 2761 11
 163 2750 11
 164 2739 11
 165 992 4
 166 4940 20
 167 246 1
 168 4165 17
 169 4392 18
 170 2673 11
 171 726 3
 172 964 4
 173 480 2
 174 478 2
 175 714 3
 176 1185 5
 177 3068 13
 178 940 4
 179 3042 13
 180 3495 15
 181 3016 13
 182 4389 19
 183 2760 12
 184 4580 20
 185 1368 6
 186 3632 16
 187 2034 9
 188 4500 20
 189 2240 10
 190 3791 17
 191 1998 9
 192 2652 12
 193 660 3
 194 3942 18
 195 1962 9
 196 3689 17
 197 648 3
 198 2795 13
 199 1498 7
 200 426 2
 201 2756 13
 202 422 2
 203 210 1
 204 2090 10
 205 3952 19
 206 3312 16
 207 1030 5
 208 615 3
 209 2652 13
 210 2639 13
 211 3838 19
 212 1206 6
 213 1800 9
 214 1194 6
 215 594 3
 216 2167 11
 217 3528 18
 218 2145 11
 219 776 4
 220 3860 20
 221 3840 20
 222 1337 7
 223 1710 9
 224 189 1
 225 3196 17
 226 1683 9
 227 1302 7
 228 1480 8
 229 1104 6
 230 549 3
 231 3094 17
 232 181 1
 233 3060 17
 234 2327 13
 235 890 5
 236 1239 7
 237 2288 13
 238 1400 8
 239 3132 18
 240 1211 7
 241 2752 16
 242 3420 20
 243 1870 11
 244 2197 13
 245 1176 7
 246 3173 19
 247 2822 17
 248 2640 16
 249 492 3
 250 2608 16
 251 972 6
 252 2415 15
 253 1280 8
 254 1590 10
 255 2212 14
 256 314 2
 257 156 1
 258 2790 18
 259 1540 10
 260 1071 7
 261 152 1
 262 906 6
 263 1350 9
 264 1341 9
 265 2812 19
 266 2793 19
 267 1314 9
 268 1305 9
 269 1440 10
 270 1573 11
 271 426 3
 272 2538 18
 273 2100 15
 274 417 3
 275 414 3
 276 411 3
 277 816 6
 278 1350 10
 279 1876 14
 280 1330 10
 281 924 7
 282 1048 8
 283 650 5
 284 645 5
 285 384 3
 286 635 5
 287 2268 18
 288 1000 8
 289 496 4
 290 2214 18
 291 732 6
 292 484 4
 293 720 6
 294 357 3
 295 1062 9
 296 1989 17
 297 2204 19
 298 1610 14
 299 228 2
 300 2034 18
 301 336 3
 302 1110 10
 303 770 7
 304 327 3
 305 2052 19
 306 428 4
 307 1060 10
 308 525 5
 309 1976 19
 310 824 8
 311 918 9
 312 2020 20
 313 100 1
 314 1683 17
 315 1862 19
 316 1649 17
 317 672 7
 318 1235 13
 319 282 3
 320 279 3
 321 184 2
 322 455 5
 323 1530 17
 324 890 10
 325 792 9
 326 1479 17
 327 946 11
 328 1275 15
 329 1512 18
 330 1577 19
 331 328 4
 332 1620 20
 333 1440 18
 334 79 1
 335 1326 17
 336 1001 13
 337 1140 15
 338 825 11
 339 1110 15
 340 1460 20
 341 72 1
 342 1136 16
 343 1400 20
 344 1173 17
 345 1224 18
 346 469 7
 347 594 9
 348 260 4
 349 128 2
 350 315 5
 351 124 2
 352 671 11
 353 600 10
 354 1003 17
 355 348 6
 356 171 3
 357 392 7
 358 330 6
 359 108 2
 360 689 13
 361 416 8
 362 255 5
 363 200 4
 364 98 2
 365 720 15
 366 893 19
 367 46 1
 368 270 6
 369 440 10
 370 344 8
 371 798 19
 372 123 3
 373 680 17
 374 234 6
 375 456 12
 376 111 3
 377 216 6
 378 420 12
 379 544 16
 380 297 9
 381 416 13
 382 620 20
 383 540 18
 384 145 5
 385 196 7
 386 27 1
 387 390 15
 388 300 12
 389 432 18
 390 230 10
 391 154 7
 392 84 4
 393 260 13
 394 342 18
 395 36 2
 396 340 20
 397 128 8
 398 60 4
 399 70 5
 400 260 20
 401 156 13
 402 187 17
 403 40 4
 404 162 18
 405 64 8
 406 63 9
 407 72 12
 408 10 2
 409 20 5
 410 30 10
 411 30 15
 412 20 20
7004