5116
 1 30696 6
 2 92070 18
 3 51140 10
 4 61356 12
 5 71568 14
 6 56221 11
 7 25550 5
 8 66417 13
 9 15324 3
 10 5107 1
 11 10212 2
 12 71470 14
 13 45936 9
 14 40824 8
 15 20408 4
 16 71414 14
 17 61200 12
 18 50990 10
 19 91764 18
 20 66261 13
 21 40768 8
 22 66235 13
 23 45846 9
 24 61116 12
 25 81472 16
 26 50910 10
 27 30540 6
 28 81424 16
 29 5088 1
 30 40696 8
 31 91548 18
 32 96615 19
 33 76260 15
 34 50830 10
 35 81312 16
 36 50810 10
 37 25400 5
 38 55869 11
 39 10156 2
 40 55847 11
 41 81216 16
 42 60900 12
 43 25370 5
 44 50730 10
 45 25360 5
 46 25355 5
 47 81120 16
 48 60828 12
 49 81088 16
 50 60804 12
 51 40528 8
 52 86105 17
 53 15192 3
 54 55693 11
 55 20248 4
 56 25305 5
 57 55660 11
 58 96121 19
 59 30348 6
 60 60684 12
 61 96064 19
 62 45495 9
 63 10108 2
 64 60636 12
 65 70728 14
 66 101020 20
 67 10100 2
 68 75735 15
 69 75720 15
 70 25235 5
 71 10092 2
 72 65585 13
 73 95836 19
 74 80688 16
 75 45378 9
 76 65533 13
 77 10080 2
 78 55429 11
 79 95722 19
 80 5037 1
 81 85612 17
 82 85595 17
 83 40272 8
 84 75495 15
 85 100640 20
 86 60372 12
 87 85510 17
 88 80464 16
 89 70392 14
 90 70378 14
 91 50260 10
 92 45225 9
 93 45216 9
 94 40184 8
 95 20088 4
 96 60252 12
 97 85340 17
 98 80304 16
 99 95342 19
 100 15051 3
 101 5016 1
 102 70210 14
 103 40112 8
 104 95247 19
 105 95228 19
 106 15033 3
 107 20040 4
 108 65117 13
 109 20032 4
 110 15021 3
 111 15018 3
 112 10010 2
 113 80064 16
 114 50030 10
 115 30012 6
 116 65013 13
 117 35000 7
 118 9998 2
 119 4998 1
 120 69958 14
 121 54956 11
 122 34965 7
 123 99880 20
 124 54923 11
 125 14976 3
 126 19964 4
 127 54890 11
 128 54879 11
 129 39904 8
 130 19948 4
 131 39888 8
 132 39880 8
 133 4984 1
 134 79728 16
 135 29892 6
 136 4981 1
 137 89640 18
 138 49790 10
 139 54758 11
 140 4977 1
 141 29856 6
 142 59700 12
 143 14922 3
 144 59676 12
 145 29832 6
 146 89478 18
 147 69580 14
 148 79504 16
 149 29808 6
 150 94373 19
 151 14898 3
 152 24825 5
 153 34748 7
 154 69482 14
 155 14886 3
 156 89298 18
 157 34720 7
 158 94221 19
 159 99160 20
 160 19828 4
 161 94164 19
 162 79280 16
 163 39632 8
 164 44577 9
 165 9904 2
 166 84167 17
 167 24750 5
 168 4949 1
 169 69272 14
 170 84099 17
 171 89028 18
 172 59340 12
 173 39552 8
 174 79088 16
 175 64246 13
 176 39528 8
 177 88920 18
 178 54329 11
 179 19752 4
 180 64181 13
 181 34552 7
 182 34545 7
 183 24670 5
 184 14799 3
 185 64116 13
 186 49310 10
 187 59160 12
 188 59148 12
 189 54208 11
 190 78832 16
 191 44334 9
 192 14775 3
 193 78784 16
 194 9846 2
 195 88596 18
 196 34447 7
 197 54120 11
 198 78704 16
 199 73770 15
 200 88506 18
 201 88488 18
 202 44235 9
 203 63882 13
 204 29478 6
 205 63856 13
 206 73665 15
 207 24550 5
 208 58908 12
 209 63804 13
 210 34349 7
 211 78496 16
 212 78480 16
 213 34328 7
 214 24515 5
 215 14706 3
 216 39208 8
 217 98000 20
 218 24495 5
 219 88164 18
 220 44073 9
 221 93024 19
 222 9790 2
 223 63622 13
 224 73395 15
 225 4892 1
 226 24455 5
 227 53790 11
 228 19556 4
 229 19552 4
 230 73305 15
 231 29316 6
 232 34195 7
 233 53724 11
 234 53713 11
 235 87876 18
 236 19524 4
 237 97600 20
 238 43911 9
 239 92682 19
 240 68278 14
 241 34132 7
 242 29250 6
 243 58488 12
 244 43857 9
 245 43848 9
 246 4871 1
 247 14610 3
 248 29214 6
 249 77888 16
 250 68138 14
 251 24330 5
 252 68110 14
 253 87552 18
 254 29178 6
 255 24310 5
 256 38888 8
 257 82620 17
 258 14577 3
 259 4858 1
 260 53427 11
 261 63128 13
 262 29130 6
 263 97080 20
 264 58236 12
 265 38816 8
 266 4851 1
 267 14550 3
 268 9698 2
 269 63024 13
 270 87246 18
 271 72690 15
 272 87210 18
 273 53284 11
 274 14529 3
 275 38736 8
 276 82297 17
 277 4840 1
 278 24195 5
 279 72570 15
 280 82229 17
 281 38688 8
 282 38680 8
 283 87012 18
 284 53163 11
 285 24160 5
 286 91789 19
 287 9660 2
 288 9658 2
 289 28968 6
 290 9654 2
 291 33782 7
 292 86850 18
 293 91656 19
 294 38584 8
 295 33754 7
 296 33747 7
 297 62660 13
 298 14457 3
 299 86724 18
 300 57804 12
 301 9632 2
 302 48150 10
 303 86652 18
 304 52943 11
 305 43308 9
 306 81787 17
 307 14430 3
 308 72135 15
 309 14424 3
 310 48070 10
 311 57672 12
 312 43245 9
 313 14412 3
 314 43227 9
 315 9604 2
 316 57612 12
 317 62400 13
 318 52789 11
 319 76768 16
 320 67158 14
 321 23980 5
 322 62335 13
 323 91086 19
 324 33551 7
 325 19168 4
 326 38328 8
 327 19160 4
 328 47890 10
 329 57456 12
 330 47870 10
 331 9572 2
 332 76560 16
 333 47840 10
 334 52613 11
 335 14346 3
 336 9562 2
 337 76480 16
 338 90801 19
 339 23890 5
 340 62101 13
 341 52536 11
 342 52525 11
 343 9548 2
 344 85914 18
 345 47720 10
 346 62023 13
 347 52470 11
 348 95380 20
 349 14304 3
 350 85806 18
 351 4766 1
 352 66710 14
 353 90516 19
 354 9526 2
 355 4762 1
 356 14283 3
 357 23800 5
 358 28554 6
 359 9516 2
 360 57084 12
 361 61828 13
 362 14265 3
 363 85572 18
 364 52283 11
 365 42768 9
 366 33257 7
 367 38000 8
 368 47490 10
 369 52228 11
 370 18988 4
 371 66444 14
 372 33215 7
 373 80648 17
 374 4743 1
 375 28452 6
 376 4741 1
 377 61620 13
 378 28434 6
 379 9476 2
 380 4737 1
 381 18944 4
 382 80495 17
 383 80478 17
 384 23665 5
 385 4732 1
 386 4731 1
 387 4730 1
 388 94580 20
 389 56736 12
 390 28362 6
 391 33082 7
 392 85050 18
 393 70860 15
 394 42507 9
 395 9444 2
 396 28326 6
 397 61360 13
 398 75504 16
 399 70770 15
 400 70755 15
 401 56592 12
 402 37720 8
 403 4714 1
 404 75408 16
 405 61256 13
 406 18844 4
 407 28260 6
 408 42381 9
 409 89452 19
 410 23535 5
 411 9412 2
 412 18820 4
 413 14112 3
 414 18812 4
 415 89338 19
 416 32907 7
 417 51700 11
 418 89281 19
 419 56376 12
 420 37576 8
 421 32872 7
 422 56340 12
 423 65716 14
 424 4693 1
 425 70380 15
 426 75056 16
 427 14070 3
 428 9378 2
 429 28128 6
 430 18748 4
 431 9372 2
 432 14055 3
 433 65576 14
 434 70245 15
 435 84276 18
 436 65534 14
 437 14040 3
 438 93580 20
 439 60814 13
 440 14031 3
 441 93520 20
 442 23375 5
 443 79458 17
 444 32711 7
 445 18688 4
 446 88749 19
 447 56040 12
 448 65366 14
 449 28008 6
 450 32669 7
 451 88654 19
 452 55980 12
 453 60632 13
 454 93260 20
 455 88578 19
 456 69915 15
 457 60580 13
 458 9318 2
 459 4658 1
 460 27942 6
 461 32592 7
 462 41895 9
 463 46540 10
 464 46530 10
 465 32564 7
 466 88369 19
 467 79050 17
 468 92980 20
 469 51128 11
 470 69705 15
 471 23230 5
 472 78965 17
 473 18576 4
 474 51073 11
 475 41778 9
 476 4641 1
 477 51040 11
 478 74224 16
 479 32466 7
 480 69555 15
 481 55632 12
 482 27810 6
 483 64876 14
 484 60229 13
 485 4632 1
 486 13893 3
 487 50930 11
 488 18516 4
 489 55536 12
 490 64778 14
 491 64764 14
 492 50875 11
 493 87856 19
 494 23115 5
 495 87818 19
 496 83178 18
 497 27720 6
 498 50809 11
 499 64652 14
 500 41553 9
 501 64624 14
 502 92300 20
 503 59982 13
 504 50743 11
 505 9224 2
 506 32277 7
 507 73760 16
 508 59917 13
 509 9216 2
 510 87533 19
 511 64484 14
 512 59865 13
 513 92080 20
 514 59839 13
 515 82836 18
 516 69015 15
 517 87400 19
 518 55188 12
 519 36784 8
 520 68955 15
 521 36768 8
 522 32165 7
 523 78098 17
 524 82674 18
 525 32144 7
 526 41319 9
 527 64260 14
 528 68835 15
 529 91760 20
 530 87153 19
 531 45860 10
 532 73360 16
 533 77928 17
 534 32081 7
 535 32074 7
 536 77877 17
 537 54960 12
 538 18316 4
 539 9156 2
 540 54924 12
 541 41184 9
 542 41175 9
 543 32018 7
 544 32011 7
 545 36576 8
 546 13713 3
 547 45700 10
 548 73104 16
 549 82224 18
 550 9134 2
 551 22830 5
 552 41085 9
 553 63896 14
 554 73008 16
 555 4562 1
 556 82098 18
 557 91200 20
 558 18236 4
 559 86602 19
 560 36456 8
 561 18224 4
 562 54660 12
 563 9108 2
 564 63742 14
 565 91040 20
 566 36408 8
 567 86450 19
 568 90980 20
 569 68220 15
 570 81846 18
 571 45460 10
 572 18180 4
 573 13632 3
 574 40887 9
 575 77214 17
 576 49951 11
 577 13620 3
 578 31773 7
 579 54456 12
 580 13611 3
 581 63504 14
 582 68025 15
 583 86146 19
 584 4533 1
 585 54384 12
 586 49841 11
 587 36240 8
 588 54348 12
 589 27168 6
 590 13581 3
 591 49786 11
 592 76925 17
 593 76908 17
 594 4523 1
 595 81396 18
 596 81378 18
 597 81360 18
 598 4519 1
 599 49698 11
 600 81306 18
 601 9032 2
 602 85785 19
 603 76738 17
 604 9026 2
 605 13536 3
 606 58643 13
 607 63140 14
 608 90180 20
 609 40572 9
 610 72112 16
 611 67590 15
 612 54060 12
 613 40536 9
 614 36024 8
 615 63028 14
 616 45010 10
 617 85500 19
 618 53988 12
 619 71968 16
 620 26982 6
 621 26976 6
 622 4495 1
 623 53928 12
 624 85367 19
 625 80856 18
 626 71856 16
 627 22450 5
 628 49379 11
 629 71808 16
 630 13461 3
 631 8972 2
 632 31395 7
 633 35872 8
 634 53796 12
 635 35856 8
 636 71696 16
 637 76160 17
 638 8958 2
 639 85082 19
 640 26862 6
 641 62664 14
 642 4475 1
 643 31318 7
 644 22365 5
 645 8944 2
 646 80478 18
 647 67050 15
 648 22345 5
 649 22340 5
 650 4467 1
 651 89320 20
 652 89300 20
 653 53568 12
 654 80334 18
 655 58006 13
 656 31227 7
 657 57980 13
 658 53508 12
 659 13374 3
 660 80226 18
 661 8912 2
 662 26730 6
 663 66810 15
 664 35624 8
 665 8904 2
 666 80118 18
 667 4450 1
 668 4449 1
 669 84512 19
 670 44470 10
 671 17784 4
 672 40005 9
 673 13332 3
 674 62202 14
 675 44420 10
 676 17764 4
 677 57720 13
 678 53268 12
 679 48818 11
 680 84303 19
 681 84284 19
 682 31045 7
 683 75378 17
 684 22165 5
 685 75344 17
 686 26586 6
 687 88600 20
 688 26574 6
 689 44280 10
 690 79686 18
 691 70816 16
 692 22125 5
 693 39816 9
 694 61922 14
 695 48642 11
 696 30947 7
 697 88400 20
 698 44190 10
 699 53016 12
 700 57421 13
 701 57408 13
 702 52980 12
 703 61796 14
 704 79434 18
 705 8824 2
 706 30877 7
 707 57330 13
 708 26454 6
 709 8816 2
 710 8814 2
 711 22030 5
 712 8810 2
 713 79272 18
 714 79254 18
 715 88040 20
 716 66015 15
 717 57200 13
 718 74783 17
 719 57174 13
 720 70352 16
 721 26376 6
 722 35160 8
 723 52728 12
 724 65895 15
 725 43920 10
 726 43910 10
 727 52680 12
 728 43890 10
 729 8776 2
 730 61418 14
 731 13158 3
 732 87700 20
 733 4384 1
 734 48213 11
 735 26292 6
 736 43810 10
 737 13140 3
 738 21895 5
 739 26268 6
 740 4377 1
 741 65640 15
 742 52500 12
 743 56862 13
 744 13119 3
 745 39348 9
 746 83049 19
 747 87400 20
 748 61166 14
 749 61152 14
 750 56771 13
 751 30562 7
 752 39285 9
 753 43640 10
 754 43630 10
 755 78516 18
 756 65415 15
 757 78480 18
 758 8718 2
 759 43580 10
 760 34856 8
 761 87120 20
 762 60970 14
 763 56602 13
 764 60942 14
 765 30464 7
 766 43510 10
 767 73950 17
 768 13047 3
 769 73916 17
 770 26082 6
 771 56498 13
 772 13035 3
 773 34752 8
 774 47773 11
 775 78156 18
 776 43410 10
 777 17360 4
 778 52068 12
 779 17352 4
 780 65055 15
 781 60704 14
 782 30345 7
 783 86680 20
 784 86660 20
 785 8664 2
 786 25986 6
 787 73610 17
 788 73593 17
 789 47608 11
 790 86540 20
 791 86520 20
 792 12975 3
 793 4324 1
 794 69168 16
 795 43220 10
 796 86420 20
 797 69120 16
 798 43190 10
 799 38862 9
 800 73389 17
 801 30212 7
 802 56095 13
 803 51768 12
 804 81947 19
 805 4312 1
 806 21555 5
 807 81890 19
 808 12927 3
 809 34464 8
 810 55991 13
 811 81814 19
 812 81795 19
 813 60256 14
 814 77454 18
 815 68832 16
 816 25806 6
 817 34400 8
 818 68784 16
 819 73066 17
 820 12891 3
 821 55848 13
 822 68720 16
 823 85880 20
 824 4293 1
 825 17168 4
 826 55783 13
 827 68640 16
 828 60046 14
 829 55744 13
 830 47157 11
 831 85720 20
 832 59990 14
 833 38556 9
 834 8566 2
 835 47102 11
 836 21405 5
 837 8560 2
 838 59906 14
 839 59892 14
 840 17108 4
 841 25656 6
 842 25650 6
 843 55562 13
 844 38457 9
 845 46992 11
 846 81149 19
 847 12810 3
 848 59766 14
 849 81092 19
 850 72539 17
 851 21330 5
 852 51180 12
 853 63960 15
 854 12789 3
 855 38358 9
 856 42610 10
 857 25560 6
 858 29813 7
 859 46838 11
 860 42570 10
 861 17024 4
 862 68080 16
 863 21270 5
 864 76554 18
 865 80788 19
 866 85020 20
 867 80750 19
 868 16996 4
 869 59472 14
 870 29729 7
 871 80674 19
 872 59430 14
 873 4244 1
 874 8486 2
 875 55146 13
 876 84820 20
 877 29680 7
 878 80541 19
 879 8476 2
 880 72029 17
 881 25416 6
 882 50820 12
 883 67744 16
 884 16932 4
 885 84640 20
 886 8462 2
 887 59220 14
 888 12687 3
 889 42280 10
 890 21135 5
 891 4226 1
 892 76050 18
 893 71808 17
 894 38007 9
 895 21110 5
 896 84420 20
 897 29540 7
 898 63285 15
 899 4218 1
 900 42170 10
 901 63240 15
 902 75870 18
 903 75852 18
 904 67408 16
 905 37908 9
 906 8422 2
 907 8420 2
 908 4209 1
 909 29456 7
 910 58898 14
 911 67296 16
 912 8410 2
 913 75672 18
 914 8406 2
 915 12606 3
 916 12603 3
 917 21000 5
 918 16796 4
 919 4198 1
 920 46167 11
 921 54548 13
 922 75510 18
 923 50328 12
 924 29351 7
 925 67072 16
 926 20955 5
 927 67040 16
 928 20945 5
 929 25128 6
 930 25122 6
 931 83720 20
 932 20925 5
 933 37656 9
 934 79477 19
 935 33456 8
 936 66896 16
 937 16720 4
 938 16716 4
 939 37602 9
 940 83540 20
 941 75168 18
 942 75150 18
 943 66784 16
 944 62595 15
 945 83440 20
 946 33368 8
 947 58380 14
 948 37521 9
 949 66688 16
 950 70839 17
 951 20830 5
 952 16660 4
 953 79116 19
 954 83260 20
 955 83240 20
 956 58254 14
 957 16640 4
 958 20795 5
 959 54054 13
 960 58198 14
 961 37404 9
 962 16620 4
 963 37386 9
 964 53989 13
 965 66432 16
 966 62265 15
 967 29050 7
 968 45639 11
 969 24888 6
 970 16588 4
 971 45606 11
 972 16580 4
 973 12432 3
 974 45573 11
 975 41420 10
 976 20705 5
 977 49680 12
 978 28973 7
 979 41380 10
 980 57918 14
 981 62040 15
 982 70295 17
 983 41340 10
 984 33064 8
 985 45452 11
 986 16524 4
 987 28910 7
 988 61935 15
 989 20640 5
 990 66032 16
 991 33008 8
 992 53625 13
 993 57736 14
 994 37107 9
 995 37098 9
 996 28847 7
 997 16480 4
 998 28833 7
 999 53534 13
 1000 37053 9
 1001 74088 18
 1002 16460 4
 1003 74052 18
 1004 69921 17
 1005 16448 4
 1006 78109 19
 1007 24660 6
 1008 73962 18
 1009 73944 18
 1010 73926 18
 1011 8212 2
 1012 65680 16
 1013 73872 18
 1014 73854 18
 1015 41020 10
 1016 8202 2
 1017 61500 15
 1018 69683 17
 1019 12294 3
 1020 77843 19
 1021 77824 19
 1022 61425 15
 1023 20470 5
 1024 36837 9
 1025 20460 5
 1026 61365 15
 1027 28630 7
 1028 40890 10
 1029 4088 1
 1030 69479 17
 1031 57204 14
 1032 4085 1
 1033 12252 3
 1034 12249 3
 1035 69394 17
 1036 24486 6
 1037 40800 10
 1038 32632 8
 1039 73404 18
 1040 8154 2
 1041 44836 11
 1042 57050 14
 1043 81480 20
 1044 28511 7
 1045 81440 20
 1046 73278 18
 1047 65120 16
 1048 77311 19
 1049 48816 12
 1050 56938 14
 1051 52858 13
 1052 73170 18
 1053 81280 20
 1054 40630 10
 1055 36558 9
 1056 73098 18
 1057 64960 16
 1058 24354 6
 1059 48696 12
 1060 81140 20
 1061 48672 12
 1062 52715 13
 1063 64864 16
 1064 8106 2
 1065 72936 18
 1066 56714 14
 1067 44550 11
 1068 32392 8
 1069 64768 16
 1070 80940 20
 1071 20230 5
 1072 52585 13
 1073 40440 10
 1074 16172 4
 1075 4042 1
 1076 20205 5
 1077 64640 16
 1078 68663 17
 1079 12114 3
 1080 40370 10
 1081 28252 7
 1082 20175 5
 1083 48408 12
 1084 72594 18
 1085 20160 5
 1086 40310 10
 1087 68510 17
 1088 60435 15
 1089 64448 16
 1090 64432 16
 1091 60390 15
 1092 24150 6
 1093 8048 2
 1094 40230 10
 1095 44242 11
 1096 12063 3
 1097 80400 20
 1098 40190 10
 1099 32144 8
 1100 36153 9
 1101 36144 9
 1102 76285 19
 1103 48168 12
 1104 20065 5
 1105 52156 13
 1106 60165 15
 1107 8020 2
 1108 8018 2
 1109 68136 17
 1110 16028 4
 1111 72108 18
 1112 56070 14
 1113 56056 14
 1114 60045 15
 1115 44022 11
 1116 4001 1
 1117 72000 18
 1118 31992 8
 1119 55972 14
 1120 63952 16
 1121 51948 13
 1122 31960 8
 1123 63904 16
 1124 23958 6
 1125 3992 1
 1126 39910 10
 1127 55860 14
 1128 59835 15
 1129 31904 8
 1130 59805 15
 1131 51818 13
 1132 7970 2
 1133 19920 5
 1134 31864 8
 1135 19910 5
 1136 3981 1
 1137 55720 14
 1138 75601 19
 1139 79560 20
 1140 15908 4
 1141 19880 5
 1142 71550 18
 1143 59610 15
 1144 51649 13
 1145 63552 16
 1146 47652 12
 1147 43670 11
 1148 19845 5
 1149 35712 9
 1150 43637 11
 1151 67422 17
 1152 47580 12
 1153 67388 17
 1154 11889 3
 1155 67354 17
 1156 35649 9
 1157 67320 17
 1158 79180 20
 1159 55412 14
 1160 63312 16
 1161 51428 13
 1162 19775 5
 1163 27678 7
 1164 35577 9
 1165 31616 8
 1166 59265 15
 1167 59250 15
 1168 23694 6
 1169 23688 6
 1170 19735 5
 1171 43406 11
 1172 19725 5
 1173 67048 17
 1174 70974 18
 1175 3942 1
 1176 11823 3
 1177 78800 20
 1178 35451 9
 1179 27566 7
 1180 27559 7
 1181 66912 17
 1182 27545 7
 1183 39340 10
 1184 39330 10
 1185 31456 8
 1186 51103 13
 1187 27510 7
 1188 58935 15
 1189 23568 6
 1190 51051 13
 1191 70668 18
 1192 27475 7
 1193 19620 5
 1194 66691 17
 1195 50986 13
 1196 74499 19
 1197 54880 14
 1198 31352 8
 1199 70524 18
 1200 74423 19
 1201 46992 12
 1202 7830 2
 1203 58710 15
 1204 27391 7
 1205 11736 3
 1206 50843 13
 1207 3910 1
 1208 58635 15
 1209 58620 15
 1210 54698 14
 1211 19530 5
 1212 66385 17
 1213 11712 3
 1214 66351 17
 1215 78040 20
 1216 11703 3
 1217 15600 4
 1218 3899 1
 1219 38980 10
 1220 15588 4
 1221 46752 12
 1222 31160 8
 1223 50622 13
 1224 66181 17
 1225 46704 12
 1226 7782 2
 1227 27230 7
 1228 7778 2
 1229 54432 14
 1230 69966 18
 1231 19430 5
 1232 11655 3
 1233 42724 11
 1234 15532 4
 1235 69876 18
 1236 73739 19
 1237 73720 19
 1238 38790 10
 1239 31024 8
 1240 65909 17
 1241 65892 17
 1242 50375 13
 1243 3874 1
 1244 19365 5
 1245 19360 5
 1246 77420 20
 1247 65790 17
 1248 61904 16
 1249 65756 17
 1250 77340 20
 1251 3866 1
 1252 73435 19
 1253 23184 6
 1254 46356 12
 1255 27034 7
 1256 69498 18
 1257 54040 14
 1258 54026 14
 1259 19290 5
 1260 46284 12
 1261 7712 2
 1262 30840 8
 1263 11562 3
 1264 19265 5
 1265 73188 19
 1266 30808 8
 1267 46200 12
 1268 53886 14
 1269 38480 10
 1270 26929 7
 1271 69228 18
 1272 53830 14
 1273 34596 9
 1274 19215 5
 1275 42262 11
 1276 69138 18
 1277 42240 11
 1278 11517 3
 1279 46056 12
 1280 30696 8
 1281 26852 7
 1282 53690 14
 1283 57510 15
 1284 3833 1
 1285 34488 9
 1286 11493 3
 1287 7660 2
 1288 15316 4
 1289 30624 8
 1290 7654 2
 1291 53564 14
 1292 45900 12
 1293 38240 10
 1294 57345 15
 1295 64974 17
 1296 45852 12
 1297 42020 11
 1298 22914 6
 1299 45816 12
 1300 45804 12
 1301 30528 8
 1302 61040 16
 1303 7628 2
 1304 22878 6
 1305 15248 4
 1306 11433 3
 1307 19050 5
 1308 15236 4
 1309 11424 3
 1310 19035 5
 1311 76120 20
 1312 76100 20
 1313 3804 1
 1314 3803 1
 1315 34218 9
 1316 22806 6
 1317 64600 17
 1318 3799 1
 1319 34182 9
 1320 37970 10
 1321 3796 1
 1322 3795 1
 1323 75880 20
 1324 18965 5
 1325 60672 16
 1326 18955 5
 1327 64430 17
 1328 34101 9
 1329 7576 2
 1330 49231 13
 1331 26502 7
 1332 45420 12
 1333 22704 6
 1334 26481 7
 1335 52948 14
 1336 3781 1
 1337 30240 8
 1338 3779 1
 1339 3778 1
 1340 64209 17
 1341 71744 19
 1342 26425 7
 1343 75480 20
 1344 45276 12
 1345 45264 12
 1346 71649 19
 1347 71630 19
 1348 67842 18
 1349 60288 16
 1350 67806 18
 1351 41426 11
 1352 11295 3
 1353 22584 6
 1354 45156 12
 1355 3762 1
 1356 63937 17
 1357 48880 13
 1358 48867 13
 1359 48854 13
 1360 67626 18
 1361 75120 20
 1362 56325 15
 1363 33786 9
 1364 3753 1
 1365 60032 16
 1366 56265 15
 1367 15000 4
 1368 41239 11
 1369 52472 14
 1370 74940 20
 1371 44952 12
 1372 7490 2
 1373 74880 20
 1374 74860 20
 1375 18710 5
 1376 44892 12
 1377 52360 14
 1378 71041 19
 1379 33642 9
 1380 3737 1
 1381 7472 2
 1382 37350 10
 1383 29872 8
 1384 52262 14
 1385 33588 9
 1386 37310 10
 1387 41030 11
 1388 26103 7
 1389 41008 11
 1390 63359 17
 1391 14904 4
 1392 55875 15
 1393 26068 7
 1394 63291 17
 1395 37220 10
 1396 74420 20
 1397 44640 12
 1398 22314 6
 1399 3718 1
 1400 26019 7
 1401 29728 8
 1402 55725 15
 1403 51996 14
 1404 7426 2
 1405 18560 5
 1406 59376 16
 1407 40810 11
 1408 55635 15
 1409 37080 10
 1410 11121 3
 1411 29648 8
 1412 22230 6
 1413 14816 4
 1414 70357 19
 1415 25914 7
 1416 62917 17
 1417 3700 1
 1418 66582 18
 1419 40678 11
 1420 36970 10
 1421 7392 2
 1422 33255 9
 1423 62798 17
 1424 73860 20
 1425 22152 6
 1426 29528 8
 1427 7380 2
 1428 36890 10
 1429 3688 1
 1430 58992 16
 1431 7372 2
 1432 66330 18
 1433 69996 19
 1434 55245 15
 1435 3682 1
 1436 69939 19
 1437 11040 3
 1438 44148 12
 1439 44136 12
 1440 33093 9
 1441 62492 17
 1442 40425 11
 1443 14696 4
 1444 58768 16
 1445 25704 7
 1446 47723 13
 1447 47710 13
 1448 73380 20
 1449 11004 3
 1450 73340 20
 1451 43992 12
 1452 32985 9
 1453 10992 3
 1454 14652 4
 1455 14648 4
 1456 51254 14
 1457 43920 12
 1458 29272 8
 1459 73160 20
 1460 47541 13
 1461 21936 6
 1462 10965 3
 1463 32886 9
 1464 14612 4
 1465 36520 10
 1466 7302 2
 1467 58400 16
 1468 54735 15
 1469 65664 18
 1470 58352 16
 1471 18230 5
 1472 25515 7
 1473 65592 18
 1474 47359 13
 1475 43704 12
 1476 3641 1
 1477 47320 13
 1478 36390 10
 1479 69122 19
 1480 69103 19
 1481 29088 8
 1482 32715 9
 1483 10902 3
 1484 32697 9
 1485 36320 10
 1486 61727 17
 1487 32670 9
 1488 54435 15
 1489 36280 10
 1490 36270 10
 1491 47138 13
 1492 7250 2
 1493 43488 12
 1494 28984 8
 1495 39842 11
 1496 39831 11
 1497 47060 13
 1498 32571 9
 1499 14472 4
 1500 57872 16
 1501 10848 3
 1502 61455 17
 1503 18070 5
 1504 25291 7
 1505 14448 4
 1506 36110 10
 1507 72200 20
 1508 7218 2
 1509 28864 8
 1510 64926 18
 1511 28848 8
 1512 39655 11
 1513 39644 11
 1514 43236 12
 1515 61234 17
 1516 28808 8
 1517 46800 13
 1518 61183 17
 1519 14392 4
 1520 64746 18
 1521 10788 3
 1522 28760 8
 1523 50316 14
 1524 32337 9
 1525 35920 10
 1526 25137 7
 1527 3590 1
 1528 25123 7
 1529 68172 19
 1530 57392 16
 1531 10758 3
 1532 32265 9
 1533 60928 17
 1534 42996 12
 1535 42984 12
 1536 7162 2
 1537 39380 11
 1538 50106 14
 1539 67982 19
 1540 28616 8
 1541 3576 1
 1542 64350 18
 1543 10722 3
 1544 21438 6
 1545 3572 1
 1546 71420 20
 1547 53550 15
 1548 21414 6
 1549 28544 8
 1550 46371 13
 1551 35660 10
 1552 60605 17
 1553 57024 16
 1554 64134 18
 1555 3562 1
 1556 60537 17
 1557 14240 4
 1558 3559 1
 1559 28464 8
 1560 32013 9
 1561 21336 6
 1562 71100 20
 1563 46202 13
 1564 60401 17
 1565 21312 6
 1566 56816 16
 1567 67450 19
 1568 53235 15
 1569 24836 7
 1570 70940 20
 1571 14184 4
 1572 42540 12
 1573 21264 6
 1574 49602 14
 1575 49588 14
 1576 14164 4
 1577 70800 20
 1578 67241 19
 1579 56608 16
 1580 17685 5
 1581 49504 14
 1582 24745 7
 1583 24738 7
 1584 31797 9
 1585 63576 18
 1586 42372 12
 1587 52950 15
 1588 49406 14
 1589 35280 10
 1590 38797 11
 1591 49364 14
 1592 24675 7
 1593 42288 12
 1594 45799 13
 1595 14088 4
 1596 38731 11
 1597 31680 9
 1598 63342 18
 1599 10554 3
 1600 3517 1
 1601 24612 7
 1602 56240 16
 1603 17570 5
 1604 56208 16
 1605 70240 20
 1606 66709 19
 1607 28080 8
 1608 21054 6
 1609 66652 19
 1610 21042 6
 1611 63108 18
 1612 42060 12
 1613 59568 17
 1614 31527 9
 1615 28016 8
 1616 35010 10
 1617 7000 2
 1618 17495 5
 1619 24486 7
 1620 59449 17
 1621 3496 1
 1622 59415 17
 1623 41928 12
 1624 69860 20
 1625 31428 9
 1626 59347 17
 1627 10470 3
 1628 38379 11
 1629 41856 12
 1630 41844 12
 1631 34860 10
 1632 31365 9
 1633 24388 7
 1634 69660 20
 1635 41784 12
 1636 48734 14
 1637 41760 12
 1638 41748 12
 1639 41736 12
 1640 6954 2
 1641 3476 1
 1642 66025 19
 1643 34740 10
 1644 59041 17
 1645 20832 6
 1646 38181 11
 1647 17350 5
 1648 65911 19
 1649 6936 2
 1650 27736 8
 1651 34660 10
 1652 41580 12
 1653 6928 2
 1654 45019 13
 1655 31158 9
 1656 51915 15
 1657 62280 18
 1658 31131 9
 1659 27664 8
 1660 34570 10
 1661 51840 15
 1662 48370 14
 1663 24178 7
 1664 51795 15
 1665 41424 12
 1666 10353 3
 1667 62100 18
 1668 58633 17
 1669 58616 17
 1670 17235 5
 1671 58582 17
 1672 41340 12
 1673 61992 18
 1674 41316 12
 1675 55072 16
 1676 6882 2
 1677 6880 2
 1678 3439 1
 1679 65322 19
 1680 48118 14
 1681 48104 14
 1682 37785 11
 1683 61812 18
 1684 17165 5
 1685 58344 17
 1686 54896 16
 1687 13720 4
 1688 51435 15
 1689 44564 13
 1690 23989 7
 1691 10278 3
 1692 3425 1
 1693 20544 6
 1694 37653 11
 1695 6844 2
 1696 30789 9
 1697 51300 15
 1698 10257 3
 1699 20508 6
 1700 6834 2
 1701 6832 2
 1702 6830 2
 1703 34140 10
 1704 20478 6
 1705 23884 7
 1706 13644 4
 1707 68200 20
 1708 44317 13
 1709 30672 9
 1710 37477 11
 1711 54496 16
 1712 20430 6
 1713 34040 10
 1714 47642 14
 1715 51030 15
 1716 17005 5
 1717 10200 3
 1718 20394 6
 1719 50970 15
 1720 10191 3
 1721 27168 8
 1722 27160 8
 1723 3394 1
 1724 10179 3
 1725 37312 11
 1726 20346 6
 1727 3390 1
 1728 16945 5
 1729 50820 15
 1730 27096 8
 1731 20316 6
 1732 33850 10
 1733 6768 2
 1734 30447 9
 1735 57494 17
 1736 37191 11
 1737 3380 1
 1738 57443 17
 1739 20268 6
 1740 47278 14
 1741 16880 5
 1742 60750 18
 1743 33740 10
 1744 60714 18
 1745 50580 15
 1746 67420 20
 1747 26960 8
 1748 13476 4
 1749 33680 10
 1750 3367 1
 1751 23562 7
 1752 23555 7
 1753 30276 9
 1754 43719 13
 1755 16810 5
 1756 36971 11
 1757 57120 17
 1758 47026 14
 1759 63802 19
 1760 57069 17
 1761 50340 15
 1762 40260 12
 1763 16770 5
 1764 13412 4
 1765 56984 17
 1766 23457 7
 1767 33500 10
 1768 50235 15
 1769 3348 1
 1770 26776 8
 1771 6692 2
 1772 40140 12
 1773 33440 10
 1774 43459 13
 1775 3342 1
 1776 10023 3
 1777 53440 16
 1778 53424 16
 1779 6676 2
 1780 63403 19
 1781 6672 2
 1782 66700 20
 1783 43342 13
 1784 49995 15
 1785 66640 20
 1786 66620 20
 1787 19980 6
 1788 19974 6
 1789 59904 18
 1790 23289 7
 1791 59868 18
 1792 39900 12
 1793 53184 16
 1794 63137 19
 1795 13288 4
 1796 59778 18
 1797 26560 8
 1798 33190 10
 1799 59724 18
 1800 29853 9
 1801 43108 13
 1802 6630 2
 1803 36454 11
 1804 23191 7
 1805 49680 15
 1806 6622 2
 1807 6620 2
 1808 56253 17
 1809 16540 5
 1810 62833 19
 1811 52896 16
 1812 36355 11
 1813 66080 20
 1814 62757 19
 1815 52832 16
 1816 3301 1
 1817 29700 9
 1818 46186 14
 1819 65960 20
 1820 65940 20
 1821 59328 18
 1822 46130 14
 1823 59292 18
 1824 26344 8
 1825 29628 9
 1826 9873 3
 1827 39480 12
 1828 3289 1
 1829 23016 7
 1830 13148 4
 1831 9858 3
 1832 62415 19
 1833 3284 1
 1834 32830 10
 1835 19692 6
 1836 22967 7
 1837 39360 12
 1838 9837 3
 1839 6556 2
 1840 36047 11
 1841 58968 18
 1842 52400 16
 1843 32740 10
 1844 58914 18
 1845 16360 5
 1846 29439 9
 1847 45780 14
 1848 65380 20
 1849 52288 16
 1850 9801 3
 1851 65320 20
 1852 65300 20
 1853 6528 2
 1854 48945 15
 1855 52192 16
 1856 52176 16
 1857 65200 20
 1858 22813 7
 1859 32580 10
 1860 26056 8
 1861 42328 13
 1862 3255 1
 1863 55318 17
 1864 39036 12
 1865 19512 6
 1866 3251 1
 1867 48750 15
 1868 19494 6
 1869 12992 4
 1870 16235 5
 1871 6492 2
 1872 64900 20
 1873 9732 3
 1874 58374 18
 1875 42146 13
 1876 6482 2
 1877 58320 18
 1878 12956 4
 1879 55046 17
 1880 12948 4
 1881 55012 17
 1882 48525 15
 1883 16170 5
 1884 61427 19
 1885 38784 12
 1886 29079 9
 1887 48450 15
 1888 35519 11
 1889 64560 20
 1890 48405 15
 1891 64520 20
 1892 29025 9
 1893 6448 2
 1894 64460 20
 1895 41886 13
 1896 12884 4
 1897 19320 6
 1898 48285 15
 1899 64360 20
 1900 28953 9
 1901 19296 6
 1902 38580 12
 1903 61066 19
 1904 16065 5
 1905 3212 1
 1906 19266 6
 1907 3210 1
 1908 19254 6
 1909 35288 11
 1910 28863 9
 1911 51296 16
 1912 16025 5
 1913 64080 20
 1914 25624 8
 1915 38424 12
 1916 22407 7
 1917 44800 14
 1918 12796 4
 1919 63960 20
 1920 31970 10
 1921 31960 10
 1922 31950 10
 1923 54298 17
 1924 22351 7
 1925 57456 18
 1926 19146 6
 1927 63800 20
 1928 47835 15
 1929 60572 19
 1930 15935 5
 1931 22302 7
 1932 25480 8
 1933 22288 7
 1934 9549 3
 1935 63640 20
 1936 25448 8
 1937 31800 10
 1938 6358 2
 1939 34958 11
 1940 12708 4
 1941 15880 5
 1942 53975 17
 1943 25392 8
 1944 63460 20
 1945 57096 18
 1946 3171 1
 1947 12680 4
 1948 6338 2
 1949 34848 11
 1950 9501 3
 1951 25328 8
 1952 3165 1
 1953 12656 4
 1954 25304 8
 1955 41106 13
 1956 25288 8
 1957 34760 11
 1958 6318 2
 1959 44212 14
 1960 56826 18
 1961 37872 12
 1962 34705 11
 1963 44156 14
 1964 37836 12
 1965 34672 11
 1966 47265 15
 1967 47250 15
 1968 15745 5
 1969 56664 18
 1970 47205 15
 1971 3146 1
 1972 37740 12
 1973 15720 5
 1974 59717 19
 1975 9426 3
 1976 56538 18
 1977 25120 8
 1978 56502 18
 1979 25104 8
 1980 62740 20
 1981 18816 6
 1982 9405 3
 1983 34474 11
 1984 3133 1
 1985 6264 2
 1986 56358 18
 1987 9390 3
 1988 21903 7
 1989 18768 6
 1990 9381 3
 1991 15630 5
 1992 25000 8
 1993 24992 8
 1994 31230 10
 1995 24976 8
 1996 34331 11
 1997 34320 11
 1998 18714 6
 1999 21826 7
 2000 49872 16
 2001 24928 8
 2002 40495 13
 2003 62280 20
 2004 49808 16
 2005 56016 18
 2006 37332 12
 2007 49760 16
 2008 34199 11
 2009 43512 14
 2010 34177 11
 2011 55908 18
 2012 27945 9
 2013 58976 19
 2014 31030 10
 2015 52734 17
 2016 49616 16
 2017 40300 13
 2018 27891 9
 2019 3098 1
 2020 6194 2
 2021 43344 14
 2022 18570 6
 2023 58786 19
 2024 27837 9
 2025 52564 17
 2026 46365 15
 2027 40170 13
 2028 24712 8
 2029 15440 5
 2030 9261 3
 2031 43204 14
 2032 49360 16
 2033 58596 19
 2034 40079 13
 2035 3082 1
 2036 30810 10
 2037 27720 9
 2038 43106 14
 2039 12312 4
 2040 58463 19
 2041 27684 9
 2042 52275 17
 2043 36888 12
 2044 18438 6
 2045 52224 17
 2046 15355 5
 2047 49120 16
 2048 30690 10
 2049 12272 4
 2050 46005 15
 2051 45990 15
 2052 61300 20
 2053 36768 12
 2054 61260 20
 2055 61240 20
 2056 48976 16
 2057 3060 1
 2058 24472 8
 2059 12232 4
 2060 33627 11
 2061 6112 2
 2062 51935 17
 2063 18324 6
 2064 9159 3
 2065 48832 16
 2066 3051 1
 2067 42700 14
 2068 27441 9
 2069 18288 6
 2070 9141 3
 2071 39598 13
 2072 27405 9
 2073 6088 2
 2074 12172 4
 2075 39546 13
 2076 39533 13
 2077 51680 17
 2078 54702 18
 2079 18228 6
 2080 60740 20
 2081 3036 1
 2082 45525 15
 2083 15170 5
 2084 21231 7
 2085 9096 3
 2086 30310 10
 2087 42420 14
 2088 33319 11
 2089 30280 10
 2090 39351 13
 2091 57494 19
 2092 6050 2
 2093 15120 5
 2094 24184 8
 2095 12088 4
 2096 3021 1
 2097 51340 17
 2098 30190 10
 2099 24144 8
 2100 21119 7
 2101 42224 14
 2102 42210 14
 2103 15070 5
 2104 30130 10
 2105 6024 2
 2106 18066 6
 2107 54180 18
 2108 33099 11
 2109 24064 8
 2110 60140 20
 2111 21042 7
 2112 24040 8
 2113 15020 5
 2114 36036 12
 2115 42028 14
 2116 54018 18
 2117 6000 2
 2118 47984 16
 2119 20986 7
 2120 47952 16
 2121 29960 10
 2122 38935 13
 2123 59880 20
 2124 5986 2
 2125 53856 18
 2126 11964 4
 2127 8970 3
 2128 5978 2
 2129 44820 15
 2130 17922 6
 2131 44790 15
 2132 47760 16
 2133 38792 13
 2134 29830 10
 2135 23856 8
 2136 50677 17
 2137 38740 13
 2138 59580 20
 2139 41692 14
 2140 50609 17
 2141 23808 8
 2142 50575 17
 2143 59480 20
 2144 17838 6
 2145 26748 9
 2146 47536 16
 2147 23760 8
 2148 59380 20
 2149 59360 20
 2150 56373 19
 2151 5932 2
 2152 11860 4
 2153 14820 5
 2154 59260 20
 2155 20734 7
 2156 47376 16
 2157 23680 8
 2158 5918 2
 2159 29580 10
 2160 5914 2
 2161 47296 16
 2162 59100 20
 2163 14770 5
 2164 32483 11
 2165 35424 12
 2166 23608 8
 2167 38350 13
 2168 41286 14
 2169 35376 12
 2170 5894 2
 2171 17676 6
 2172 47120 16
 2173 14720 5
 2174 41202 14
 2175 47072 16
 2176 35292 12
 2177 41160 14
 2178 49963 17
 2179 11752 4
 2180 58740 20
 2181 49912 17
 2182 17610 6
 2183 5868 2
 2184 17598 6
 2185 26388 9
 2186 29310 10
 2187 2930 1
 2188 58580 20
 2189 40992 14
 2190 58540 20
 2191 38038 13
 2192 32175 11
 2193 29240 10
 2194 49691 17
 2195 32142 11
 2196 14605 5
 2197 43800 15
 2198 11676 4
 2199 26262 9
 2200 23336 8
 2201 8748 3
 2202 52470 18
 2203 40796 14
 2204 58260 20
 2205 49504 17
 2206 46576 16
 2207 11640 4
 2208 58180 20
 2209 17448 6
 2210 20349 7
 2211 23248 8
 2212 20335 7
 2213 11616 4
 2214 40642 14
 2215 8706 3
 2216 11604 4
 2217 23200 8
 2218 26091 9
 2219 49266 17
 2220 34764 12
 2221 34752 12
 2222 40530 14
 2223 14470 5
 2224 40502 14
 2225 49164 17
 2226 5782 2
 2227 52020 18
 2228 28890 10
 2229 46208 16
 2230 43305 15
 2231 51948 18
 2232 2885 1
 2233 43260 15
 2234 31713 11
 2235 43230 15
 2236 37453 13
 2237 31680 11
 2238 40306 14
 2239 37414 13
 2240 43155 15
 2241 57520 20
 2242 31625 11
 2243 22992 8
 2244 37349 13
 2245 20104 7
 2246 2871 1
 2247 40180 14
 2248 5738 2
 2249 40152 14
 2250 45872 16
 2251 11464 4
 2252 37245 13
 2253 25776 9
 2254 8589 3
 2255 17172 6
 2256 17166 6
 2257 40040 14
 2258 22872 8
 2259 14290 5
 2260 34284 12
 2261 28560 10
 2262 28550 10
 2263 48518 17
 2264 25677 9
 2265 54188 19
 2266 25659 9
 2267 25650 9
 2268 39886 14
 2269 8544 3
 2270 31317 11
 2271 56920 20
 2272 8535 3
 2273 31284 11
 2274 22744 8
 2275 36946 13
 2276 17046 6
 2277 34080 12
 2278 56780 20
 2279 17028 6
 2280 5674 2
 2281 48212 17
 2282 42525 15
 2283 56680 20
 2284 11332 4
 2285 48144 17
 2286 2831 1
 2287 2830 1
 2288 39606 14
 2289 56560 20
 2290 2827 1
 2291 25434 9
 2292 42375 15
 2293 5648 2
 2294 36699 13
 2295 31042 11
 2296 8463 3
 2297 2820 1
 2298 16914 6
 2299 16908 6
 2300 42255 15
 2301 11264 4
 2302 22520 8
 2303 53466 19
 2304 53447 19
 2305 8436 3
 2306 50598 18
 2307 11240 4
 2308 28090 10
 2309 39312 14
 2310 30877 11
 2311 5612 2
 2312 56100 20
 2313 33648 12
 2314 22424 8
 2315 5604 2
 2316 5602 2
 2317 22400 8
 2318 2799 1
 2319 8394 3
 2320 25173 9
 2321 33552 12
 2322 53105 19
 2323 13970 5
 2324 16758 6
 2325 44672 16
 2326 50238 18
 2327 47430 17
 2328 47413 17
 2329 5576 2
 2330 33444 12
 2331 13930 5
 2332 44560 16
 2333 25056 9
 2334 36179 13
 2335 2782 1
 2336 11124 4
 2337 16680 6
 2338 25011 9
 2339 2778 1
 2340 22216 8
 2341 33312 12
 2342 11100 4
 2343 36062 13
 2344 33276 12
 2345 38808 14
 2346 22168 8
 2347 13850 5
 2348 2769 1
 2349 22144 8
 2350 19369 7
 2351 33192 12
 2352 13825 5
 2353 38696 14
 2354 11052 4
 2355 2762 1
 2356 55220 20
 2357 33120 12
 2358 19313 7
 2359 30338 11
 2360 46869 17
 2361 5512 2
 2362 24795 9
 2363 11016 4
 2364 35789 13
 2365 8256 3
 2366 24759 9
 2367 11000 4
 2368 13745 5
 2369 43968 16
 2370 2747 1
 2371 27460 10
 2372 27450 10
 2373 38416 14
 2374 52117 19
 2375 2742 1
 2376 43856 16
 2377 2740 1
 2378 16434 6
 2379 5476 2
 2380 54740 20
 2381 5472 2
 2382 43760 16
 2383 8202 3
 2384 40995 15
 2385 10928 4
 2386 43696 16
 2387 8190 3
 2388 16374 6
 2389 10912 4
 2390 54540 20
 2391 21808 8
 2392 46325 17
 2393 38136 14
 2394 21784 8
 2395 48996 18
 2396 16326 6
 2397 24480 9
 2398 48942 18
 2399 10872 4
 2400 16302 6
 2401 40740 15
 2402 48870 18
 2403 13570 5
 2404 32556 12
 2405 5424 2
 2406 21688 8
 2407 8130 3
 2408 40635 15
 2409 54160 20
 2410 51433 19
 2411 2706 1
 2412 2705 1
 2413 8112 3
 2414 48654 18
 2415 8106 3
 2416 13505 5
 2417 54000 20
 2418 18893 7
 2419 18886 7
 2420 53940 20
 2421 35048 13
 2422 2695 1
 2423 37716 14
 2424 24237 9
 2425 8076 3
 2426 51129 19
 2427 53800 20
 2428 10756 4
 2429 18816 7
 2430 2687 1
 2431 8058 3
 2432 10740 4
 2433 18788 7
 2434 21464 8
 2435 18774 7
 2436 10724 4
 2437 26800 10
 2438 34827 13
 2439 50882 19
 2440 18739 7
 2441 40140 15
 2442 45475 17
 2443 5348 2
 2444 5346 2
 2445 32064 12
 2446 34723 13
 2447 29370 11
 2448 45373 17
 2449 48024 18
 2450 5334 2
 2451 45322 17
 2452 2665 1
 2453 47952 18
 2454 50597 19
 2455 13310 5
 2456 42576 16
 2457 15960 6
 2458 15954 6
 2459 37212 14
 2460 13285 5
 2461 29216 11
 2462 42480 16
 2463 18578 7
 2464 15918 6
 2465 34476 13
 2466 5302 2
 2467 45050 17
 2468 5298 2
 2469 39720 15
 2470 42352 16
 2471 5292 2
 2472 34385 13
 2473 10576 4
 2474 37002 14
 2475 39630 15
 2476 31692 12
 2477 10560 4
 2478 26390 10
 2479 2638 1
 2480 52740 20
 2481 42176 16
 2482 5270 2
 2483 15804 6
 2484 47394 18
 2485 44744 17
 2486 28941 11
 2487 47340 18
 2488 49951 19
 2489 52560 20
 2490 10508 4
 2491 26260 10
 2492 26250 10
 2493 26240 10
 2494 2623 1
 2495 7866 3
 2496 41936 16
 2497 13100 5
 2498 15714 6
 2499 39270 15
 2500 31404 12
 2501 28776 11
 2502 41840 16
 2503 36596 14
 2504 33969 13
 2505 31344 12
 2506 2611 1
 2507 23490 9
 2508 15654 6
 2509 7824 3
 2510 26070 10
 2511 33878 13
 2512 49495 19
 2513 10416 4
 2514 46854 18
 2515 7806 3
 2516 33813 13
 2517 46800 18
 2518 7797 3
 2519 31176 12
 2520 23373 9
 2521 2596 1
 2522 36330 14
 2523 2594 1
 2524 12965 5
 2525 49248 19
 2526 25910 10
 2527 38850 15
 2528 12945 5
 2529 46584 18
 2530 41392 16
 2531 15516 6
 2532 23265 9
 2533 23256 9
 2534 15498 6
 2535 5164 2
 2536 2581 1
 2537 23220 9
 2538 41264 16
 2539 25780 10
 2540 51540 20
 2541 41216 16
 2542 46350 18
 2543 5148 2
 2544 33449 13
 2545 18004 7
 2546 43707 17
 2547 38550 15
 2548 10276 4
 2549 48792 19
 2550 51340 20
 2551 46188 18
 2552 7695 3
 2553 5128 2
 2554 35882 14
 2555 28182 11
 2556 30732 12
 2557 28160 11
 2558 38385 15
 2559 28138 11
 2560 17899 7
 2561 30672 12
 2562 45990 18
 2563 25540 10
 2564 5106 2
 2565 35728 14
 2566 22959 9
 2567 10200 4
 2568 40784 16
 2569 43316 17
 2570 7641 3
 2571 25460 10
 2572 35630 14
 2573 27984 11
 2574 50860 20
 2575 25420 10
 2576 10164 4
 2577 40640 16
 2578 27929 11
 2579 15228 6
 2580 50740 20
 2581 38040 15
 2582 35490 14
 2583 25340 10
 2584 45594 18
 2585 43044 17
 2586 35434 14
 2587 43010 17
 2588 2529 1
 2589 5056 2
 2590 37905 15
 2591 32838 13
 2592 32825 13
 2593 22716 9
 2594 17661 7
 2595 47918 19
 2596 40336 16
 2597 45360 18
 2598 50380 20
 2599 5036 2
 2600 35238 14
 2601 20128 8
 2602 37725 15
 2603 40224 16
 2604 15078 6
 2605 45216 18
 2606 7533 3
 2607 45180 18
 2608 40144 16
 2609 32604 13
 2610 30084 12
 2611 45108 18
 2612 7515 3
 2613 27544 11
 2614 37545 15
 2615 25020 10
 2616 7503 3
 2617 45000 18
 2618 2499 1
 2619 47462 19
 2620 14982 6
 2621 24960 10
 2622 22455 9
 2623 17458 7
 2624 19944 8
 2625 14952 6
 2626 37365 15
 2627 29880 12
 2628 42313 17
 2629 42296 17
 2630 12435 5
 2631 2486 1
 2632 9940 4
 2633 34776 14
 2634 12415 5
 2635 22338 9
 2636 34734 14
 2637 7440 3
 2638 12395 5
 2639 49560 20
 2640 19816 8
 2641 14856 6
 2642 12375 5
 2643 27214 11
 2644 32149 13
 2645 34608 14
 2646 4942 2
 2647 14820 6
 2648 24690 10
 2649 17276 7
 2650 24670 10
 2651 44388 18
 2652 41905 17
 2653 17248 7
 2654 2463 1
 2655 27082 11
 2656 36915 15
 2657 31980 13
 2658 14754 6
 2659 19664 8
 2660 49140 20
 2661 22104 9
 2662 2455 1
 2663 29448 12
 2664 12265 5
 2665 4904 2
 2666 7353 3
 2667 26950 11
 2668 34286 14
 2669 39168 16
 2670 26917 11
 2671 36690 15
 2672 48900 20
 2673 31772 13
 2674 34202 14
 2675 24420 10
 2676 19528 8
 2677 36600 15
 2678 2439 1
 2679 24380 10
 2680 24370 10
 2681 36540 15
 2682 46265 19
 2683 38944 16
 2684 29196 12
 2685 43776 18
 2686 19448 8
 2687 7290 3
 2688 24290 10
 2689 19424 8
 2690 26697 11
 2691 19408 8
 2692 46075 19
 2693 12120 5
 2694 48460 20
 2695 38752 16
 2696 38736 16
 2697 48400 20
 2698 33866 14
 2699 41106 17
 2700 19336 8
 2701 45904 19
 2702 2415 1
 2703 43452 18
 2704 26543 11
 2705 36180 15
 2706 24110 10
 2707 2410 1
 2708 33726 14
 2709 31304 13
 2710 43326 18
 2711 26466 11
 2712 26455 11
 2713 16828 7
 2714 31239 13
 2715 48040 20
 2716 19208 8
 2717 21600 9
 2718 7197 3
 2719 9592 4
 2720 43146 18
 2721 38336 16
 2722 2395 1
 2723 14364 6
 2724 2393 1
 2725 45448 19
 2726 28692 12
 2727 7170 3
 2728 23890 10
 2729 47760 20
 2730 35805 15
 2731 47720 20
 2732 7155 3
 2733 21456 9
 2734 47660 20
 2735 30966 13
 2736 40477 17
 2737 35700 15
 2738 2379 1
 2739 47560 20
 2740 47540 20
 2741 9504 4
 2742 45125 19
 2743 9496 4
 2744 37968 16
 2745 18976 8
 2746 18968 8
 2747 7110 3
 2748 47380 20
 2749 26048 11
 2750 44973 19
 2751 2366 1
 2752 23650 10
 2753 33096 14
 2754 4726 2
 2755 2362 1
 2756 2361 1
 2757 16520 7
 2758 14154 6
 2759 23580 10
 2760 47140 20
 2761 40052 17
 2762 28260 12
 2763 42372 18
 2764 42354 18
 2765 4704 2
 2766 23510 10
 2767 11750 5
 2768 39933 17
 2769 32872 14
 2770 39899 17
 2771 14076 6
 2772 18760 8
 2773 2344 1
 2774 7029 3
 2775 21078 9
 2776 46820 20
 2777 35100 15
 2778 14034 6
 2779 18704 8
 2780 44403 19
 2781 7008 3
 2782 28020 12
 2783 39678 17
 2784 41994 18
 2785 25652 11
 2786 34965 15
 2787 13980 6
 2788 23290 10
 2789 23280 10
 2790 44213 19
 2791 18608 8
 2792 44175 19
 2793 13944 6
 2794 6969 3
 2795 2322 1
 2796 27852 12
 2797 34800 15
 2798 18552 8
 2799 27816 12
 2800 41706 18
 2801 44004 19
 2802 9260 4
 2803 46280 20
 2804 46260 20
 2805 34680 15
 2806 13866 6
 2807 25410 11
 2808 2309 1
 2809 9232 4
 2810 43833 19
 2811 36896 16
 2812 16135 7
 2813 2304 1
 2814 20727 9
 2815 23020 10
 2816 36816 16
 2817 34500 15
 2818 43681 19
 2819 2298 1
 2820 32158 14
 2821 29848 13
 2822 20655 9
 2823 29822 13
 2824 4586 2
 2825 22920 10
 2826 41238 18
 2827 41220 18
 2828 36624 16
 2829 2288 1
 2830 9148 4
 2831 9144 4
 2832 45700 20
 2833 13704 6
 2834 31962 14
 2835 41076 18
 2836 34215 15
 2837 41040 18
 2838 4558 2
 2839 20502 9
 2840 22770 10
 2841 9104 4
 2842 2275 1
 2843 38658 17
 2844 34095 15
 2845 18176 8
 2846 11355 5
 2847 9080 4
 2848 13614 6
 2849 29484 13
 2850 20403 9
 2851 43054 19
 2852 27180 12
 2853 20376 9
 2854 38471 17
 2855 2262 1
 2856 6783 3
 2857 29380 13
 2858 2259 1
 2859 4516 2
 2860 15799 7
 2861 6768 3
 2862 18040 8
 2863 22540 10
 2864 4506 2
 2865 13512 6
 2866 15757 7
 2867 31500 14
 2868 6747 3
 2869 35968 16
 2870 15729 7
 2871 44920 20
 2872 13470 6
 2873 13464 6
 2874 13458 6
 2875 4484 2
 2876 17928 8
 2877 38080 17
 2878 6717 3
 2879 2238 1
 2880 35792 16
 2881 11180 5
 2882 11175 5
 2883 20106 9
 2884 20097 9
 2885 22320 10
 2886 8924 4
 2887 20070 9
 2888 4458 2
 2889 42332 19
 2890 35632 16
 2891 20034 9
 2892 4450 2
 2893 35584 16
 2894 17784 8
 2895 17776 8
 2896 37757 17
 2897 26640 12
 2898 15533 7
 2899 13308 6
 2900 31038 14
 2901 22160 10
 2902 13290 6
 2903 11070 5
 2904 42047 19
 2905 28756 13
 2906 33165 15
 2907 28730 13
 2908 4418 2
 2909 6624 3
 2910 24277 11
 2911 4412 2
 2912 8820 4
 2913 4408 2
 2914 11015 5
 2915 2202 1
 2916 2201 1
 2917 17600 8
 2918 35184 16
 2919 21980 10
 2920 8788 4
 2921 28548 13
 2922 2195 1
 2923 2194 1
 2924 15351 7
 2925 32880 15
 2926 32865 15
 2927 41610 19
 2928 24079 11
 2929 39384 18
 2930 6561 3
 2931 21860 10
 2932 37145 17
 2933 17472 8
 2934 30562 14
 2935 15274 7
 2936 13086 6
 2937 19620 9
 2938 4358 2
 2939 13068 6
 2940 8708 4
 2941 30464 14
 2942 13050 6
 2943 21740 10
 2944 10865 5
 2945 10860 5
 2946 2171 1
 2947 26040 12
 2948 2169 1
 2949 21680 10
 2950 4334 2
 2951 28158 13
 2952 30310 14
 2953 41116 19
 2954 8652 4
 2955 21620 10
 2956 23771 11
 2957 6480 3
 2958 28067 13
 2959 28054 13
 2960 15099 7
 2961 8624 4
 2962 28015 13
 2963 2154 1
 2964 34448 16
 2965 17216 8
 2966 19359 9
 2967 12900 6
 2968 8596 4
 2969 32220 15
 2970 4294 2
 2971 30044 14
 2972 27885 13
 2973 38592 18
 2974 30002 14
 2975 12852 6
 2976 36397 17
 2977 34240 16
 2978 36363 17
 2979 12828 6
 2980 29918 14
 2981 36312 17
 2982 27755 13
 2983 8536 4
 2984 10665 5
 2985 21320 10
 2986 34096 16
 2987 23430 11
 2988 42580 20
 2989 23408 11
 2990 38286 18
 2991 25512 12
 2992 2125 1
 2993 12744 6
 2994 31845 15
 2995 6366 3
 2996 21210 10
 2997 33920 16
 2998 8476 4
 2999 36006 17
 3000 14819 7
 3001 19044 9
 3002 25380 12
 3003 38052 18
 3004 23243 11
 3005 29568 14
 3006 23221 11
 3007 6330 3
 3008 37962 18
 3009 37944 18
 3010 2107 1
 3011 42120 20
 3012 33680 16
 3013 29456 14
 3014 14721 7
 3015 2102 1
 3016 37818 18
 3017 27300 13
 3018 35683 17
 3019 25176 12
 3020 12582 6
 3021 41920 20
 3022 31425 15
 3023 33504 16
 3024 8372 4
 3025 4184 2
 3026 31365 15
 3027 18810 9
 3028 6267 3
 3029 27144 13
 3030 33392 16
 3031 18774 9
 3032 25020 12
 3033 20840 10
 3034 10415 5
 3035 8328 4
 3036 12486 6
 3037 8320 4
 3038 6237 3
 3039 2078 1
 3040 8308 4
 3041 12456 6
 3042 35275 17
 3043 14518 7
 3044 37314 18
 3045 14504 7
 3046 16568 8
 3047 20700 10
 3048 12414 6
 3049 41360 20
 3050 6201 3
 3051 16528 8
 3052 30975 15
 3053 4128 2
 3054 37134 18
 3055 4124 2
 3056 16488 8
 3057 2060 1
 3058 8236 4
 3059 4116 2
 3060 2057 1
 3061 28784 14
 3062 4110 2
 3063 32864 16
 3064 41060 20
 3065 34884 17
 3066 2051 1
 3067 14350 7
 3068 34833 17
 3069 6144 3
 3070 10235 5
 3071 2046 1
 3072 36810 18
 3073 4088 2
 3074 8172 4
 3075 12252 6
 3076 26533 13
 3077 2040 1
 3078 20390 10
 3079 2038 1
 3080 36666 18
 3081 34612 17
 3082 20350 10
 3083 12204 6
 3084 20330 10
 3085 18288 9
 3086 38589 19
 3087 32480 16
 3088 8116 4
 3089 40560 20
 3090 10135 5
 3091 40520 20
 3092 34425 17
 3093 4048 2
 3094 2023 1
 3095 10110 5
 3096 16168 8
 3097 38380 19
 3098 34323 17
 3099 36324 18
 3100 20170 10
 3101 36288 18
 3102 16120 8
 3103 10070 5
 3104 12078 6
 3105 24144 12
 3106 14077 7
 3107 32160 16
 3108 30135 15
 3109 36144 18
 3110 24084 12
 3111 16048 8
 3112 40100 20
 3113 38076 19
 3114 18027 9
 3115 2002 1
 3116 8004 4
 3117 24000 12
 3118 15992 8
 3119 11988 6
 3120 3994 2
 3121 37924 19
 3122 15960 8
 3123 15952 8
 3124 37867 19
 3125 5976 3
 3126 35838 18
 3127 17910 9
 3128 13923 7
 3129 25844 13
 3130 15896 8
 3131 19860 10
 3132 5955 3
 3133 17856 9
 3134 39660 20
 3135 17838 9
 3136 37639 19
 3137 1980 1
 3138 31664 16
 3139 37582 19
 3140 29655 15
 3141 3952 2
 3142 15800 8
 3143 7896 4
 3144 33541 17
 3145 21692 11
 3146 31536 16
 3147 29550 15
 3148 29535 15
 3149 11808 6
 3150 39340 20
 3151 11796 6
 3152 13755 7
 3153 15712 8
 3154 21593 11
 3155 9810 5
 3156 11766 6
 3157 7840 4
 3158 17631 9
 3159 1958 1
 3160 23484 12
 3161 9780 5
 3162 7820 4
 3163 11724 6
 3164 29295 15
 3165 21472 11
 3166 31216 16
 3167 31200 16
 3168 35082 18
 3169 13636 7
 3170 36993 19
 3171 29190 15
 3172 13615 7
 3173 11664 6
 3174 27202 14
 3175 13594 7
 3176 21351 11
 3177 9700 5
 3178 15512 8
 3179 32946 17
 3180 27118 14
 3181 25168 13
 3182 21285 11
 3183 21274 11
 3184 9665 5
 3185 21252 11
 3186 17379 9
 3187 32810 17
 3188 21219 11
 3189 38560 20
 3190 11562 6
 3191 34668 18
 3192 25025 13
 3193 36556 19
 3194 34614 18
 3195 32674 17
 3196 11526 6
 3197 13440 7
 3198 23028 12
 3199 15344 8
 3200 23004 12
 3201 19160 10
 3202 13405 7
 3203 9570 5
 3204 17217 9
 3205 9560 5
 3206 15288 8
 3207 17190 9
 3208 24817 13
 3209 9540 5
 3210 24791 13
 3211 1906 1
 3212 13335 7
 3213 32368 17
 3214 3806 2
 3215 9510 5
 3216 17109 9
 3217 15200 8
 3218 15192 8
 3219 37960 20
 3220 13279 7
 3221 30336 16
 3222 11370 6
 3223 32198 17
 3224 5679 3
 3225 11352 6
 3226 34038 18
 3227 26460 14
 3228 26446 14
 3229 7552 4
 3230 7548 4
 3231 24518 13
 3232 26390 14
 3233 33912 18
 3234 26362 14
 3235 7528 4
 3236 5643 3
 3237 16920 9
 3238 22548 12
 3239 30048 16
 3240 35663 19
 3241 13132 7
 3242 15000 8
 3243 5622 3
 3244 35587 19
 3245 14976 8
 3246 3742 2
 3247 29920 16
 3248 35511 19
 3249 5604 3
 3250 18670 10
 3251 13062 7
 3252 37300 20
 3253 24232 13
 3254 7452 4
 3255 33516 18
 3256 29776 16
 3257 35340 19
 3258 3718 2
 3259 27870 15
 3260 14856 8
 3261 16704 9
 3262 18550 10
 3263 31518 17
 3264 37060 20
 3265 18520 10
 3266 3702 2
 3267 25900 14
 3268 11094 6
 3269 27720 15
 3270 3694 2
 3271 33228 18
 3272 12915 7
 3273 14752 8
 3274 33174 18
 3275 7368 4
 3276 3682 2
 3277 14720 8
 3278 23907 13
 3279 29408 16
 3280 20207 11
 3281 14688 8
 3282 31195 17
 3283 16506 9
 3284 5499 3
 3285 21984 12
 3286 32958 18
 3287 7320 4
 3288 9145 5
 3289 5484 3
 3290 31059 17
 3291 34694 19
 3292 3650 2
 3293 18240 10
 3294 5469 3
 3295 23686 13
 3296 30957 17
 3297 36400 20
 3298 1819 1
 3299 9090 5
 3300 9085 5
 3301 14528 8
 3302 1815 1
 3303 16326 9
 3304 7252 4
 3305 23556 13
 3306 1811 1
 3307 16290 9
 3308 25326 14
 3309 21696 12
 3310 32526 18
 3311 32508 18
 3312 23465 13
 3313 5412 3
 3314 36060 20
 3315 21624 12
 3316 23413 13
 3317 19800 11
 3318 34181 19
 3319 16182 9
 3320 34143 19
 3321 21552 12
 3322 26925 15
 3323 23322 13
 3324 16137 9
 3325 16128 9
 3326 19701 11
 3327 23270 13
 3328 10734 6
 3329 21456 12
 3330 32166 18
 3331 14288 8
 3332 23205 13
 3333 16056 9
 3334 35660 20
 3335 7128 4
 3336 3562 2
 3337 8900 5
 3338 10674 6
 3339 28448 16
 3340 3554 2
 3341 26640 15
 3342 3550 2
 3343 30158 17
 3344 10638 6
 3345 35440 20
 3346 31878 18
 3347 1770 1
 3348 35380 20
 3349 26520 15
 3350 5301 3
 3351 26490 15
 3352 3530 2
 3353 33516 19
 3354 29971 17
 3355 3524 2
 3356 17610 10
 3357 5280 3
 3358 28144 16
 3359 5274 3
 3360 29869 17
 3361 24584 14
 3362 35100 20
 3363 22802 13
 3364 31554 18
 3365 29784 17
 3366 10506 6
 3367 17500 10
 3368 26235 15
 3369 24472 14
 3370 10482 6
 3371 29682 17
 3372 6980 4
 3373 24416 14
 3374 33117 19
 3375 3484 2
 3376 12187 7
 3377 1740 1
 3378 13912 8
 3379 27808 16
 3380 33003 19
 3381 19096 11
 3382 19085 11
 3383 32946 19
 3384 13864 8
 3385 29444 17
 3386 10386 6
 3387 10380 6
 3388 31122 18
 3389 32832 19
 3390 34540 20
 3391 15534 9
 3392 6900 4
 3393 3448 2
 3394 25845 15
 3395 20664 12
 3396 34420 20
 3397 25800 15
 3398 30942 18
 3399 17180 10
 3400 20604 12
 3401 32604 19
 3402 5145 3
 3403 6856 4
 3404 10278 6
 3405 5136 3
 3406 13688 8
 3407 13680 8
 3408 3418 2
 3409 29036 17
 3410 32433 19
 3411 25590 15
 3412 6820 4
 3413 28968 17
 3414 27248 16
 3415 34040 20
 3416 28917 17
 3417 8500 5
 3418 23786 14
 3419 20376 12
 3420 6788 4
 3421 18656 11
 3422 33900 20
 3423 16940 10
 3424 8465 5
 3425 1692 1
 3426 25365 15
 3427 20280 12
 3428 21957 13
 3429 18568 11
 3430 23618 14
 3431 3372 2
 3432 25275 15
 3433 33680 20
 3434 11781 7
 3435 21866 13
 3436 21853 13
 3437 18480 11
 3438 6716 4
 3439 5034 3
 3440 11739 7
 3441 10056 6
 3442 28475 17
 3443 25110 15
 3444 10038 6
 3445 18392 11
 3446 26736 16
 3447 10020 6
 3448 16690 10
 3449 15012 9
 3450 20004 12
 3451 31654 19
 3452 13320 8
 3453 6656 4
 3454 1663 1
 3455 9972 6
 3456 19932 12
 3457 4980 3
 3458 1659 1
 3459 4974 3
 3460 6628 4
 3461 9936 6
 3462 13240 8
 3463 26464 16
 3464 8265 5
 3465 6608 4
 3466 26416 16
 3467 13200 8
 3468 19788 12
 3469 13184 8
 3470 24705 15
 3471 11522 7
 3472 23030 14
 3473 26304 16
 3474 23002 14
 3475 4926 3
 3476 19692 12
 3477 22960 14
 3478 8195 5
 3479 11466 7
 3480 16370 10
 3481 8180 5
 3482 13080 8
 3483 24510 15
 3484 31027 19
 3485 14688 9
 3486 22834 14
 3487 13040 8
 3488 6516 4
 3489 21164 13
 3490 29286 18
 3491 8130 5
 3492 6500 4
 3493 12992 8
 3494 30837 19
 3495 29196 18
 3496 16210 10
 3497 3240 2
 3498 4857 3
 3499 29124 18
 3500 6468 4
 3501 19392 12
 3502 11305 7
 3503 6456 4
 3504 17743 11
 3505 16120 10
 3506 22554 14
 3507 30590 19
 3508 28962 18
 3509 9648 6
 3510 30533 19
 3511 25696 16
 3512 11235 7
 3513 14436 9
 3514 27251 17
 3515 28836 18
 3516 20813 13
 3517 8000 5
 3518 6396 4
 3519 14382 9
 3520 4791 3
 3521 12768 8
 3522 27115 17
 3523 15940 10
 3524 25488 16
 3525 23880 15
 3526 28638 18
 3527 19080 12
 3528 4767 3
 3529 11116 7
 3530 9522 6
 3531 17446 11
 3532 15850 10
 3533 28512 18
 3534 26911 17
 3535 26894 17
 3536 30039 19
 3537 14220 9
 3538 28422 18
 3539 18936 12
 3540 14193 9
 3541 20488 13
 3542 18900 12
 3543 11018 7
 3544 29887 19
 3545 25152 16
 3546 15710 10
 3547 7850 5
 3548 6276 4
 3549 23520 15
 3550 31340 20
 3551 7830 5
 3552 29735 19
 3553 10948 7
 3554 20319 13
 3555 29678 19
 3556 24976 16
 3557 14040 9
 3558 24944 16
 3559 3116 2
 3560 15570 10
 3561 12448 8
 3562 18660 12
 3563 18648 12
 3564 23295 15
 3565 12416 8
 3566 3102 2
 3567 6200 4
 3568 21686 14
 3569 17028 11
 3570 27846 18
 3571 27828 18
 3572 1545 1
 3573 16984 11
 3574 18516 12
 3575 9252 6
 3576 23115 15
 3577 27720 18
 3578 4617 3
 3579 9228 6
 3580 30740 20
 3581 30720 20
 3582 6140 4
 3583 18408 12
 3584 13797 9
 3585 16852 11
 3586 30620 20
 3587 22950 15
 3588 12232 8
 3589 13752 9
 3590 22905 15
 3591 25942 17
 3592 22875 15
 3593 18288 12
 3594 1523 1
 3595 30440 20
 3596 4563 3
 3597 4560 3
 3598 7595 5
 3599 25806 17
 3600 1517 1
 3601 13644 9
 3602 4545 3
 3603 19682 13
 3604 7565 5
 3605 22680 15
 3606 24176 16
 3607 7550 5
 3608 24144 16
 3609 24128 16
 3610 25619 17
 3611 6024 4
 3612 25585 17
 3613 3008 2
 3614 24048 16
 3615 30040 20
 3616 22515 15
 3617 7500 5
 3618 20986 14
 3619 25466 17
 3620 10479 7
 3621 20944 14
 3622 25415 17
 3623 14940 10
 3624 8958 6
 3625 20888 14
 3626 1491 1
 3627 1490 1
 3628 16379 11
 3629 25296 17
 3630 26766 18
 3631 5944 4
 3632 13365 9
 3633 20776 14
 3634 22245 15
 3635 20748 14
 3636 26658 18
 3637 7400 5
 3638 23664 16
 3639 7390 5
 3640 16247 11
 3641 20664 14
 3642 17700 12
 3643 2948 2
 3644 10311 7
 3645 10304 7
 3646 25007 17
 3647 19110 13
 3648 8814 6
 3649 5872 4
 3650 17604 12
 3651 8796 6
 3652 26370 18
 3653 16104 11
 3654 14630 10
 3655 24854 17
 3656 7305 5
 3657 1460 1
 3658 20426 14
 3659 21870 15
 3660 18941 13
 3661 17472 12
 3662 11640 8
 3663 29080 20
 3664 17436 12
 3665 29040 20
 3666 15961 11
 3667 2900 2
 3668 11592 8
 3669 26064 18
 3670 17364 12
 3671 15906 11
 3672 17340 12
 3673 23104 16
 3674 27417 19
 3675 2884 2
 3676 1441 1
 3677 18720 13
 3678 8634 6
 3679 1438 1
 3680 4311 3
 3681 27284 19
 3682 22960 16
 3683 14340 10
 3684 1433 1
 3685 5728 4
 3686 27189 19
 3687 8580 6
 3688 8574 6
 3689 11424 8
 3690 1427 1
 3691 27094 19
 3692 27075 19
 3693 28480 20
 3694 14230 10
 3695 11376 8
 3696 7105 5
 3697 12780 9
 3698 1419 1
 3699 22688 16
 3700 17004 12
 3701 21240 15
 3702 1415 1
 3703 7070 5
 3704 16956 12
 3705 5648 4
 3706 16932 12
 3707 15510 11
 3708 26771 19
 3709 14080 10
 3710 11256 8
 3711 4218 3
 3712 12645 9
 3713 8424 6
 3714 14030 10
 3715 7010 5
 3716 22416 16
 3717 23800 17
 3718 5596 4
 3719 8388 6
 3720 2794 2
 3721 12564 9
 3722 4185 3
 3723 1394 1
 3724 8358 6
 3725 9744 7
 3726 19474 14
 3727 15290 11
 3728 16668 12
 3729 27760 20
 3730 4161 3
 3731 18018 13
 3732 22160 16
 3733 16608 12
 3734 4149 3
 3735 17966 13
 3736 26239 19
 3737 2760 2
 3738 27580 20
 3739 22048 16
 3740 26163 19
 3741 15136 11
 3742 1375 1
 3743 9618 7
 3744 16476 12
 3745 9604 7
 3746 20565 15
 3747 21920 16
 3748 12321 9
 3749 2736 2
 3750 23239 17
 3751 23222 17
 3752 1365 1
 3753 20460 15
 3754 8178 6
 3755 16344 12
 3756 25859 19
 3757 14960 11
 3758 14949 11
 3759 4074 3
 3760 2714 2
 3761 14916 11
 3762 5420 4
 3763 21664 16
 3764 6765 5
 3765 25688 19
 3766 25669 19
 3767 18900 14
 3768 6745 5
 3769 16176 12
 3770 25593 19
 3771 6730 5
 3772 26900 20
 3773 6720 5
 3774 14773 11
 3775 24156 18
 3776 14751 11
 3777 13400 10
 3778 5356 4
 3779 18732 14
 3780 12033 9
 3781 26720 20
 3782 4005 3
 3783 22678 17
 3784 23994 18
 3785 7992 6
 3786 18634 14
 3787 9310 7
 3788 22593 17
 3789 22576 17
 3790 11943 9
 3791 23868 18
 3792 23850 18
 3793 11916 9
 3794 6615 5
 3795 17186 13
 3796 1321 1
 3797 19800 15
 3798 22423 17
 3799 5272 4
 3800 25023 19
 3801 23688 18
 3802 17095 13
 3803 17082 13
 3804 21008 16
 3805 6560 5
 3806 15732 12
 3807 6550 5
 3808 10472 8
 3809 15696 12
 3810 15684 12
 3811 3918 3
 3812 16965 13
 3813 23472 18
 3814 22151 17
 3815 13020 10
 3816 19515 15
 3817 14300 11
 3818 18186 14
 3819 12980 10
 3820 12970 10
 3821 6480 5
 3822 5180 4
 3823 5176 4
 3824 3879 3
 3825 18088 14
 3826 10328 8
 3827 1290 1
 3828 23202 18
 3829 15456 12
 3830 24453 19
 3831 5144 4
 3832 17990 14
 3833 25680 20
 3834 7698 6
 3835 16666 13
 3836 2562 2
 3837 7680 6
 3838 23022 18
 3839 24282 19
 3840 2554 2
 3841 15312 12
 3842 12750 10
 3843 22932 18
 3844 3819 3
 3845 22896 18
 3846 2542 2
 3847 20320 16
 3848 6345 5
 3849 22824 18
 3850 2534 2
 3851 8862 7
 3852 21505 17
 3853 21488 17
 3854 17682 14
 3855 3786 3
 3856 11349 9
 3857 3780 3
 3858 16367 13
 3859 8806 7
 3860 23883 19
 3861 20096 16
 3862 25100 20
 3863 16302 13
 3864 17542 14
 3865 12520 10
 3866 18765 15
 3867 8750 7
 3868 6245 5
 3869 6240 5
 3870 22446 18
 3871 17444 14
 3872 14940 12
 3873 18660 15
 3874 2486 2
 3875 3726 3
 3876 4964 4
 3877 16120 13
 3878 7434 6
 3879 22284 18
 3880 18555 15
 3881 22248 18
 3882 3705 3
 3883 24680 20
 3884 12330 10
 3885 23408 19
 3886 23389 19
 3887 23370 19
 3888 22122 18
 3889 12280 10
 3890 4908 4
 3891 13486 11
 3892 11025 9
 3893 9792 8
 3894 7338 6
 3895 1222 1
 3896 13431 11
 3897 12200 10
 3898 6095 5
 3899 9744 8
 3900 1217 1
 3901 1216 1
 3902 18225 15
 3903 7284 6
 3904 15769 13
 3905 3636 3
 3906 15743 13
 3907 7260 6
 3908 16926 14
 3909 8456 7
 3910 21726 18
 3911 13266 11
 3912 19280 16
 3913 14448 12
 3914 14436 12
 3915 21636 18
 3916 20417 17
 3917 10800 9
 3918 17985 15
 3919 20366 17
 3920 15561 13
 3921 15548 13
 3922 5975 5
 3923 1194 1
 3924 4772 4
 3925 17880 15
 3926 4764 4
 3927 3570 3
 3928 17835 15
 3929 22572 19
 3930 8309 7
 3931 14232 12
 3932 1185 1
 3933 23680 20
 3934 20111 17
 3935 1182 1
 3936 11810 10
 3937 7080 6
 3938 9432 8
 3939 9424 8
 3940 10593 9
 3941 18816 16
 3942 11750 10
 3943 21132 18
 3944 14076 12
 3945 1172 1
 3946 9368 8
 3947 4680 4
 3948 5845 5
 3949 16352 14
 3950 21006 18
 3951 20988 18
 3952 15145 13
 3953 18624 16
 3954 9304 8
 3955 17430 15
 3956 4644 4
 3957 17400 15
 3958 23180 20
 3959 19686 17
 3960 12727 11
 3961 5780 5
 3962 11550 10
 3963 11540 10
 3964 8071 7
 3965 4608 4
 3966 20718 18
 3967 6900 6
 3968 6894 6
 3969 8036 7
 3970 13764 12
 3971 1146 1
 3972 20610 18
 3973 6864 6
 3974 14859 13
 3975 14846 13
 3976 6846 6
 3977 17100 15
 3978 15946 14
 3979 7966 7
 3980 22740 20
 3981 17040 15
 3982 22700 20
 3983 17010 15
 3984 14729 13
 3985 7924 7
 3986 3393 3
 3987 15820 14
 3988 20322 18
 3989 1128 1
 3990 2254 2
 3991 3378 3
 3992 21375 19
 3993 21356 19
 3994 4492 4
 3995 16830 15
 3996 20178 18
 3997 4480 4
 3998 5595 5
 3999 16770 15
 4000 13404 12
 4001 4464 4
 4002 18955 17
 4003 18938 17
 4004 3339 3
 4005 13344 12
 4006 12221 11
 4007 5550 5
 4008 21071 19
 4009 1108 1
 4010 17712 16
 4011 18802 17
 4012 6630 6
 4013 15456 14
 4014 11030 10
 4015 9918 9
 4016 16515 15
 4017 8800 8
 4018 21980 20
 4019 20862 19
 4020 16455 15
 4021 2192 2
 4022 10950 10
 4023 8752 8
 4024 3279 3
 4025 14196 13
 4026 7637 7
 4027 20710 19
 4028 8712 8
 4029 11968 11
 4030 7609 7
 4031 13032 12
 4032 1085 1
 4033 1084 1
 4034 14079 13
 4035 2164 2
 4036 8648 8
 4037 11880 11
 4038 18343 17
 4039 7546 7
 4040 4308 4
 4041 6456 6
 4042 18275 17
 4043 21480 20
 4044 16095 15
 4045 17152 16
 4046 12852 12
 4047 17120 16
 4048 5345 5
 4049 5340 5
 4050 21340 20
 4051 3198 3
 4052 13845 13
 4053 10640 10
 4054 7441 7
 4055 6372 6
 4056 1061 1
 4057 15900 15
 4058 2118 2
 4059 20102 19
 4060 17969 17
 4061 9504 9
 4062 2110 2
 4063 8432 8
 4064 18954 18
 4065 12624 12
 4066 6306 6
 4067 5250 5
 4068 7343 7
 4069 8384 8
 4070 12564 12
 4071 8368 8
 4072 10450 10
 4073 17748 17
 4074 4172 4
 4075 16672 16
 4076 17697 17
 4077 6240 6
 4078 8312 8
 4079 11418 11
 4080 16592 16
 4081 1036 1
 4082 14490 14
 4083 19646 19
 4084 13429 13
 4085 11352 11
 4086 12372 12
 4087 16480 16
 4088 10290 10
 4089 16448 16
 4090 2054 2
 4091 4104 4
 4092 10250 10
 4093 9216 9
 4094 12276 12
 4095 19418 19
 4096 17357 17
 4097 15300 15
 4098 7133 7
 4099 8144 8
 4100 15255 15
 4101 13208 13
 4102 14210 14
 4103 6084 6
 4104 18234 18
 4105 6072 6
 4106 6066 6
 4107 19190 19
 4108 9081 9
 4109 14112 14
 4110 18126 18
 4111 19114 19
 4112 18090 18
 4113 6024 6
 4114 20060 20
 4115 19038 19
 4116 5005 5
 4117 2000 2
 4118 11988 12
 4119 998 1
 4120 4985 5
 4121 4980 5
 4122 4975 5
 4123 7952 8
 4124 4965 5
 4125 17856 18
 4126 17838 18
 4127 6930 7
 4128 17802 18
 4129 15808 16
 4130 14805 15
 4131 12818 13
 4132 10835 11
 4133 6888 7
 4134 4915 5
 4135 18658 19
 4136 9810 10
 4137 17640 18
 4138 14685 15
 4139 14670 15
 4140 15632 16
 4141 17568 18
 4142 9750 10
 4143 18506 19
 4144 8757 9
 4145 9720 10
 4146 15536 16
 4147 1940 2
 4148 969 1
 4149 15488 16
 4150 11604 12
 4151 3864 4
 4152 4825 5
 4153 6748 7
 4154 13482 14
 4155 9620 10
 4156 6727 7
 4157 4800 5
 4158 959 1
 4159 8622 9
 4160 4785 5
 4161 9560 10
 4162 11460 12
 4163 9540 10
 4164 6671 7
 4165 14280 15
 4166 5706 6
 4167 950 1
 4168 5694 6
 4169 8532 9
 4170 3788 4
 4171 5676 6
 4172 7560 8
 4173 4720 5
 4174 15088 16
 4175 9420 10
 4176 12233 13
 4177 1880 2
 4178 14085 15
 4179 11256 12
 4180 7496 8
 4181 16848 18
 4182 5610 6
 4183 13076 14
 4184 17727 19
 4185 3728 4
 4186 10241 11
 4187 15810 17
 4188 14864 16
 4189 10208 11
 4190 14832 16
 4191 2778 3
 4192 15725 17
 4193 13860 15
 4194 18460 20
 4195 7376 8
 4196 7368 8
 4197 18400 20
 4198 5514 6
 4199 1836 2
 4200 11004 12
 4201 916 1
 4202 8235 9
 4203 18280 20
 4204 12782 14
 4205 4560 5
 4206 3644 4
 4207 3640 4
 4208 4545 5
 4209 7264 8
 4210 3628 4
 4211 13590 15
 4212 3620 4
 4213 4520 5
 4214 16254 18
 4215 4510 5
 4216 17119 19
 4217 6300 7
 4218 899 1
 4219 12572 14
 4220 2691 3
 4221 17024 19
 4222 13425 15
 4223 2682 3
 4224 6251 7
 4225 892 1
 4226 3564 4
 4227 13350 15
 4228 7112 8
 4229 6216 7
 4230 4435 5
 4231 3544 4
 4232 16815 19
 4233 7072 8
 4234 7064 8
 4235 16758 19
 4236 16739 19
 4237 4400 5
 4238 13185 15
 4239 14048 16
 4240 14909 17
 4241 12264 14
 4242 14000 16
 4243 5244 6
 4244 17460 20
 4245 872 1
 4246 10452 12
 4247 8700 10
 4248 14773 17
 4249 6944 8
 4250 7803 9
 4251 3464 4
 4252 1730 2
 4253 1728 2
 4254 12082 14
 4255 7758 9
 4256 8610 10
 4257 17200 20
 4258 13744 16
 4259 8580 10
 4260 1714 2
 4261 16264 19
 4262 5985 7
 4263 4270 5
 4264 17060 20
 4265 3408 4
 4266 5957 7
 4267 15300 18
 4268 3396 4
 4269 15264 18
 4270 7623 9
 4271 16074 19
 4272 5915 7
 4273 4220 5
 4274 14331 17
 4275 16840 20
 4276 8410 10
 4277 3360 4
 4278 12585 15
 4279 2514 3
 4280 3348 4
 4281 9196 11
 4282 8350 10
 4283 7506 9
 4284 7497 9
 4285 14144 17
 4286 4155 5
 4287 14940 18
 4288 16580 20
 4289 828 1
 4290 16540 20
 4291 16520 20
 4292 4125 5
 4293 3296 4
 4294 4938 6
 4295 16440 20
 4296 4926 6
 4297 4100 5
 4298 4095 5
 4299 9816 12
 4300 817 1
 4301 1632 2
 4302 1630 2
 4303 8954 11
 4304 1626 2
 4305 9744 12
 4306 10543 13
 4307 4860 6
 4308 6472 8
 4309 12928 16
 4310 5649 7
 4311 2418 3
 4312 4830 6
 4313 3216 4
 4314 3212 4
 4315 4812 6
 4316 1602 2
 4317 12000 15
 4318 10387 13
 4319 8778 11
 4320 4782 6
 4321 12736 16
 4322 11925 15
 4323 4764 6
 4324 9516 12
 4325 792 1
 4326 13447 17
 4327 12640 16
 4328 1578 2
 4329 11032 14
 4330 11805 15
 4331 14148 18
 4332 3925 5
 4333 11760 15
 4334 14094 18
 4335 3910 5
 4336 2343 3
 4337 15600 20
 4338 14801 19
 4339 10892 14
 4340 6993 9
 4341 6208 8
 4342 10075 13
 4343 14706 19
 4344 15460 20
 4345 3088 4
 4346 8481 11
 4347 13090 17
 4348 10766 14
 4349 10752 14
 4350 2301 3
 4351 12256 16
 4352 9945 13
 4353 9168 12
 4354 6867 9
 4355 3048 4
 4356 3044 4
 4357 6080 8
 4358 3795 5
 4359 2274 3
 4360 10598 14
 4361 756 1
 4362 12080 16
 4363 11310 15
 4364 9789 13
 4365 11280 15
 4366 6759 9
 4367 5250 7
 4368 12733 17
 4369 8228 11
 4370 11952 16
 4371 9698 13
 4372 2980 4
 4373 4464 6
 4374 3715 5
 4375 11872 16
 4376 5187 7
 4377 5920 8
 4378 4434 6
 4379 9594 13
 4380 4422 6
 4381 3680 5
 4382 13230 18
 4383 14680 20
 4384 12461 17
 4385 14640 20
 4386 731 1
 4387 12410 17
 4388 5832 8
 4389 3640 5
 4390 10178 14
 4391 13794 19
 4392 2900 4
 4393 14480 20
 4394 5061 7
 4395 6498 9
 4396 5768 8
 4397 7200 10
 4398 12942 18
 4399 718 1
 4400 14340 20
 4401 6444 9
 4402 5720 8
 4403 9282 13
 4404 13547 19
 4405 5696 8
 4406 9954 14
 4407 2130 3
 4408 709 1
 4409 6372 9
 4410 7070 10
 4411 706 1
 4412 12690 18
 4413 11264 16
 4414 4921 7
 4415 6318 9
 4416 14020 20
 4417 14000 20
 4418 2097 3
 4419 5584 8
 4420 5576 8
 4421 4872 7
 4422 7645 11
 4423 1388 2
 4424 1386 2
 4425 6920 10
 4426 10365 15
 4427 8280 12
 4428 9646 14
 4429 8944 13
 4430 6870 10
 4431 8232 12
 4432 12330 18
 4433 5472 8
 4434 683 1
 4435 4774 7
 4436 4767 7
 4437 6120 9
 4438 12901 19
 4439 678 1
 4440 8124 12
 4441 2704 4
 4442 10800 16
 4443 6066 9
 4444 2692 4
 4445 12768 19
 4446 3355 5
 4447 11390 17
 4448 3345 5
 4449 11356 17
 4450 8671 13
 4451 13320 20
 4452 11305 17
 4453 3984 6
 4454 10608 16
 4455 3972 6
 4456 11237 17
 4457 11220 17
 4458 2636 4
 4459 11844 18
 4460 657 1
 4461 5904 9
 4462 11135 17
 4463 7194 11
 4464 12407 19
 4465 10432 16
 4466 9765 15
 4467 5850 9
 4468 12980 20
 4469 12312 19
 4470 647 1
 4471 2584 4
 4472 11610 18
 4473 1288 2
 4474 10288 16
 4475 12198 19
 4476 7051 11
 4477 12160 19
 4478 3834 6
 4479 7018 11
 4480 3185 5
 4481 636 1
 4482 10795 17
 4483 9510 15
 4484 633 1
 4485 10744 17
 4486 9465 15
 4487 10080 16
 4488 11951 19
 4489 11304 18
 4490 7524 12
 4491 7512 12
 4492 3750 6
 4493 12480 20
 4494 8099 13
 4495 12440 20
 4496 1242 2
 4497 4960 8
 4498 9285 15
 4499 3708 6
 4500 3702 6
 4501 4928 8
 4502 7380 12
 4503 10438 17
 4504 613 1
 4505 6120 10
 4506 12220 20
 4507 9760 16
 4508 1827 3
 4509 7904 13
 4510 6070 10
 4511 2424 4
 4512 1815 3
 4513 4228 7
 4514 8442 14
 4515 9632 16
 4516 8414 14
 4517 9600 16
 4518 4792 8
 4519 3588 6
 4520 7761 13
 4521 6556 11
 4522 4165 7
 4523 6534 11
 4524 5337 9
 4525 8880 15
 4526 5319 9
 4527 2360 4
 4528 11780 20
 4529 9996 17
 4530 10566 18
 4531 9962 17
 4532 5265 9
 4533 5840 10
 4534 5830 10
 4535 2910 5
 4536 11620 20
 4537 2320 4
 4538 2316 4
 4539 4046 7
 4540 6924 12
 4541 8640 15
 4542 7475 13
 4543 5740 10
 4544 573 1
 4545 4576 8
 4546 9707 17
 4547 570 1
 4548 3983 7
 4549 10792 19
 4550 11340 20
 4551 8490 15
 4552 3390 6
 4553 10716 19
 4554 7882 14
 4555 6744 12
 4556 8976 16
 4557 3360 6
 4558 3354 6
 4559 6138 11
 4560 8355 15
 4561 11120 20
 4562 2220 4
 4563 5540 10
 4564 553 1
 4565 3312 6
 4566 6061 11
 4567 9900 18
 4568 5490 10
 4569 9864 18
 4570 2188 4
 4571 6552 12
 4572 10900 20
 4573 7072 13
 4574 8145 15
 4575 1626 3
 4576 10820 20
 4577 9180 17
 4578 9702 18
 4579 6994 13
 4580 3222 6
 4581 5896 11
 4582 10165 19
 4583 4806 9
 4584 3198 6
 4585 10108 19
 4586 3717 7
 4587 4240 8
 4588 3174 6
 4589 10560 20
 4590 1581 3
 4591 2630 5
 4592 6300 12
 4593 7336 14
 4594 1569 3
 4595 2610 5
 4596 9899 19
 4597 2600 5
 4598 3114 6
 4599 7252 14
 4600 4136 8
 4601 3612 7
 4602 8755 17
 4603 6168 12
 4604 1026 2
 4605 7680 15
 4606 3066 6
 4607 9690 19
 4608 2545 5
 4609 4572 9
 4610 3549 7
 4611 10120 20
 4612 2525 5
 4613 3528 7
 4614 9557 19
 4615 9036 18
 4616 2505 5
 4617 2000 4
 4618 499 1
 4619 2988 6
 4620 7455 15
 4621 8928 18
 4622 9900 20
 4623 4446 9
 4624 9860 20
 4625 5412 11
 4626 6383 13
 4627 8820 18
 4628 978 2
 4629 2440 5
 4630 3409 7
 4631 4374 9
 4632 2910 6
 4633 6292 13
 4634 7245 15
 4635 9158 19
 4636 1924 4
 4637 5280 11
 4638 4790 10
 4639 2868 6
 4640 5724 12
 4641 9044 19
 4642 8075 17
 4643 6162 13
 4644 7568 16
 4645 5192 11
 4646 1413 3
 4647 6580 14
 4648 2345 5
 4649 6084 13
 4650 934 2
 4651 6058 13
 4652 8370 18
 4653 2320 5
 4654 6019 13
 4655 3696 8
 4656 1844 4
 4657 460 1
 4658 7803 17
 4659 1832 4
 4660 1371 3
 4661 5016 11
 4662 4550 10
 4663 4994 11
 4664 5436 12
 4665 1808 4
 4666 4510 10
 4667 5850 13
 4668 3143 7
 4669 5824 13
 4670 8493 19
 4671 7582 17
 4672 2670 6
 4673 7992 18
 4674 8860 20
 4675 1326 3
 4676 5292 12
 4677 5280 12
 4678 7463 17
 4679 3066 7
 4680 7429 17
 4681 436 1
 4682 6090 14
 4683 3906 9
 4684 1299 3
 4685 3888 9
 4686 3879 9
 4687 8170 19
 4688 858 2
 4689 8132 19
 4690 4697 11
 4691 5112 12
 4692 850 2
 4693 3392 8
 4694 5499 13
 4695 2532 6
 4696 6315 15
 4697 7980 19
 4698 5447 13
 4699 8360 20
 4700 2085 5
 4701 7904 19
 4702 3320 8
 4703 3312 8
 4704 8260 20
 4705 5356 13
 4706 7809 19
 4707 6150 15
 4708 3272 8
 4709 7344 18
 4710 3663 9
 4711 5278 13
 4712 4860 12
 4713 2424 6
 4714 6448 16
 4715 3216 8
 4716 6817 17
 4717 400 1
 4718 7980 20
 4719 6766 17
 4720 2382 6
 4721 1584 4
 4722 3160 8
 4723 5122 13
 4724 7467 19
 4725 5096 13
 4726 2346 6
 4727 1170 3
 4728 5057 13
 4729 5820 15
 4730 3870 10
 4731 7720 20
 4732 2695 7
 4733 2688 7
 4734 2298 6
 4735 6112 16
 4736 4191 11
 4737 1140 3
 4738 1895 5
 4739 2646 7
 4740 6032 16
 4741 3384 9
 4742 1125 3
 4743 4114 11
 4744 7087 19
 4745 1488 4
 4746 2968 8
 4747 5180 14
 4748 6642 18
 4749 6992 19
 4750 6606 18
 4751 3294 9
 4752 3285 9
 4753 6916 19
 4754 5445 15
 4755 2534 7
 4756 2888 8
 4757 1080 3
 4758 1436 4
 4759 6802 19
 4760 6069 17
 4761 2136 6
 4762 6390 18
 4763 6018 17
 4764 3177 9
 4765 2464 7
 4766 5265 15
 4767 6650 19
 4768 5584 16
 4769 696 2
 4770 3470 10
 4771 6920 20
 4772 5865 17
 4773 6192 18
 4774 4459 13
 4775 4446 13
 4776 5797 17
 4777 3060 9
 4778 1017 3
 4779 6422 19
 4780 674 2
 4781 4368 13
 4782 6365 19
 4783 334 1
 4784 3330 10
 4785 3320 10
 4786 3310 10
 4787 3960 12
 4788 658 2
 4789 3608 11
 4790 3924 12
 4791 2282 7
 4792 6175 19
 4793 5184 16
 4794 1615 5
 4795 2576 8
 4796 4815 15
 4797 6400 20
 4798 6380 20
 4799 2226 7
 4800 5389 17
 4801 1264 4
 4802 5040 16
 4803 1884 6
 4804 626 2
 4805 5928 19
 4806 1866 6
 4807 1240 4
 4808 309 1
 4809 2464 8
 4810 3991 13
 4811 3978 13
 4812 5185 17
 4813 4864 16
 4814 909 3
 4815 1510 5
 4816 1505 5
 4817 4800 16
 4818 598 2
 4819 3874 13
 4820 5346 18
 4821 3848 13
 4822 295 1
 4823 882 3
 4824 293 1
 4825 1168 4
 4826 582 2
 4827 2610 9
 4828 1445 5
 4829 2016 7
 4830 5453 19
 4831 1430 5
 4832 1710 6
 4833 2272 8
 4834 283 1
 4835 5358 19
 4836 1405 5
 4837 5040 18
 4838 558 2
 4839 1112 4
 4840 5540 20
 4841 4692 17
 4842 2475 9
 4843 1644 6
 4844 4641 17
 4845 2176 8
 4846 4065 15
 4847 3510 13
 4848 4304 16
 4849 804 3
 4850 3471 13
 4851 532 2
 4852 3710 14
 4853 4224 16
 4854 263 1
 4855 5240 20
 4856 522 2
 4857 2600 10
 4858 1295 5
 4859 4386 17
 4860 1799 7
 4861 4864 19
 4862 4080 16
 4863 762 3
 4864 2024 8
 4865 1512 6
 4866 4518 18
 4867 2250 9
 4868 1743 7
 4869 1240 5
 4870 2223 9
 4871 246 1
 4872 2940 12
 4873 2684 11
 4874 1215 5
 4875 3388 14
 4876 3615 15
 4877 1200 5
 4878 956 4
 4879 476 2
 4880 3318 14
 4881 4248 18
 4882 3760 16
 4883 3042 13
 4884 2330 10
 4885 464 2
 4886 2310 10
 4887 3680 16
 4888 2748 12
 4889 2508 11
 4890 4540 20
 4891 2486 11
 4892 4275 19
 4893 1344 6
 4894 2453 11
 4895 1998 9
 4896 2210 10
 4897 3740 17
 4898 3285 15
 4899 2398 11
 4900 868 4
 4901 648 3
 4902 1935 9
 4903 856 4
 4904 426 2
 4905 2968 14
 4906 1477 7
 4907 1260 6
 4908 1881 9
 4909 416 2
 4910 1656 8
 4911 2266 11
 4912 4100 20
 4913 3672 18
 4914 1015 5
 4915 2222 11
 4916 2010 10
 4917 200 1
 4918 1990 10
 4919 2970 15
 4920 1773 9
 4921 784 4
 4922 1560 8
 4923 970 5
 4924 1737 9
 4925 3840 20
 4926 1910 10
 4927 1710 9
 4928 1701 9
 4929 2068 11
 4930 1870 10
 4931 3720 20
 4932 1665 9
 4933 1840 10
 4934 3294 18
 4935 910 5
 4936 1629 9
 4937 1800 10
 4938 3401 19
 4939 1246 7
 4940 2301 13
 4941 704 4
 4942 2800 16
 4943 348 2
 4944 2595 15
 4945 1548 9
 4946 2223 13
 4947 1020 6
 4948 169 1
 4949 1512 9
 4950 167 1
 4951 2988 18
 4952 825 5
 4953 1804 11
 4954 3260 20
 4955 972 6
 4956 2415 15
 4957 2080 13
 4958 2544 16
 4959 3160 20
 4960 1884 12
 4961 468 3
 4962 1395 9
 4963 2156 14
 4964 1836 12
 4965 1520 10
 4966 2416 16
 4967 600 4
 4968 1341 9
 4969 2664 18
 4970 2205 15
 4971 1022 7
 4972 870 6
 4973 432 3
 4974 143 1
 4975 2556 18
 4976 1128 8
 4977 840 6
 4978 695 5
 4979 276 2
 4980 2055 15
 4981 544 4
 4982 1215 9
 4983 2680 20
 4984 931 7
 4985 264 2
 4986 2227 17
 4987 1950 15
 4988 645 5
 4989 1792 14
 4990 2159 17
 4991 126 1
 4992 1750 14
 4993 992 8
 4994 738 6
 4995 2440 20
 4996 2420 20
 4997 240 2
 4998 2142 18
 4999 1652 14
 5000 234 2
 5001 580 5
 5002 920 8
 5003 1482 13
 5004 678 6
 5005 2240 20
 5006 1998 18
 5007 1210 11
 5008 763 7
 5009 432 4
 5010 321 3
 5011 1378 13
 5012 1680 16
 5013 832 8
 5014 721 7
 5015 408 4
 5016 1616 16
 5017 1500 15
 5018 1386 14
 5019 1372 14
 5020 1067 11
 5021 1056 11
 5022 1235 13
 5023 846 9
 5024 372 4
 5025 644 7
 5026 1456 16
 5027 450 5
 5028 979 11
 5029 704 8
 5030 348 4
 5031 430 5
 5032 1615 19
 5033 1176 14
 5034 581 7
 5035 1558 19
 5036 1215 15
 5037 1440 18
 5038 316 4
 5039 1170 15
 5040 1001 13
 5041 760 10
 5042 675 9
 5043 222 3
 5044 219 3
 5045 1296 18
 5046 852 12
 5047 70 1
 5048 207 3
 5049 1360 20
 5050 201 3
 5051 1056 16
 5052 1235 19
 5053 960 15
 5054 693 11
 5055 248 4
 5056 61 1
 5057 360 6
 5058 1062 18
 5059 348 6
 5060 57 1
 5061 392 7
 5062 55 1
 5063 378 7
 5064 636 12
 5065 416 8
 5066 204 4
 5067 600 12
 5068 392 8
 5069 528 11
 5070 752 16
 5071 828 18
 5072 450 10
 5073 264 6
 5074 473 11
 5075 840 20
 5076 574 14
 5077 640 16
 5078 585 15
 5079 190 5
 5080 666 18
 5081 576 16
 5082 35 1
 5083 578 17
 5084 297 9
 5085 544 17
 5086 217 7
 5087 510 17
 5088 522 18
 5089 280 10
 5090 216 8
 5091 390 15
 5092 75 3
 5093 336 14
 5094 437 19
 5095 154 7
 5096 84 4
 5097 320 16
 5098 228 12
 5099 162 9
 5100 238 14
 5101 304 19
 5102 285 19
 5103 28 2
 5104 221 17
 5105 228 19
 5106 220 20
 5107 110 11
 5108 180 20
 5109 8 1
 5110 49 7
 5111 30 5
 5112 85 17
 5113 68 17
 5114 6 2
 5115 10 5
 5116 9 9
30696