545
 1 545 1
 2 9792 18
 3 9774 18
 4 9756 18
 5 7574 14
 6 1620 3
 7 1078 2
 8 9684 18
 9 10740 20
 10 1608 3
 11 6955 13
 12 4272 8
 13 7995 15
 14 4788 9
 15 8496 16
 16 6890 13
 17 10580 20
 18 7920 15
 19 5270 10
 20 6312 12
 21 525 1
 22 4716 9
 23 4707 9
 24 522 1
 25 7815 15
 26 6760 13
 27 8304 16
 28 1036 2
 29 5170 10
 30 6192 12
 31 7210 14
 32 8224 16
 33 1026 2
 34 2048 4
 35 511 1
 36 1530 3
 37 1018 2
 38 1524 3
 39 3549 7
 40 6578 13
 41 2020 4
 42 8568 17
 43 3521 7
 44 4518 9
 45 501 1
 46 8500 17
 47 8483 17
 48 6972 14
 49 4970 10
 50 9920 20
 51 4455 9
 52 9880 20
 53 5916 12
 54 492 1
 55 2455 5
 56 980 2
 57 7335 15
 58 1464 3
 59 3409 7
 60 972 2
 61 2910 6
 62 5808 12
 63 966 2
 64 1446 3
 65 3848 8
 66 4800 10
 67 1437 3
 68 1434 3
 69 5247 11
 70 5712 12
 71 2375 5
 72 5214 11
 73 6622 14
 74 8496 18
 75 5181 11
 76 470 1
 77 3752 8
 78 3744 8
 79 8873 19
 80 6524 14
 81 7440 16
 82 1856 4
 83 8334 18
 84 5544 12
 85 6454 14
 86 5520 12
 87 8721 19
 88 5496 12
 89 4113 9
 90 6840 15
 91 7280 16
 92 8172 18
 93 6795 15
 94 4520 10
 95 8569 19
 96 3600 8
 97 3143 7
 98 7616 17
 99 6705 15
 100 1784 4
 101 8900 20
 102 4884 11
 103 5316 12
 104 3094 7
 105 7497 17
 106 4400 10
 107 3951 9
 108 3942 9
 109 3496 8
 110 6976 16
 111 2175 5
 112 2604 6
 113 6062 14
 114 2160 5
 115 8189 19
 116 6020 14
 117 3861 9
 118 5136 12
 119 7259 17
 120 5538 13
 121 1275 3
 122 5936 14
 123 6345 15
 124 6330 15
 125 8420 20
 126 4620 11
 127 7123 17
 128 2926 7
 129 7089 17
 130 2496 6
 131 830 2
 132 7452 18
 133 2891 7
 134 1236 3
 135 4932 12
 136 7790 19
 137 3681 9
 138 4896 12
 139 7326 18
 140 4060 10
 141 4860 12
 142 6464 16
 143 7254 18
 144 2010 5
 145 7619 19
 146 7200 18
 147 3192 8
 148 2786 7
 149 7543 19
 150 792 2
 151 4740 12
 152 788 2
 153 4716 12
 154 4312 11
 155 5474 14
 156 780 2
 157 1167 3
 158 388 1
 159 3096 8
 160 6948 18
 161 3850 10
 162 2688 7
 163 4979 13
 164 7258 19
 165 3429 9
 166 2280 6
 167 5685 15
 168 3780 10
 169 4901 13
 170 1504 4
 171 3375 9
 172 2992 8
 173 4849 13
 174 1488 4
 175 2968 8
 176 370 1
 177 1845 5
 178 4784 13
 179 4037 11
 180 4392 12
 181 4380 12
 182 364 1
 183 2541 7
 184 4706 13
 185 2527 7
 186 5760 16
 187 2513 7
 188 7160 20
 189 5355 15
 190 5696 16
 191 355 1
 192 2832 8
 193 4942 14
 194 6688 19
 195 3510 10
 196 700 2
 197 2094 6
 198 5916 17
 199 3470 10
 200 5882 17
 201 5520 16
 202 1376 4
 203 2744 8
 204 342 1
 205 2046 6
 206 4420 13
 207 1017 3
 208 5408 16
 209 4381 13
 210 4368 13
 211 2345 7
 212 2672 8
 213 4329 13
 214 2656 8
 215 5958 18
 216 1980 6
 217 329 1
 218 2624 8
 219 2616 8
 220 5868 18
 221 3250 10
 222 4860 15
 223 3876 12
 224 2576 8
 225 3210 10
 226 1920 6
 227 6380 20
 228 3498 11
 229 4438 14
 230 2528 8
 231 1260 4
 232 1570 5
 233 5008 16
 234 1872 6
 235 2488 8
 236 4340 14
 237 5562 18
 238 3080 10
 239 921 3
 240 5508 18
 241 6100 20
 242 4864 16
 243 1515 5
 244 5738 19
 245 1204 4
 246 1500 5
 247 5980 20
 248 5364 18
 249 5346 18
 250 5328 18
 251 1180 4
 252 2058 7
 253 3809 13
 254 4088 14
 255 2328 8
 256 2610 9
 257 3468 12
 258 4032 14
 259 4879 17
 260 1144 4
 261 5700 20
 262 4544 16
 263 1698 6
 264 4794 17
 265 562 2
 266 3920 14
 267 558 2
 268 5282 19
 269 3601 13
 270 1932 7
 271 1925 7
 272 5480 20
 273 5460 20
 274 1088 4
 275 5149 19
 276 4590 17
 277 1883 7
 278 5360 20
 279 3204 12
 280 3990 15
 281 4505 17
 282 2640 10
 283 2104 8
 284 3668 14
 285 2610 10
 286 3380 13
 287 1295 5
 288 4902 19
 289 1028 4
 290 4608 18
 291 2040 8
 292 762 3
 293 506 2
 294 4284 17
 295 2008 8
 296 2000 8
 297 498 2
 298 2976 12
 299 3458 14
 300 2460 10
 301 1715 7
 302 488 2
 303 2430 10
 304 726 3
 305 964 4
 306 3840 16
 307 3585 15
 308 1904 8
 309 1659 7
 310 4720 20
 311 235 1
 312 1872 8
 313 3728 16
 314 1624 7
 315 1386 6
 316 4600 20
 317 3664 16
 318 1596 7
 319 1362 6
 320 1582 7
 321 1350 6
 322 2240 10
 323 1561 7
 324 1998 9
 325 221 1
 326 1760 8
 327 2409 11
 328 218 1
 329 2387 11
 330 3888 18
 331 4085 19
 332 2140 10
 333 2343 11
 334 2544 12
 335 2321 11
 336 3360 16
 337 1254 6
 338 4160 20
 339 1242 6
 340 1236 6
 341 410 2
 342 2856 14
 343 1218 6
 344 3232 16
 345 2814 14
 346 400 2
 347 1592 8
 348 396 2
 349 2167 11
 350 784 4
 351 390 2
 352 3492 18
 353 2895 15
 354 3264 17
 355 1146 6
 356 3040 16
 357 945 5
 358 1316 7
 359 2244 12
 360 1488 8
 361 1665 9
 362 1288 7
 363 549 3
 364 2912 16
 365 2353 13
 366 900 5
 367 3043 17
 368 178 1
 369 2301 13
 370 176 1
 371 2450 14
 372 3480 20
 373 3114 18
 374 860 5
 375 2736 16
 376 3400 20
 377 1690 10
 378 2016 12
 379 2505 15
 380 1328 8
 381 1485 9
 382 2788 17
 383 2934 18
 384 972 6
 385 2415 15
 386 160 1
 387 2703 17
 388 1106 7
 389 628 4
 390 1716 11
 391 2790 18
 392 924 6
 393 918 6
 394 608 4
 395 302 2
 396 1050 7
 397 447 3
 398 444 3
 399 735 5
 400 1314 9
 401 145 1
 402 1728 12
 403 143 1
 404 2840 20
 405 2679 19
 406 2100 15
 407 2224 16
 408 2622 19
 409 2466 18
 410 272 2
 411 2430 18
 412 2010 15
 413 798 6
 414 396 3
 415 1703 13
 416 2600 20
 417 1935 15
 418 896 7
 419 1524 12
 420 630 5
 421 1500 12
 422 1860 15
 423 1722 14
 424 2440 20
 425 605 5
 426 1200 10
 427 357 3
 428 118 1
 429 468 4
 430 464 4
 431 690 6
 432 570 5
 433 226 2
 434 784 7
 435 888 8
 436 2090 19
 437 763 7
 438 1620 15
 439 428 4
 440 848 8
 441 735 7
 442 1248 12
 443 2060 20
 444 612 6
 445 909 9
 446 800 8
 447 1881 19
 448 294 3
 449 970 10
 450 480 5
 451 1805 19
 452 282 3
 453 651 7
 454 1380 15
 455 1456 16
 456 450 5
 457 1691 19
 458 440 5
 459 783 9
 460 516 6
 461 595 7
 462 1344 16
 463 830 10
 464 1394 17
 465 324 4
 466 960 12
 467 1580 20
 468 78 1
 469 1155 15
 470 608 8
 471 450 6
 472 888 12
 473 876 12
 474 1152 16
 475 142 2
 476 1190 17
 477 207 3
 478 1360 20
 479 737 11
 480 792 12
 481 1235 19
 482 832 13
 483 819 13
 484 1116 18
 485 1037 17
 486 900 15
 487 826 14
 488 58 1
 489 285 5
 490 728 13
 491 110 2
 492 1026 19
 493 318 6
 494 520 10
 495 663 13
 496 350 7
 497 882 18
 498 432 9
 499 376 8
 500 736 16
 501 810 18
 502 880 20
 503 731 17
 504 714 17
 505 779 19
 506 720 18
 507 429 11
 508 114 3
 509 555 15
 510 288 8
 511 140 4
 512 442 13
 513 33 1
 514 384 12
 515 217 7
 516 360 12
 517 261 9
 518 336 12
 519 459 17
 520 468 18
 521 450 18
 522 24 1
 523 322 14
 524 286 13
 525 84 4
 526 380 19
 527 209 11
 528 126 7
 529 221 13
 530 16 1
 531 240 16
 532 14 1
 533 208 16
 534 204 17
 535 132 12
 536 180 18
 537 117 13
 538 40 5
 539 91 13
 540 78 13
 541 80 16
 542 28 7
 543 9 3
 544 28 14
 545 3 3
3270