77
 1 616 8
 2 988 13
 3 300 4
 4 888 12
 5 511 7
 6 720 10
 7 1349 19
 8 350 5
 9 621 9
 10 408 6
 11 402 6
 12 726 11
 13 650 10
 14 960 15
 15 945 15
 16 248 4
 17 244 4
 18 600 10
 19 649 11
 20 1102 19
 21 1140 20
 22 840 15
 23 330 6
 24 270 5
 25 371 7
 26 1040 20
 27 459 9
 28 650 13
 29 196 4
 30 624 13
 31 47 1
 32 230 5
 33 765 17
 34 44 1
 35 301 7
 36 126 3
 37 164 4
 38 600 15
 39 351 9
 40 76 2
 41 222 6
 42 432 12
 43 595 17
 44 476 14
 45 396 12
 46 32 1
 47 62 2
 48 360 12
 49 406 14
 50 84 3
 51 297 11
 52 338 13
 53 475 19
 54 72 3
 55 460 20
 56 88 4
 57 231 11
 58 380 19
 59 152 8
 60 180 10
 61 102 6
 62 288 18
 63 60 4
 64 224 16
 65 195 15
 66 228 19
 67 66 6
 68 10 1
 69 144 16
 70 96 12
 71 112 16
 72 42 7
 73 20 4
 74 24 6
 75 9 3
 76 14 7
 77 11 11
1232