800
 33 27 24 7 18 18 7 26 32 10
 13 13 46 1 13 21 28 43 29 4
 37 41 2 47 1 46 21 1 37 4
 14 22 44 35 43 11 43 39 48 33
 16 5 8 29 32 5 12 22 29 3
 40 42 6 2 4 27 43 0 46 32
 8 11 21 7 32 3 1 23 15 22
 19 3 21 26 32 17 46 5 11 9
 3 21 24 33 35 13 5 4 27 49
 30 6 0 36 23 40 47 49 25 30
 43 13 4 33 47 41 23 29 7 24
 17 29 11 14 44 29 46 23 27 21
 22 22 18 7 47 8 0 14 1 48
 8 15 5 28 24 38 39 41 43 3
 26 14 16 0 11 3 48 29 39 42
 19 14 37 5 22 26 49 37 26 15
 27 49 14 4 31 6 1 45 20 7
 39 14 18 10 19 27 27 11 39 25
 29 3 34 38 33 16 49 12 33 42
 39 2 10 27 48 19 18 31 2 39
 30 30 27 48 4 29 16 42 42 46
 11 28 7 28 46 20 48 33 45 30
 10 30 47 40 16 2 16 24 39 17
 23 47 33 20 33 16 21 9 41 40
 35 14 3 11 31 12 35 20 11 24
 28 11 2 16 15 36 20 42 36 43
 34 24 1 44 35 37 40 28 22 40
 22 13 7 46 36 20 4 28 12 4
 40 45 34 28 37 18 30 8 15 47
 42 45 27 25 11 12 40 20 14 21
 26 1 14 46 4 14 37 11 8 31
 33 40 11 34 47 3 22 49 34 19
 34 46 11 15 19 10 28 11 40 30
 20 2 25 21 12 21 45 49 9 42
 21 19 5 41 14 15 1 11 4 34
 33 23 6 22 14 43 3 36 47 15
 30 40 37 35 40 7 31 29 2 35
 31 29 41 25 3 25 14 32 13 49
 18 0 23 20 12 25 15 15 37 45
 35 11 14 38 35 40 3 6 24 30
 37 40 0 40 33 29 39 1 27 11
 25 13 38 2 12 42 37 13 0 39
 43 34 46 21 47 21 18 2 37 48
 16 7 27 14 9 28 27 17 30 7
 21 40 37 18 33 44 39 24 13 40
 44 36 2 34 3 36 8 38 10 0
 13 0 39 38 45 45 32 4 6 5
 12 15 25 18 31 29 14 38 49 31
 41 48 32 48 26 0 18 5 32 41
 41 38 35 12 13 41 26 18 23 44
 39 43 42 42 33 17 23 28 15 8
 0 32 16 14 0 17 29 7 0 37
 45 10 37 36 45 2 44 27 24 13
 33 39 47 48 12 24 27 45 37 10
 25 43 7 17 31 18 23 6 9 20
 32 28 23 16 29 43 15 38 4 22
 41 45 15 48 45 29 21 46 40 31
 1 40 35 25 1 46 10 36 30 14
 13 5 26 1 23 16 13 46 3 10
 3 12 45 13 36 39 42 29 35 42
 3 18 27 41 34 48 6 8 35 29
 25 44 4 12 21 11 25 9 11 37
 15 36 39 26 31 42 39 22 42 29
 20 0 11 2 11 5 40 45 38 30
 40 2 28 46 7 32 25 2 3 22
 48 46 49 22 49 7 10 46 9 17
 3 37 0 15 37 13 35 33 48 17
 38 41 29 10 41 34 21 10 21 42
 45 6 27 21 49 17 30 30 12 5
 33 39 15 20 27 45 47 7 47 46
 33 18 32 9 28 31 6 37 18 2
 19 48 8 35 47 9 3 24 37 28
 32 28 15 18 15 23 33 33 28 46
 6 35 7 15 5 44 22 49 42 27
 47 33 48 9 20 4 45 23 0 49
 8 40 16 11 13 44 14 8 6 11
 48 37 6 14 46 11 9 0 8 13
 6 1 12 2 31 44 30 39 20 49
 49 21 19 13 40 10 41 43 33 32
 32 26 35 21 0 1 13 8 31 3
 4

 21 20 12 49 37 44 21 2 38 39
 9 22 21 0 42 39 31 22 30 0
 43 6 21 40 35 17 21 26 36 11
 8 44 5 16 4 43 4 49 15 31
 35 0 10 5 29 22 23 28 41 31
 37 16 18 17 18 13 23 19 2 20
 13 41 44 6 13 19 5 44 9 8
 0 24 27 43 19 4 37 43 43 0
 5 35 22 12 43 46 27 39 4 33
 9 27 20 22 43 39 22 39 34 27
 12 15 5 30 39 31 11 33 36 29
 30 21 32 11 21 8 48 11 13 12
 0 33 35 33 17 31 8 42 48 8
 49 12 19 7 44 28 37 34 44 35
 4 35 44 46 11 8 40 0 30 41
 46 20 37 37 31 10 6 32 36 41
 30 25 35 38 35 29 22 1 6 16
 25 0 10 1 8 1 10 14 24 12
 24 35 18 10 13 44 26 30 25 5
 2 1 29 38 28 42 41 44 14 21
 38 46 0 31 32 46 45 32 15 49
 1 13 9 27 45 15 16 26 26 34
 19 24 29 45 10 18 42 42 39 19
 5 31 25 37 7 18 11 48 33 28
 49 39 27 21 39 20 14 44 10 19
 27 11 17 2 20 46 11 27 23 17
 11 22 18 22 26 1 40 24 42 33
 40 3 48 41 43 31 28 35 26 10
 35 42 22 43 30 16 1 43 35 1
 26 24 33 31 13 33 17 37 18 13
 47 8 37 26 48 30 27 12 40 2
 11 12 11 37 45 19 28 18 31 21
 1 33 14 23 25 9 23 18 3 24
 12 11 11 19 33 39 30 41 42 40
 7 5 6 21 34 21 8 25 19 17
 38 23 28 2 30 36 22 23 1 9
 25 11 8 30 44 39 40 30 24 38
 17 15 29 17 6 25 48 25 11 28
 31 10 10 7 29 16 31 8 37 30
 35 2 19 39 5 40 24 32 17 42
 38 48 49 16 8 16 42 39 27 37
 11 30 29 39 0 41 34 5 2 30
 10 49 42 47 6 8 45 36 36 17
 36 37 21 18 48 43 21 42 13 33
 6 2 42 42 5 15 1 11 25 14
 37 6 6 45 10 23 44 30 21 48
 25 12 47 27 39 21 5 13 23 29
 29 0 35 27 12 15 6 20 22 6
 30 8 20 28 40 43 44 3 32 9
 20 14 45 20 18 26 42 39 31 17
 30 12 26 22 42 2 42 35 13 24
 23 17 23 20 13 7 34 38 21 31
 9 9 43 16 3 49 14 43 37 9
 31 2 10 49 14 35 37 6 43 0
 37 9 19 6 13 35 15 30 34 37
 42 12 34 12 49 27 49 35 7 35
 9 17 3 12 49 42 26 47 43 48
 10 10 24 13 5 18 0 42 17 29
 32 18 31 4 20 11 13 34 30 31
 2 11 44 25 48 7 44 3 40 27
 0 0 12 36 1 35 46 33 1 3
 38 6 16 10 26 5 48 49 48 29
 20 37 6 4 30 3 16 36 28 9
 19 1 33 42 10 12 2 1 44 8
 41 36 19 23 21 28 32 26 2 0
 39 16 16 4 9 32 47 44 26 5
 9 47 0 5 10 17 12 10 1 33
 14 23 5 3 10 37 28 12 35 0
 7 20 49 49 36 5 41 13 0 24
 13 18 22 8 43 36 38 26 6 26
 30 19 27 4 37 28 49 12 43 31
 19 19 21 7 29 7 41 30 47 34
 27 28 32 49 47 44 32 7 5 44
 46 28 11 18 12 46 25 23 11 8
 17 40 15 37 32 5 0 22 26 40
 13 1 14 32 34 39 33 40 29 26
 27 5 46 27 4 15 40 24 8 0
 32 39 48 10 22 4 26 38 31 21
 36 10 20 37 2 27 13 38 34 20
 49 36 27 47 28 1 37 13 36 27
 8