10000
 33 27 24 7 18 18 7 26 32 10
 13 13 46 1 13 21 28 43 29 4
 37 41 2 47 1 46 21 1 37 4
 14 22 44 35 43 11 43 39 48 33
 16 5 8 29 32 5 12 22 29 3
 40 42 6 2 4 27 43 0 46 32
 8 11 21 7 32 3 1 23 15 22
 19 3 21 26 32 17 46 5 11 9
 3 21 24 33 35 13 5 4 27 49
 30 6 0 36 23 40 47 49 25 30
 43 13 4 33 47 41 23 29 7 24
 17 29 11 14 44 29 46 23 27 21
 22 22 18 7 47 8 0 14 1 48
 8 15 5 28 24 38 39 41 43 3
 26 14 16 0 11 3 48 29 39 42
 19 14 37 5 22 26 49 37 26 15
 27 49 14 4 31 6 1 45 20 7
 39 14 18 10 19 27 27 11 39 25
 29 3 34 38 33 16 49 12 33 42
 39 2 10 27 48 19 18 31 2 39
 30 30 27 48 4 29 16 42 42 46
 11 28 7 28 46 20 48 33 45 30
 10 30 47 40 16 2 16 24 39 17
 23 47 33 20 33 16 21 9 41 40
 35 14 3 11 31 12 35 20 11 24
 28 11 2 16 15 36 20 42 36 43
 34 24 1 44 35 37 40 28 22 40
 22 13 7 46 36 20 4 28 12 4
 40 45 34 28 37 18 30 8 15 47
 42 45 27 25 11 12 40 20 14 21
 26 1 14 46 4 14 37 11 8 31
 33 40 11 34 47 3 22 49 34 19
 34 46 11 15 19 10 28 11 40 30
 20 2 25 21 12 21 45 49 9 42
 21 19 5 41 14 15 1 11 4 34
 33 23 6 22 14 43 3 36 47 15
 30 40 37 35 40 7 31 29 2 35
 31 29 41 25 3 25 14 32 13 49
 18 0 23 20 12 25 15 15 37 45
 35 11 14 38 35 40 3 6 24 30
 37 40 0 40 33 29 39 1 27 11
 25 13 38 2 12 42 37 13 0 39
 43 34 46 21 47 21 18 2 37 48
 16 7 27 14 9 28 27 17 30 7
 21 40 37 18 33 44 39 24 13 40
 44 36 2 34 3 36 8 38 10 0
 13 0 39 38 45 45 32 4 6 5
 12 15 25 18 31 29 14 38 49 31
 41 48 32 48 26 0 18 5 32 41
 41 38 35 12 13 41 26 18 23 44
 39 43 42 42 33 17 23 28 15 8
 0 32 16 14 0 17 29 7 0 37
 45 10 37 36 45 2 44 27 24 13
 33 39 47 48 12 24 27 45 37 10
 25 43 7 17 31 18 23 6 9 20
 32 28 23 16 29 43 15 38 4 22
 41 45 15 48 45 29 21 46 40 31
 1 40 35 25 1 46 10 36 30 14
 13 5 26 1 23 16 13 46 3 10
 3 12 45 13 36 39 42 29 35 42
 3 18 27 41 34 48 6 8 35 29
 25 44 4 12 21 11 25 9 11 37
 15 36 39 26 31 42 39 22 42 29
 20 0 11 2 11 5 40 45 38 30
 40 2 28 46 7 32 25 2 3 22
 48 46 49 22 49 7 10 46 9 17
 3 37 0 15 37 13 35 33 48 17
 38 41 29 10 41 34 21 10 21 42
 45 6 27 21 49 17 30 30 12 5
 33 39 15 20 27 45 47 7 47 46
 33 18 32 9 28 31 6 37 18 2
 19 48 8 35 47 9 3 24 37 28
 32 28 15 18 15 23 33 33 28 46
 6 35 7 15 5 44 22 49 42 27
 47 33 48 9 20 4 45 23 0 49
 8 40 16 11 13 44 14 8 6 11
 48 37 6 14 46 11 9 0 8 13
 6 1 12 2 31 44 30 39 20 49
 49 21 19 13 40 10 41 43 33 32
 32 26 35 21 0 1 13 8 31 3
 4 21 20 12 49 37 44 21 2 38
 39 9 22 21 0 42 39 31 22 30
 0 43 6 21 40 35 17 21 26 36
 11 8 44 5 16 4 43 4 49 15
 31 35 0 10 5 29 22 23 28 41
 31 37 16 18 17 18 13 23 19 2
 20 13 41 44 6 13 19 5 44 9
 8 0 24 27 43 19 4 37 43 43
 0 5 35 22 12 43 46 27 39 4
 33 9 27 20 22 43 39 22 39 34
 27 12 15 5 30 39 31 11 33 36
 29 30 21 32 11 21 8 48 11 13
 12 0 33 35 33 17 31 8 42 48
 8 49 12 19 7 44 28 37 34 44
 35 4 35 44 46 11 8 40 0 30
 41 46 20 37 37 31 10 6 32 36
 41 30 25 35 38 35 29 22 1 6
 16 25 0 10 1 8 1 10 14 24
 12 24 35 18 10 13 44 26 30 25
 5 2 1 29 38 28 42 41 44 14
 21 38 46 0 31 32 46 45 32 15
 49 1 13 9 27 45 15 16 26 26
 34 19 24 29 45 10 18 42 42 39
 19 5 31 25 37 7 18 11 48 33
 28 49 39 27 21 39 20 14 44 10
 19 27 11 17 2 20 46 11 27 23
 17 11 22 18 22 26 1 40 24 42
 33 40 3 48 41 43 31 28 35 26
 10 35 42 22 43 30 16 1 43 35
 1 26 24 33 31 13 33 17 37 18
 13 47 8 37 26 48 30 27 12 40
 2 11 12 11 37 45 19 28 18 31
 21 1 33 14 23 25 9 23 18 3
 24 12 11 11 19 33 39 30 41 42
 40 7 5 6 21 34 21 8 25 19
 17 38 23 28 2 30 36 22 23 1
 9 25 11 8 30 44 39 40 30 24
 38 17 15 29 17 6 25 48 25 11
 28 31 10 10 7 29 16 31 8 37
 30 35 2 19 39 5 40 24 32 17
 42 38 48 49 16 8 16 42 39 27
 37 11 30 29 39 0 41 34 5 2
 30 10 49 42 47 6 8 45 36 36
 17 36 37 21 18 48 43 21 42 13
 33 6 2 42 42 5 15 1 11 25
 14 37 6 6 45 10 23 44 30 21
 48 25 12 47 27 39 21 5 13 23
 29 29 0 35 27 12 15 6 20 22
 6 30 8 20 28 40 43 44 3 32
 9 20 14 45 20 18 26 42 39 31
 17 30 12 26 22 42 2 42 35 13
 24 23 17 23 20 13 7 34 38 21
 31 9 9 43 16 3 49 14 43 37
 9 31 2 10 49 14 35 37 6 43
 0 37 9 19 6 13 35 15 30 34
 37 42 12 34 12 49 27 49 35 7
 35 9 17 3 12 49 42 26 47 43
 48 10 10 24 13 5 18 0 42 17
 29 32 18 31 4 20 11 13 34 30
 31 2 11 44 25 48 7 44 3 40
 27 0 0 12 36 1 35 46 33 1
 3 38 6 16 10 26 5 48 49 48
 29 20 37 6 4 30 3 16 36 28
 9 19 1 33 42 10 12 2 1 44
 8 41 36 19 23 21 28 32 26 2
 0 39 16 16 4 9 32 47 44 26
 5 9 47 0 5 10 17 12 10 1
 33 14 23 5 3 10 37 28 12 35
 0 7 20 49 49 36 5 41 13 0
 24 13 18 22 8 43 36 38 26 6
 26 30 19 27 4 37 28 49 12 43
 31 19 19 21 7 29 7 41 30 47
 34 27 28 32 49 47 44 32 7 5
 44 46 28 11 18 12 46 25 23 11
 8 17 40 15 37 32 5 0 22 26
 40 13 1 14 32 34 39 33 40 29
 26 27 5 46 27 4 15 40 24 8
 0 32 39 48 10 22 4 26 38 31
 21 36 10 20 37 2 27 13 38 34
 20 49 36 27 47 28 1 37 13 36
 27 8 35 16 49 0 20 17 38 32
 2 42 16 35 48 9 31 21 37 13
 25 9 46 24 18 18 32 12 0 21
 14 24 30 8 13 37 0 3 27 45
 24 15 41 36 33 0 28 47 32 37
 27 36 22 22 32 7 26 42 38 9
 35 46 33 14 47 35 25 20 38 33
 17 17 35 6 20 25 15 2 49 36
 14 0 23 26 37 30 42 32 48 11
 29 13 24 49 1 35 43 37 12 0
 21 39 24 13 37 11 49 14 18 41
 31 14 23 5 35 46 47 16 8 7
 32 22 25 32 21 11 36 30 30 12
 32 43 37 31 5 8 1 12 40 21
 1 12 18 39 48 37 35 27 6 27
 46 46 24 7 10 36 6 28 46 32
 48 33 26 0 29 15 0 36 40 9
 36 23 35 49 13 17 31 22 29 25
 27 23 43 26 48 5 8 12 28 37
 21 13 42 26 16 1 43 38 45 5
 29 3 30 21 26 6 27 48 23 22
 38 44 4 9 41 41 49 37 14 33
 12 20 46 46 13 45 35 46 8 38
 17 33 6 2 27 41 25 32 20 32
 9 11 4 49 14 0 5 25 29 30
 14 1 11 34 39 6 18 20 2 19
 26 26 27 23 29 14 4 11 11 15
 7 28 6 40 19 45 42 13 22 27
 5 15 48 10 44 22 36 30 39 32
 14 8 35 41 11 35 14 42 7 6
 4 37 11 29 45 12 0 40 35 27
 9 20 4 34 19 2 16 21 48 45
 40 12 28 44 22 2 35 5 37 46
 36 48 45 38 28 12 1 6 27 35
 22 40 45 46 12 38 33 31 14 12
 49 10 42 37 29 24 21 1 1 28
 14 2 22 29 49 28 44 34 29 5
 22 45 41 48 28 1 38 47 18 33
 38 15 0 38 37 37 10 30 40 47
 11 41 24 15 23 25 14 46 4 15
 49 30 45 45 2 20 7 36 21 11
 17 16 15 15 41 4 9 22 14 24
 17 29 15 23 46 43 37 9 18 7
 0 22 0 11 7 30 48 9 31 21
 26 46 24 43 16 28 47 23 26 1
 46 16 2 42 1 26 8 40 5 25
 33 9 0 46 12 20 20 44 3 35
 26 21 35 23 49 36 6 34 16 17
 36 34 14 22 32 38 46 0 19 32
 35 5 46 34 48 1 5 38 43 8
 31 44 39 35 5 30 7 34 32 18
 10 43 14 19 23 33 12 3 36 25
 9 17 23 26 31 46 24 45 35 20
 9 37 27 14 28 7 2 46 2 38
 7 23 10 41 41 4 5 7 27 1
 40 39 3 1 13 0 38 28 43 17
 34 10 2 34 41 38 39 29 8 27
 37 40 0 46 47 45 28 34 14 24
 8 32 24 44 38 42 42 4 33 39
 4 28 49 7 45 7 34 4 24 17
 0 49 30 1 18 37 23 49 36 36
 22 33 7 30 32 26 42 26 14 39
 25 20 48 39 48 7 30 44 19 36
 30 41 27 17 20 6 10 48 12 26
 0 26 15 10 0 19 23 11 12 48
 45 38 10 4 45 18 22 18 5 9
 37 12 47 23 23 5 44 47 0 13
 41 10 26 25 24 43 12 33 6 21
 30 6 19 37 6 45 10 23 3 31
 33 29 37 8 19 44 3 27 42 18
 2 12 33 0 44 39 15 9 38 11
 1 21 45 15 19 37 48 23 45 11
 44 19 30 26 16 2 29 48 38 44
 36 29 14 48 46 27 29 46 38 36
 15 24 4 49 38 11 48 37 15 31
 14 32 6 13 29 27 9 28 35 35
 13 10 40 9 39 13 34 31 24 30
 26 39 48 26 19 21 8 14 2 31
 6 9 0 25 23 23 42 4 5 15
 34 0 8 16 9 21 24 43 45 1
 2 12 34 29 28 26 35 4 34 40
 12 26 6 44 11 14 19 47 1 9
 42 9 0 30 20 35 13 45 21 33
 1 16 35 4 22 34 23 44 1 5
 13 11 19 11 43 30 25 20 25 45
 13 31 11 37 31 5 27 28 24 42
 13 26 5 7 19 42 13 33 37 21
 17 42 24 20 22 35 25 46 6 16
 8 20 41 21 35 0 26 3 19 1
 22 49 26 43 7 0 5 25 41 40
 12 9 47 32 15 43 13 26 6 24
 44 43 49 11 23 21 14 33 28 9
 35 31 0 23 22 13 8 16 6 44
 16 37 27 12 43 3 27 13 35 42
 25 37 10 30 5 36 32 5 6 28
 20 8 11 0 27 40 45 39 38 3
 43 6 40 45 26 38 40 8 13 31
 13 26 28 41 9 15 45 19 17 29
 5 30 13 42 40 5 26 30 20 15
 37 23 44 18 33 3 29 27 36 44
 14 13 18 37 34 18 32 28 17 34
 43 23 45 36 32 10 17 16 46 38
 22 15 48 45 32 43 38 24 2 41
 17 44 7 31 45 16 14 11 7 31
 7 4 20 4 31 49 11 30 3 2
 20 16 25 39 29 12 47 0 15 38
 15 25 43 4 47 33 12 4 33 4
 15 5 30 10 25 20 44 21 40 2
 25 1 2 24 41 46 47 25 37 42
 17 13 3 24 28 40 49 37 23 47
 2 19 6 7 19 13 45 30 41 25
 45 3 32 41 20 24 38 22 17 46
 13 20 40 7 27 40 23 16 27 13
 37 7 33 41 17 32 7 24 5 11
 8 21 35 16 1 37 45 4 19 47
 5 23 12 9 2 11 41 47 5 46
 21 30 10 7 16 31 36 37 5 13
 20 2 22 3 2 20 42 33 3 35
 22 1 7 6 16 23 8 21 49 27
 49 27 27 45 48 34 44 35 8 12
 48 46 41 34 37 8 44 47 30 44
 10 4 37 23 3 5 24 25 7 3
 46 36 19 37 11 37 25 12 45 24
 1 34 13 26 39 10 9 41 21 40
 8 43 38 4 5 24 34 20 29 7
 45 12 18 38 11 18 25 26 48 47
 49 0 35 17 38 15 32 26 6 21
 20 49 15 17 20 39 32 20 2 41
 26 41 6 48 48 33 12 11 0 47
 48 4 15 11 20 1 8 26 20 23
 5 12 7 16 1 47 2 45 23 24
 19 27 33 2 33 8 5 0 37 39
 41 48 21 20 9 18 9 15 37 12
 44 44 18 12 39 14 45 26 7 49
 39 33 39 1 30 27 14 18 47 15
 1 31 49 47 49 12 32 37 16 1
 33 23 46 49 29 21 43 29 46 36
 5 14 19 3 45 28 9 22 47 30
 31 2 32 28 31 37 41 17 13 2
 25 30 38 38 35 19 40 10 41 19
 14 39 29 35 17 34 5 36 21 42
 25 46 47 7 17 30 44 2 2 7
 26 14 32 5 36 40 6 28 40 28
 29 26 22 30 42 27 47 48 8 49
 37 1 34 43 3 46 46 5 32 27
 19 0 27 41 6 12 12 48 3 43
 49 25 14 26 7 36 40 29 46 34
 17 23 20 32 7 4 32 22 34 47
 48 49 36 33 40 44 47 3 27 34
 1 31 45 39 20 6 49 2 33 40
 3 4 47 17 0 31 23 8 4 5
 28 31 17 35 37 11 4 14 32 11
 33 49 25 13 27 2 43 4 41 15
 2 17 48 4 3 19 6 27 18 36
 43 2 44 43 29 3 47 29 46 25
 29 12 15 16 30 25 25 27 3 39
 24 35 33 26 42 22 24 9 40 49
 30 4 17 12 12 7 20 30 42 23
 36 40 15 29 12 15 33 11 29 27
 34 28 38 38 28 2 3 16 28 22
 30 6 27 36 48 19 34 24 8 40
 43 32 38 20 12 47 9 23 45 28
 33 35 10 34 26 35 35 27 13 49
 26 28 13 4 24 14 32 19 25 41
 29 27 38 20 37 13 31 7 9 30
 18 44 16 9 36 37 18 29 42 11
 7 35 18 12 7 2 11 43 21 17
 1 15 18 32 35 41 20 4 38 37
 45 45 5 39 25 30 11 36 38 42
 31 26 4 17 18 30 16 35 0 47
 23 43 38 26 37 26 28 36 6 12
 4 47 18 8 45 0 10 34 36 5
 23 26 19 3 7 37 22 14 17 4
 34 10 20 5 12 2 9 0 39 27
 16 7 31 49 7 40 40 44 25 30
 47 29 18 36 0 19 17 47 44 25
 42 17 30 6 6 19 45 1 34 31
 22 29 14 12 6 11 43 19 29 11
 8 8 10 20 12 31 39 9 6 21
 46 30 29 18 37 44 18 30 44 21
 32 8 16 47 6 21 33 49 23 18
 11 32 7 18 6 19 30 20 33 31
 37 25 9 3 3 43 0 0 41 42
 28 43 28 49 37 11 34 28 41 43
 49 46 26 47 48 1 47 46 1 30
 32 34 21 15 23 37 45 38 9 4
 48 13 15 11 6 27 39 35 30 18
 6 30 39 46 9 12 48 45 37 29
 31 27 40 42 14 28 5 12 7 41
 17 8 46 36 18 7 29 18 26 23
 46 4 42 16 9 33 19 38 39 4
 35 37 34 24 2 28 0 32 42 0
 48 38 34 24 26 23 22 28 31 19
 17 9 37 41 41 35 39 38 16 26
 37 26 14 20 17 46 21 0 14 12
 1 11 26 14 14 17 33 15 31 15
 28 5 37 37 24 11 44 25 48 41
 38 6 32 38 11 30 42 23 28 49
 0 31 28 4 1 46 17 40 26 13
 40 41 24 46 19 21 20 24 12 24
 4 47 30 22 8 9 31 4 1 0
 39 29 27 36 31 28 34 3 19 1
 18 34 25 41 20 1 34 27 41 15
 19 47 13 43 28 32 9 48 34 18
 37 24 26 33 46 28 46 39 32 6
 46 24 46 48 16 8 33 0 27 26
 9 39 18 43 48 30 45 42 19 18
 9 15 46 44 8 16 28 49 14 5
 30 47 29 4 25 21 2 42 7 8
 5 16 33 6 21 20 6 26 32 14
 15 28 24 40 21 12 41 5 33 45
 39 3 24 45 5 22 33 14 12 6
 4 48 1 14 16 37 21 10 36 32
 25 13 1 42 41 45 24 17 15 46
 22 29 41 28 46 47 46 10 23 29
 3 22 10 31 29 21 11 25 13 20
 46 45 49 46 47 27 18 21 37 38
 37 17 43 30 16 27 34 3 31 40
 1 42 3 19 12 15 25 21 13 33
 23 26 31 7 45 28 29 24 41 40
 9 12 32 40 25 20 49 7 16 48
 43 11 40 40 26 31 25 10 24 47
 46 2 37 45 32 15 10 33 8 12
 12 15 23 37 49 23 23 20 9 45
 3 11 3 16 27 41 33 32 27 8
 23 34 26 16 30 0 35 36 26 37
 0 38 43 6 6 8 8 0 48 32
 35 2 31 39 7 47 22 2 24 44
 29 26 28 9 29 48 4 49 15 25
 49 31 37 43 41 29 32 9 0 39
 40 21 29 13 23 46 17 22 18 36
 1 46 25 49 12 23 0 21 47 20
 29 16 28 36 42 37 41 42 11 43
 18 22 6 26 41 0 32 4 19 12
 5 24 46 23 31 38 30 4 28 47
 42 48 41 40 31 30 24 27 47 10
 12 15 24 12 46 46 11 0 44 46
 37 24 6 21 40 41 40 45 32 37
 25 18 44 38 44 24 10 25 13 15
 28 19 16 22 6 36 12 37 12 19
 2 31 24 41 6 26 17 30 13 48
 18 24 21 38 6 40 48 41 20 49
 28 22 3 22 21 19 31 15 13 34
 46 46 11 28 2 17 47 21 13 0
 41 1 41 46 25 14 9 15 17 40
 49 21 4 40 48 38 46 33 36 45
 43 35 31 11 15 25 17 49 27 2
 45 10 40 22 5 17 1 6 43 8
 30 40 0 28 20 5 27 23 19 45
 3 16 46 5 33 19 34 25 35 38
 5 23 49 36 22 40 26 44 1 12
 4 31 33 48 7 10 8 42 17 31
 9 19 26 19 29 37 45 8 40 14
 42 18 27 1 14 23 35 39 29 26
 0 48 10 37 43 8 41 8 44 20
 10 16 16 17 45 3 4 17 35 34
 3 38 22 0 0 37 47 45 0 7
 36 5 20 8 39 0 12 0 22 37
 32 34 23 5 18 44 36 34 38 25
 34 24 39 25 31 7 23 23 44 3
 27 44 10 5 10 12 0 46 36 28
 32 13 44 11 9 25 10 21 9 31
 34 42 22 22 15 31 6 23 37 35
 13 27 36 40 11 33 9 3 10 16
 0 13 48 41 48 35 19 21 25 30
 4 24 13 47 13 48 3 2 1 27
 22 18 0 36 17 22 16 11 34 5
 37 31 43 5 15 15 30 24 29 1
 11 23 5 30 14 14 45 16 40 19
 21 37 38 16 1 11 14 7 32 4
 33 27 39 49 36 11 4 48 40 30
 28 30 31 32 45 9 42 21 39 46
 47 4 10 2 14 20 12 30 48 11
 11 2 45 8 11 19 2 20 45 30
 24 33 20 32 34 42 18 32 24 11
 47 48 45 49 35 43 2 39 18 35
 39 38 16 9 36 35 45 4 22 45
 21 8 1 18 30 45 21 6 35 13
 37 33 9 7 35 26 16 1 8 47
 24 44 7 27 31 39 31 16 4 41
 4 34 16 32 25 40 28 25 33 11
 23 2 20 18 1 15 24 41 30 28
 22 32 2 33 37 32 36 32 33 31
 13 23 36 33 11 36 23 34 21 18
 18 3 40 4 13 38 31 22 11 48
 19 25 10 48 11 0 15 40 25 38
 42 1 35 11 1 2 25 18 35 1
 46 0 44 15 24 27 27 15 7 19
 4 46 18 33 32 15 45 2 49 37
 37 45 6 33 36 10 43 18 39 46
 23 46 20 6 17 3 29 30 34 16
 12 49 43 38 11 3 2 15 42 29
 24 22 7 21 7 46 4 37 10 8
 49 25 39 21 8 28 16 15 8 34
 18 19 8 33 23 21 7 7 22 22
 2 26 47 13 4 7 47 32 25 46
 48 38 6 13 2 40 10 42 5 41
 13 34 0 21 7 20 12 35 35 9
 39 36 43 16 8 37 8 12 17 22
 4 22 25 30 37 3 28 11 20 18
 2 1 40 31 18 23 3 15 42 41
 45 49 1 10 39 5 37 49 15 17
 49 44 10 19 30 26 49 34 36 9
 19 46 3 43 7 6 30 24 16 4
 37 6 40 31 28 30 40 14 1 48
 30 11 3 23 4 31 26 36 47 21
 21 12 8 14 22 11 43 46 27 13
 21 39 2 48 42 16 38 20 0 41
 7 33 21 3 15 44 13 32 27 33
 40 35 44 25 4 7 48 33 26 24
 23 33 34 29 9 19 16 35 6 31
 23 21 32 18 33 21 27 39 23 23
 16 22 8 2 6 7 28 36 41 44
 2 9 18 34 36 6 1 41 32 42
 20 33 8 40 14 4 40 47 35 31
 41 46 30 4 8 23 35 15 10 33
 21 24 35 37 6 26 22 9 44 1
 39 5 36 19 24 38 33 25 46 15
 14 2 36 3 27 24 1 7 21 35
 37 32 22 19 44 9 13 36 34 30
 35 9 32 45 48 21 38 42 47 9
 49 46 35 4 25 42 36 43 33 44
 26 27 47 21 49 8 35 43 15 31
 12 22 49 12 44 17 20 16 40 34
 27 29 44 12 35 35 2 0 19 37
 43 43 37 38 20 24 17 18 4 29
 28 41 43 6 46 20 29 26 41 0
 16 36 42 42 22 43 47 28 41 46
 34 23 14 41 12 9 8 33 12 41
 6 21 19 13 42 46 5 37 21 22
 30 30 11 48 43 7 6 39 5 16
 10 16 16 40 25 12 15 38 36 25
 1 0 3 4 9 23 27 44 11 22
 17 7 23 1 17 22 40 47 31 8
 12 1 20 29 37 5 5 20 43 22
 49 34 29 19 47 32 0 29 46 9
 24 16 23 19 11 27 40 24 7 20
 15 2 31 3 9 28 20 20 45 1
 42 32 28 41 27 22 9 9 13 26
 13 3 47 17 20 11 16 8 42 18
 29 0 3 11 23 41 9 33 12 8
 0 12 36 21 33 0 18 1 16 18
 24 2 24 11 22 20 37 37 39 28
 49 31 26 21 27 13 33 25 27 15
 45 9 24 39 47 45 39 4 43 24
 32 30 26 46 42 32 36 12 48 0
 2 43 2 18 14 45 30 1 12 4
 28 4 13 17 47 41 17 26 12 25
 20 39 15 21 41 8 32 28 19 25
 36 10 10 11 11 40 1 37 1 26
 8 32 12 5 15 6 25 43 16 37
 28 48 10 4 39 24 44 30 6 42
 26 20 2 11 47 36 10 29 35 15
 36 10 26 34 18 6 42 38 19 34
 21 44 42 36 31 15 31 17 4 46
 20 35 5 30 4 24 23 21 19 13
 47 20 49 12 19 22 16 4 23 11
 4 17 22 41 24 6 45 24 7 34
 34 33 29 18 2 7 13 47 16 12
 48 13 32 28 23 35 8 8 34 37
 29 20 7 36 30 43 26 41 16 7
 6 18 16 47 32 4 18 28 22 31
 14 43 40 29 8 4 7 17 46 37
 31 29 30 18 36 49 10 11 32 34
 33 18 17 1 43 33 36 5 18 40
 3 28 2 17 31 35 31 27 12 33
 10 40 6 12 18 14 41 38 1 13
 43 36 27 49 29 42 18 3 32 1
 13 27 47 26 25 1 17 22 29 46
 13 19 8 3 2 39 47 17 1 15
 38 29 1 13 42 15 29 31 41 16
 15 9 17 28 1 21 2 9 19 45
 14 3 11 34 35 19 17 4 10 10
 20 37 44 5 32 17 17 41 19 21
 18 32 29 25 30 18 34 42 5 33
 22 1 19 14 33 2 4 21 47 35
 18 33 42 11 43 33 20 15 15 30
 30 20 9 14 0 18 38 14 39 4
 10 15 41 33 32 12 18 9 17 20
 46 1 30 22 40 11 32 17 4 1
 9 49 43 44 17 26 12 11 33 40
 48 29 10 10 32 30 45 17 6 10
 2 31 43 38 16 24 24 9 34 36
 15 6 6 2 11 1 35 5 43 0
 33 45 45 38 46 46 10 28 33 28
 20 18 41 35 13 26 26 7 37 19
 11 4 27 7 2 48 39 27 22 31
 49 34 17 7 44 48 31 20 34 31
 39 47 49 9 7 8 40 44 34 6
 11 44 48 39 25 47 47 49 37 42
 9 6 6 24 26 17 16 40 32 8
 22 2 9 31 44 43 15 17 23 30
 47 48 41 34 11 15 37 30 38 43
 33 10 47 48 20 13 28 34 1 49
 35 15 25 30 12 29 45 5 48 8
 37 46 22 49 11 9 22 36 48 13
 26 1 42 12 27 12 6 27 7 6
 20 41 40 43 34 33 41 44 32 42
 25 30 21 1 12 39 24 22 49 37
 8 28 49 12 15 6 26 39 38 28
 19 1 40 29 41 4 12 42 8 46
 15 17 26 10 11 45 40 7 18 38
 14 26 15 3 35 47 1 44 22 26
 17 8 29 21 19 20 1 9 4 3
 0 3 0 14 32 37 1 44 1 8
 48 7 48 26 21 14 24 1 13 33
 6 41 49 22 24 37 4 27 28 29
 4 17 12 0 6 27 24 23 40 29
 37 29 0 7 28 49 30 35 16 20
 34 9 38 42 12 49 27 28 43 27
 4 47 20 0 13 19 5 34 49 20
 39 38 38 34 26 25 26 9 47 8
 43 28 33 43 4 42 37 19 44 31
 1 22 33 43 29 40 29 7 0 49
 34 40 31 9 41 39 13 40 16 35
 24 41 44 28 17 34 7 33 46 8
 15 31 22 14 4 22 25 36 48 4
 31 40 48 12 34 26 43 25 34 17
 48 30 21 13 48 32 18 44 14 25
 20 41 24 15 26 33 38 49 32 36
 38 27 3 21 8 11 19 24 33 3
 28 29 44 24 21 49 0 24 30 1
 23 14 41 40 24 37 31 25 35 37
 23 12 40 39 49 6 4 31 8 9
 24 32 42 20 48 20 6 13 1 13
 44 42 40 37 43 27 1 11 37 41
 41 34 39 49 6 20 18 37 14 3
 8 40 36 26 48 32 27 28 8 32
 27 21 27 6 36 1 44 30 32 19
 15 16 18 36 11 1 17 18 1 7
 21 39 46 20 47 44 0 20 5 24
 30 14 43 18 1 29 2 24 20 33
 23 9 0 37 5 31 8 25 16 47
 47 17 18 12 10 41 1 0 24 11
 11 47 27 42 9 4 35 42 26 47
 28 14 48 0 2 45 25 44 26 37
 18 6 45 24 29 45 26 46 10 34
 40 7 8 13 16 22 37 22 6 5
 47 46 43 28 36 21 14 49 14 13
 46 7 9 13 47 29 20 20 48 17
 22 8 28 4 48 13 36 4 9 28
 18 32 19 19 10 20 6 17 49 9
 16 18 21 19 31 33 5 3 44 5
 36 40 12 49 21 44 24 4 39 20
 27 23 7 47 38 20 39 3 24 8
 5 42 46 6 14 35 2 18 19 8
 39 32 14 42 39 7 31 38 46 5
 26 26 21 41 48 37 5 25 25 43
 38 29 9 10 23 47 31 0 25 5
 20 26 7 10 3 14 14 28 42 13
 23 19 19 9 3 30 23 33 10 8
 45 23 41 0 36 38 3 21 8 6
 49 10 16 48 15 37 39 44 34 6
 47 30 33 19 34 21 4 19 27 4
 22 15 24 0 13 18 9 26 45 42
 0 23 41 19 25 32 38 2 34 27
 36 41 38 14 6 28 41 7 28 1
 37 29 23 49 38 43 30 25 11 31
 37 2 25 1 7 37 18 38 28 40
 25 48 42 27 44 4 28 42 46 10
 8 42 29 48 35 1 2 39 31 19
 18 22 36 5 27 7 23 26 38 49
 21 12 16 37 2 44 41 48 26 24
 18 44 19 42 38 20 16 10 34 29
 14 22 24 44 35 48 20 10 9 43
 5 28 33 6 48 44 0 7 36 13
 21 42 14 29 27 13 4 10 40 16
 26 1 7 38 45 35 48 12 0 2
 14 34 8 31 46 24 7 48 2 39
 2 3 16 28 3 29 9 21 34 2
 47 40 22 44 28 46 34 20 38 29
 5 35 5 16 42 46 19 23 24 30
 28 15 16 25 25 2 45 23 19 48
 47 35 22 34 6 38 31 0 21 7
 38 17 39 39 16 5 43 19 8 5
 14 21 17 10 33 14 22 46 17 41
 44 47 26 5 33 42 10 41 1 8
 27 15 20 11 10 13 37 24 45 1
 42 46 33 40 10 32 23 28 31 16
 26 13 8 40 11 41 29 41 29 9
 20 44 32 39 6 24 42 29 20 36
 18 44 10 5 41 14 46 28 33 14
 12 33 13 16 49 47 27 44 1 20
 22 47 21 7 2 16 34 5 4 12
 14 4 40 23 35 21 13 4 13 29
 46 37 7 32 11 36 17 1 22 16
 3 25 18 25 39 27 9 17 0 12
 25 20 5 11 34 33 30 31 0 49
 9 0 17 10 35 25 32 17 23 19
 9 21 0 7 43 4 30 49 18 21
 1 0 34 38 48 29 30 0 12 44
 7 36 49 44 12 24 5 6 3 17
 36 21 40 38 15 29 36 43 25 38
 43 34 13 48 20 31 24 41 44 19
 40 17 7 6 0 35 34 7 5 0
 12 0 8 47 37 25 15 4 14 43
 1 27 46 15 45 44 4 18 15 30
 17 9 14 8 39 25 1 40 31 28
 0 16 42 5 5 16 25 13 17 38
 24 40 21 18 30 22 7 4 31 15
 33 11 47 23 42 18 15 47 33 20
 44 34 36 46 39 1 43 41 45 6
 19 35 3 45 32 10 42 1 32 17
 38 29 32 41 28 29 33 3 37 40
 42 15 29 12 11 20 47 23 16 49
 24 25 36 42 6 26 25 38 35 49
 47 31 24 32 29 13 25 17 31 11
 28 43 7 7 21 28 9 43 12 27
 1 27 40 0 6 25 19 9 43 16
 16 0 17 29 9 41 22 20 9 13
 4 32 38 39 38 47 6 9 29 29
 45 2 18 33 18 36 29 19 33 0
 33 33 9 22 33 9 3 39 38 25
 39 26 22 5 35 26 11 45 38 13
 22 19 45 39 46 5 24 28 26 25
 45 34 37 26 33 10 34 45 30 3
 6 10 37 22 28 19 42 4 21 15
 6 39 14 16 34 6 29 49 41 35
 35 4 21 5 3 35 6 8 3 0
 17 26 48 8 4 18 10 20 41 38
 6 47 28 30 11 48 29 23 35 49
 33 24 34 32 2 9 39 48 17 19
 8 43 37 47 28 18 6 17 5 6
 9 7 1 1 48 20 37 37 5 45
 11 48 47 39 38 13 20 4 46 15
 3 40 39 27 31 48 32 30 36 22
 30 44 15 25 10 48 37 12 36 45
 46 42 13 32 39 26 12 34 49 15
 12 9 48 43 23 14 22 14 1 1
 18 41 19 9 26 22 37 20 46 28
 24 33 33 23 33 11 15 33 8 2
 32 20 15 2 9 27 28 39 42 33
 26 14 22 4 2 17 15 13 45 33
 38 5 42 37 8 30 21 45 44 26
 26 9 33 11 49 2 15 38 38 17
 1 31 25 39 20 40 31 38 9 9
 5 9 9 44 18 42 42 31 43 38
 23 32 11 49 15 41 23 32 1 49
 8 5 38 1 41 10 8 48 28 40
 22 11 31 30 36 31 16 17 5 48
 13 46 24 4 44 7 17 30 24 6
 5 26 11 24 10 33 39 33 47 9
 13 36 12 45 19 7 1 32 18 33
 31 48 43 2 3 37 45 31 4 18
 34 20 49 0 21 29 42 45 15 44
 37 48 2 7 16 31 39 35 38 22
 0 26 14 33 42 39 32 40 20 17
 12 43 31 10 9 43 21 10 47 35
 47 3 24 49 25 3 46 34 36 45
 29 6 43 1 30 19 25 48 45 31
 46 29 41 36 8 36 31 35 18 16
 9 6 26 17 15 9 10 11 20 49
 37 21 21 41 1 6 32 21 38 14
 30 36 10 39 14 45 14 48 20 8
 29 32 11 9 23 25 26 34 9 15
 7 16 35 24 34 21 0 0 33 16
 37 40 43 16 24 1 48 17 14 12
 23 25 39 7 45 29 30 34 27 12
 21 29 13 46 21 49 29 21 19 23
 13 26 17 21 47 40 48 8 15 3
 9 34 17 4 7 17 28 17 18 13
 40 20 9 40 12 25 41 30 7 15
 33 21 41 33 3 12 7 22 42 20
 36 38 13 44 34 28 21 42 9 8
 42 37 19 0 28 21 6 31 40 15
 29 5 1 47 5 18 30 6 6 12
 12 12 8 1 7 14 45 46 11 6
 1 46 12 12 37 48 37 49 35 12
 45 43 25 18 20 17 9 10 41 46
 1 34 40 17 42 29 31 31 43 48
 25 22 34 31 45 45 35 4 42 37
 33 37 34 22 46 45 24 32 45 44
 29 23 6 11 14 32 6 45 25 43
 19 38 22 45 5 18 12 6 41 36
 6 16 19 34 34 17 1 21 14 36
 47 24 31 46 17 25 37 14 0 0
 9 22 9 34 31 13 12 3 34 19
 28 47 45 44 34 37 42 44 5 47
 42 22 5 36 29 42 26 30 24 12
 16 35 2 13 27 36 35 31 38 45
 45 30 34 33 11 39 3 3 5 41
 13 19 25 3 12 30 39 21 34 38
 9 12 38 31 39 2 5 9 3 2
 34 16 41 4 14 32 48 42 30 1
 11 3 33 39 39 15 16 41 4 43
 8 47 18 34 8 27 17 44 44 16
 11 31 28 11 4 24 32 14 43 3
 34 37 47 16 7 10 39 13 6 32
 14 31 45 45 46 20 39 47 22 29
 1 39 30 23 20 42 36 2 18 22
 4 25 16 35 42 36 31 28 36 30
 30 10 41 48 25 0 6 31 30 7
 14 5 16 49 2 20 48 1 31 0
 49 43 45 11 39 46 6 18 2 24
 11 41 16 21 17 25 3 8 1 43
 12 37 17 21 6 34 34 44 35 11
 12 32 12 25 2 29 16 36 16 36
 2 31 42 19 18 29 45 39 45 10
 25 12 30 27 5 49 15 5 29 35
 29 49 12 4 37 20 28 49 49 12
 15 26 17 2 25 27 12 24 41 34
 36 7 21 31 6 28 18 36 13 35
 29 13 44 12 44 19 44 12 15 19
 43 17 1 10 27 10 13 28 44 36
 1 31 30 37 0 42 6 7 41 42
 45 44 36 16 20 46 17 47 6 19
 41 27 18 6 0 4 46 6 32 11
 13 30 23 21 20 33 35 24 49 29
 10 22 30 39 26 36 4 7 5 8
 23 46 0 7 30 25 5 48 39 29
 26 35 30 21 9 8 11 11 28 5
 15 40 2 15 46 9 45 41 41 20
 46 22 38 33 4 6 7 12 27 33
 35 7 45 5 12 16 25 14 0 6
 39 8 44 16 48 3 1 12 24 30
 20 12 24 11 40 26 46 22 43 36
 27 27 23 47 31 9 38 35 0 2
 28 14 49 27 29 37 39 11 32 29
 16 19 2 8 31 20 22 16 2 11
 21 10 26 13 5 4 33 30 11 38
 15 9 37 39 10 37 25 16 43 32
 29 17 47 23 40 49 39 25 23 44
 18 5 28 34 29 35 16 27 45 45
 20 3 37 9 36 39 21 18 0 7
 40 30 43 38 27 15 14 1 40 19
 20 32 18 20 37 44 13 31 32 40
 16 47 9 16 49 30 34 5 41 0
 18 0 13 38 33 10 49 40 48 39
 30 29 10 44 12 42 34 18 43 43
 33 14 9 8 35 2 37 23 30 43
 28 21 39 24 27 27 8 34 18 13
 46 7 15 43 39 16 38 44 22 40
 47 46 48 9 38 26 1 46 4 6
 45 11 40 15 48 6 48 41 40 41
 39 21 30 25 35 48 48 34 9 2
 41 24 0 31 3 5 14 9 45 43
 38 40 21 26 34 17 23 24 23 1
 27 19 5 48 24 45 13 14 15 13
 6 40 32 4 39 17 8 12 23 14
 18 5 30 28 27 40 3 33 34 1
 26 18 32 31 48 9 9 0 18 16
 33 35 47 26 36 18 19 44 49 31
 23 13 18 39 13 31 14 9 41 19
 26 16 33 6 37 27 1 30 40 41
 40 25 16 14 41 11 3 44 24 0
 15 11 24 33 24 23 3 15 9 39
 31 41 41 1 29 30 46 44 4 37
 36 34 12 42 36 29 13 45 48 16
 49 12 28 28 22 48 45 46 29 33
 20 20 26 12 12 44 27 9 34 41
 26 13 49 6 34 18 18 9 7 11
 23 2 40 33 0 18 20 5 7 22
 19 11 8 12 1 17 31 40 25 20
 8 1 30 7 25 30 41 48 45 25
 12 23 42 45 45 11 1 29 6 41
 29 20 30 10 14 0 26 40 30 49
 38 21 48 46 44 19 47 26 11 17
 41 30 14 46 46 20 13 38 7 9
 36 48 30 20 25 29 28 23 26 7
 22 33 47 19 35 29 4 25 22 1
 20 3 47 9 22 7 13 27 49 22
 25 12 25 36 31 20 24 16 38 8
 31 28 23 6 47 38 44 14 29 13
 39 45 23 29 5 16 38 23 1 43
 11 12 29 9 5 18 12 45 41 3
 26 5 15 33 22 23 42 24 11 14
 29 22 21 11 32 12 42 44 10 14
 33 6 32 26 24 38 40 41 36 46
 30 21 21 32 7 24 29 1 41 8
 26 9 45 24 8 49 13 10 46 4
 4 33 14 25 17 38 14 41 14 22
 22 2 38 31 41 4 14 48 10 30
 21 11 19 13 10 28 48 31 7 9
 17 49 44 24 20 33 0 42 12 9
 16 14 24 11 12 0 6 35 24 30
 35 21 41 11 10 43 20 26 27 44
 47 42 20 49 33 39 15 24 49 25
 28 39 5 10 23 24 20 19 40 13
 24 11 40 34 41 12 47 4 33 5
 19 26 35 46 18 11 7 35 34 40
 22 34 21 1 23 48 46 6 24 25
 39 24 29 16 26 43 36 33 23 5
 3 26 34 20 35 16 16 18 26 33
 46 35 15 28 15 41 0 19 42 44
 41 21 8 23 8 13 22 16 20 21
 18 12 18 32 22 10 29 44 9 47
 16 36 21 39 9 45 43 8 22 19
 28 47 16 9 30 48 1 6 33 11
 35 14 38 24 28 16 16 49 2 28
 18 17 4 24 2 11 32 33 18 48
 8 38 23 25 31 3 3 45 40 26
 22 19 45 21 38 2 17 5 19 14
 8 7 48 12 3 43 45 24 25 42
 17 45 21 49 49 41 25 5 20 0
 42 25 38 22 43 27 7 6 5 49
 33 25 15 35 15 37 34 4 18 49
 26 47 17 41 11 8 15 49 10 20
 5 15 11 28 39 29 9 28 31 10
 30 42 11 23 32 11 43 9 2 18
 16 46 16 16 8 3 11 18 41 18
 20 9 11 5 25 11 45 49 26 2
 14 31 10 15 40 43 39 28 12 26
 32 28 33 7 10 23 7 41 43 47
 29 14 22 34 35 38 16 5 36 6
 23 10 41 11 5 41 49 32 49 9
 2 5 11 46 11 21 37 42 29 29
 41 7 33 35 42 15 2 47 40 43
 40 12 12 8 43 41 25 30 21 2
 43 38 37 12 20 30 27 24 34 12
 2 34 16 38 41 13 13 3 12 27
 47 21 15 5 25 24 28 0 9 26
 6 25 11 33 3 21 9 24 48 20
 10 30 28 12 4 27 27 0 5 34
 7 36 38 39 28 18 9 37 19 29
 40 24 36 28 25 27 15 14 18 16
 26 43 1 11 14 11 3 32 46 20
 28 19 15 8 4 44 44 4 39 34
 19 6 43 39 19 29 31 43 29 28
 42 26 19 47 23 16 16 38 5 20
 18 35 20 22 26 9 22 26 29 23
 41 5 29 33 28 1 22 0 21 0
 9 13 37 5 27 9 10 30 19 3
 7 27 6 5 34 40 45 34 6 33
 17 17 31 1 13 44 4 20 13 38
 30 47 47 37 15 44 37 44 19 19
 42 34 21 13 41 13 23 45 22 17
 45 47 47 30 44 18 38 36 28 1
 33 14 36 39 13 5 1 24 48 19
 20 25 25 37 26 18 30 14 22 16
 25 25 33 12 49 23 21 48 0 23
 28 24 38 21 0 26 41 32 6 20
 46 32 15 49 10 3 4 43 22 48
 33 12 24 49 5 8 10 47 24 37
 31 22 6 42 39 43 4 31 38 31
 21 42 14 0 32 17 35 23 30 7
 9 19 3 3 16 4 31 34 37 5
 32 40 28 40 15 16 16 28 38 15
 15 6 40 5 0 43 44 45 43 28
 12 40 15 18 14 3 36 34 13 42
 29 18 16 31 13 26 27 34 3 23
 27 49 43 15 34 43 2 31 3 28
 10 2 13 21 34 30 35 16 17 16
 41 32 31 39 48 6 15 23 37 34
 30 14 7 2 37 22 11 37 42 23
 19 44 44 31 9 5 6 44 35 19
 24 5 23 8 12 23 44 25 26 29
 4 34 42 34 49 17 40 19 23 45
 19 21 20 23 5 31 31 28 5 29
 11 26 29 6 26 11 12 27 20 21
 32 47 46 24 40 13 34 1 18 29
 0 9 13 27 24 21 5 16 1 40
 19 1 16 35 46 35 44 11 32 37
 10 15 34 44 12 24 35 35 20 4
 28 10 43 9 36 41 34 16 37 37
 24 0 40 10 12 34 44 19 38 13
 34 45 24 36 1 31 0 12 27 43
 20 17 32 1 48 16 24 11 4 33
 18 26 22 41 7 4 40 47 35 38
 2 6 40 7 34 28 18 17 7 49
 14 44 10 25 16 48 10 2 3 12
 7 27 46 24 41 47 45 29 45 10
 17 46 24 37 28 14 20 38 21 18
 45 31 20 35 11 37 24 48 10 8
 18 35 13 11 9 44 26 22 38 6
 12 32 17 29 15 31 3 43 26 42
 29 37 2 10 14 6 7 39 7 18
 18 13 17 43 14 27 48 12 14 35
 49 15 27 27 18 15 49 42 0 49
 9 0 32 18 38 22 17 24 43 34
 34 45 25 9 5 17 46 38 28 18
 49 30 10 9 2 10 48 19 30 46
 37 24 8 30 35 36 28 4 13 39
 40 27 0 22 27 29 28 19 17 32
 22 37 45 27 11 13 15 44 39 1
 9 1 9 3 15 8 48 34 39 16
 44 37 44 13 47 20 33 49 12 41
 41 37 22 24 2 14 21 10 47 23
 33 11 45 43 5 3 40 43 29 31
 6 25 23 23 0 25 42 45 21 30
 36 20 37 46 37 9 8 10 47 11
 35 25 35 18 13 48 46 17 33 2
 21 30 5 20 32 19 39 10 48 28
 46 46 4 32 45 40 48 36 13 14
 2 29 22 23 31 24 31 2 37 25
 32 10 27 26 5 39 45 37 37 45
 27 25 15 5 8 13 26 31 37 12
 30 38 31 34 17 47 40 42 23 9
 35 7 22 35 29 37 45 49 20 39
 49 33 20 40 14 16 26 35 10 2
 4 33 4 30 24 46 3 12 22 12
 41 47 48 32 44 46 18 36 40 27
 35 7 37 24 26 21 26 21 28 25
 44 7 0 27 27 9 8 11 7 33
 11 32 12 46 42 9 29 14 20 24
 8 26 35 33 32 18 44 35 35 25
 38 1 49 42 27 21 18 2 18 45
 8 27 30 27 33 37 49 0 48 20
 48 11 39 40 9 8 23 0 10 18
 13 8 37 49 47 0 40 10 15 34
 23 5 21 41 40 43 16 7 49 4
 15 21 12 45 25 22 12 31 23 46
 34 18 10 38 32 36 34 32 39 3
 47 37 45 20 16 32 14 40 0 43
 35 43 8 8 19 43 1 11 12 49
 20 23 10 39 32 18 4 10 9 4
 26 17 3 18 9 40 27 7 27 29
 29 29 39 48 25 19 1 37 37 6
 34 2 48 41 11 40 29 24 25 49
 7 38 27 10 40 31 27 36 48 17
 19 40 8 41 20 30 2 26 6 7
 17 0 42 43 49 30 18 35 0 22
 10 48 4 41 34 25 14 28 8 47
 13 41 49 4 13 29 2 13 6 8
 49 47 33 14 35 33 21 21 32 7
 1 18 6 49 34 36 26 16 12 35
 3 22 36 42 36 41 10 21 37 12
 49 38 45 38 42 46 28 26 35 24
 19 39 46 11 19 9 38 43 28 5
 16 40 13 41 29 5 25 19 33 31
 10 34 1 11 39 11 41 49 27 15
 25 33 41 35 2 32 48 11 26 19
 43 7 24 16 18 4 44 7 11 33
 8 19 18 48 44 35 41 6 41 35
 4 32 10 37 47 22 8 22 46 39
 13 27 43 1 47 37 13 33 28 43
 26 6 20 1 38 15 13 39 48 4
 3 26 28 40 44 36 24 15 17 46
 39 41 15 49 19 46 45 34 39 13
 29 22 13 31 28 31 19 23 23 1
 26 31 24 30 16 18 25 43 36 14
 49 35 35 44 41 8 23 35 30 38
 1 11 7 23 4 23 31 37 48 6
 34 36 9 9 46 37 28 32 18 7
 6 11 6 13 10 24 36 19 14 9
 33 42 5 48 19 41 25 39 24 36
 42 21 40 20 35 6 27 8 11 27
 25 12 47 10 0 47 6 4 36 47
 18 21 18 12 16 19 5 11 1 46
 41 4 44 1 40 36 17 35 25 14
 11 13 1 41 30 39 26 12 34 21
 10

 4 9 26 31 26 31 33 4 23 28
 3 21 14 21 33 26 36 23 14 7
 38 18 37 44 48 23 18 44 22 25
 48 24 30 41 45 19 12 1 30 14
 34 20 35 36 15 26 36 9 20 3
 23 21 11 24 4 41 8 7 45 24
 45 22 4 16 8 48 38 46 32 29
 45 18 27 30 21 12 0 1 5 20
 44 20 6 24 1 29 18 36 14 47
 0 38 20 4 37 22 44 41 48 17
 28 38 42 47 25 38 16 16 24 31
 15 38 17 11 7 12 8 11 29 5
 3 38 26 37 44 44 39 5 27 19
 7 32 16 40 26 41 13 40 47 44
 21 3 32 17 39 22 12 23 14 20
 42 20 5 23 49 45 42 16 38 33
 5 33 35 39 32 23 12 29 29 1
 42 10 8 38 35 46 44 33 46 10
 35 10 19 38 10 19 29 29 46 31
 2 28 27 26 30 12 40 10 22 26
 3 7 31 4 48 35 11 45 19 2
 44 19 49 49 23 4 11 4 12 30
 20 4 26 7 41 5 6 21 41 8
 32 12 16 23 16 38 49 33 0 24
 49 41 1 20 30 46 40 32 14 38
 14 6 38 17 39 39 35 8 12 35
 32 22 38 0 7 9 10 5 37 30
 32 28 0 10 22 26 49 7 39 27
 48 25 1 46 8 47 25 44 2 27
 30 37 31 45 35 23 8 40 20 27
 1 24 10 25 24 26 19 41 45 7
 15 34 39 38 15 44 5 11 37 46
 9 33 34 46 48 37 19 16 40 21
 26 6 22 48 2 16 29 33 23 7
 39 17 16 11 41 1 34 31 24 0
 45 32 48 6 39 0 17 9 5 33
 48 13 21 22 33 33 7 14 13 16
 22 30 13 21 34 8 2 35 22 27
 2 25 0 9 48 10 25 20 11 2
 35 33 19 21 36 42 48 9 40 26
 7 3 49 1 16 17 37 35 12 28
 30 6 14 33 49 22 30 37 40 37
 2 6 1 39 35 33 45 32 31 49
 48 28 9 3 4 35 21 26 19 21
 21 19 20 26 29 3 41 38 24 20
 16 46 35 32 21 30 39 6 31 22
 40 11 45 32 39 43 24 29 34 41
 30 26 29 17 25 16 31 41 44 13
 29 48 11 43 1 33 41 32 44 7
 44 1 17 11 8 5 48 10 15 17
 10 13 28 26 22 33 33 11 10 37
 32 1 15 33 6 16 41 36 12 1
 41 11 7 30 44 13 3 20 35 39
 34 17 46 6 14 21 17 7 23 35
 25 34 48 46 47 11 40 14 25 5
 10 11 8 2 7 8 15 5 0 15
 14 6 18 15 21 47 14 14 26 33
 12 3 9 24 17 31 48 24 44 12
 36 15 24 18 7 26 30 22 27 33
 13 35 3 46 1 29 48 44 47 7
 19 34 37 20 12 28 4 24 33 20
 33 37 47 34 41 9 5 15 8 10
 30 7 22 43 40 8 46 38 23 44
 30 15 0 29 33 26 12 33 16 25
 2 5 39 34 9 5 44 20 1 9
 15 41 29 1 2 18 19 47 9 18
 3 45 44 9 20 25 36 40 45 26
 1 7 34 15 23 15 49 23 35 10
 18 28 44 14 48 16 19 21 40 42
 47 24 2 2 49 46 17 45 10 14
 42 14 48 18 37 10 48 43 43 38
 34 46 25 45 27 32 5 46 23 0
 40 34 24 31 26 14 39 35 46 26
 30 33 8 20 2 40 34 49 18 3
 3 23 44 21 27 10 14 15 0 3
 39 24 43 23 14 37 11 34 32 14
 23 15 13 39 33 24 6 34 17 31
 23 34 6 21 24 10 17 25 4 27
 5 9 2 38 11 16 6 35 15 30
 12 26 9 48 32 1 42 32 29 24
 42 8 40 33 15 44 32 35 2 30
 24 44 20 44 14 44 28 33 25 15
 49 10 8 11 14 32 47 18 6 47
 40 37 17 20 35 9 22 15 0 23
 43 0 12 47 45 22 10 43 44 49
 33 26 16 32 30 46 36 9 1 18
 42 9 19 47 11 46 31 8 15 27
 4 38 23 0 0 23 29 25 4 43
 2 41 3 8 49 2 35 18 49 33
 39 31 27 14 9 27 23 45 36 37
 31 39 14 38 3 13 26 15 42 17
 32 42 28 14 14 5 44 11 47 1
 23 47 47 49 22 45 46 7 17 24
 2 24 2 37 30 0 22 39 10 29
 9 34 26 37 13 28 43 3 32 40
 32 43 23 1 21 17 44 1 31 46
 28 34 7 14 44 3 39 29 0 48
 17 5 36 25 42 39 46 18 5 43
 30 43 44 47 41 17 29 22 49 1
 11 9 27 27 35 1 31 29 33 31
 42 20 23 48 9 13 32 49 34 8
 48 44 5 46 38 15 41 27 38 0
 34 31 34 16 43 20 8 28 22 31
 37 30 25 43 39 27 47 2 35 8
 20 49 42 35 19 23 24 17 31 12
 17 2 10 37 49 10 12 26 19 7
 19 2 27 10 9 12 34 22 5 19
 17 30 20 13 38 45 17 8 10 16
 6 25 41 21 9 32 27 6 19 26
 7 13 27 48 41 5 17 39 14 47
 26 40 29 5 48 8 9 29 37 34
 6 25 14 17 23 42 15 9 31 17
 28 39 31 31 25 28 0 19 43 10
 39 18 44 2 41 47 19 21 26 49
 0 48 24 35 37 39 30 17 17 4
 29 2 9 1 46 17 31 9 49 47
 19 16 6 13 4 5 16 9 42 40
 16 47 7 30 2 11 20 9 23 49
 35 35 3 49 10 23 5 3 8 5
 12 4 3 41 29 14 16 7 20 48
 1 22 7 16 40 9 48 10 4 37
 42 25 10 46 1 41 15 26 38 20
 1 15 46 18 49 24 42 46 11 7
 3 0 38 26 7 22 40 37 45 49
 12 14 49 25 44 24 22 10 20 2
 37 22 17 23 23 15 35 18 49 22
 8 33 35 45 1 42 41 37 32 13
 8 47 25 18 39 9 40 4 12 0
 21 36 30 6 44 11 37 30 40 6
 49 40 15 16 3 4 32 49 28 48
 17 2 29 35 35 1 41 42 15 1
 16 20 13 48 36 25 41 45 16 1
 2 37 26 46 7 27 40 12 1 39
 40 7 17 20 9 24 47 12 39 4
 22 15 42 8 42 10 2 11 39 19
 25 27 1 32 16 0 20 30 14 44
 32 5 23 4 13 40 12 7 26 15
 35 36 46 40 32 36 33 49 26 14
 17 31 15 9 6 29 15 14 44 40
 9 10 4 46 40 21 3 0 9 30
 31 2 47 30 11 1 48 14 5 24
 17 10 27 18 6 14 41 7 8 26
 37 42 42 14 3 22 36 16 46 27
 36 5 20 28 49 37 30 1 34 36
 7 49 4 41 20 29 13 26 45 12
 17 21 48 18 48 5 2 15 40 12
 1 14 3 24 21 26 14 21 18 3
 36 42 16 10 7 47 32 4 44 42
 38 42 31 21 2 38 15 15 26 39
 20 43 19 49 45 6 35 17 39 5
 3 20 12 25 34 27 29 10 11 3
 27 12 42 34 9 13 32 49 7 3
 25 16 21 36 45 23 47 30 47 13
 18 19 40 7 13 34 39 24 28 29
 4 19 26 34 13 16 13 42 30 20
 46 41 8 30 24 27 47 24 17 47
 44 8 4 18 10 11 31 31 27 38
 12 1 3 29 16 48 44 14 13 45
 40 32 26 13 49 44 4 10 18 13
 45 5 49 5 31 28 33 45 12 42
 32 35 20 3 27 37 37 21 40 38
 47 7 15 24 4 21 7 26 45 46
 16 24 27 43 40 29 40 33 21 19
 34 13 16 40 37 3 47 6 36 0
 43 31 48 38 11 8 34 38 42 5
 11 43 28 8 4 44 26 23 38 46
 37 21 38 18 46 20 46 39 34 22
 43 24 29 11 36 2 47 1 8 47
 9 37 9 35 33 26 22 0 39 25
 10 36 40 45 5 24 10 47 44 11
 13 16 28 20 29 41 35 35 11 8
 7 41 8 17 10 46 24 10 1 6
 37 21 16 12 26 31 38 31 32 33
 44 26 26 0 36 48 3 49 17 1
 21 32 36 4 47 47 17 17 4 14
 40 13 28 9 25 4 2 33 25 37
 36 25 11 38 0 37 8 26 8 39
 0 10 15 5 8 38 42 16 39 4
 23 20 35 22 19 24 15 23 15 11
 47 43 44 17 42 31 16 28 29 10
 43 27 48 5 39 22 43 22 3 7
 27 43 45 38 20 29 11 1 24 30
 25 14 46 49 16 23 30 28 36 8
 44 3 28 5 4 39 27 18 15 33
 44 5 14 10 40 10 19 44 46 11
 31 15 23 36 3 15 15 34 43 8
 14 41 16 9 1 30 27 30 36 24
 9 12 47 38 43 24 35 19 29 20
 8 10 13 11 30 14 11 1 31 4
 4 11 46 14 22 27 45 14 31 12
 20 37 44 0 27 20 34 30 19 16
 39 3 24 24 49 23 29 39 22 12
 19 48 49 22 13 49 44 12 34 46
 1 41 49 35 25 43 30 14 47 31
 30 7 43 39 14 44 27 41 1 11
 37 29 2 5 4 40 18 27 18 34
 10 1 3 7 8 5 32 9 45 26
 3 27 44 24 6 27 24 49 40 7
 1 16 31 1 45 26 39 13 9 48
 20 37 43 8 30 41 8 33 47 15
 28 19 36 43 15 26 35 2 37 49
 41 36 33 4 16 26 25 22 0 33
 42 28 27 9 48 26 27 38 36 42
 21 5 32 0 40 35 0 1 34 24
 30 41 32 28 6 43 7 8 43 48
 32 40 8 42 3 10 31 32 31 40
 39 35 28 5 47 37 11 8 34 17
 38 43 28 34 22 15 29 3 41 37
 29 38 31 2 28 28 11 26 4 37
 40 41 20 1 32 12 16 12 32 6
 12 9 29 45 0 33 11 31 23 31
 20 7 49 8 40 6 12 18 28 24
 6 15 0 48 5 20 13 45 22 41
 14 24 34 44 20 11 44 0 26 18
 23 8 34 22 10 40 3 21 30 20
 49 46 16 39 40 26 26 34 29 32
 44 3 46 24 10 40 22 38 30 40
 9 49 16 31 45 14 14 17 23 6
 5 41 22 43 34 27 24 10 19 14
 18 27 23 32 10 4 29 48 39 17
 40 19 3 17 44 41 44 21 22 39
 16 31 16 3 24 42 0 0 39 35
 11 4 38 34 40 1 29 33 23 35
 1 17 27 38 0 6 31 35 9 2
 36 18 32 31 37 9 41 12 18 41
 23 25 20 12 39 24 12 48 27 29
 4 28 18 0 30 14 14 38 40 20
 15 35 35 39 1 1 37 38 28 24
 18 27 10 3 15 18 43 33 31 1
 47 25 49 2 0 14 48 19 44 16
 31 48 1 19 41 5 22 47 32 15
 12 8 35 7 17 46 8 43 20 41
 25 22 7 40 1 16 10 1 26 34
 47 6 40 49 24 49 17 6 12 4
 12 46 12 35 32 34 42 13 4 32
 39 26 11 45 26 19 46 17 0 38
 18 14 20 13 1 28 39 15 12 10
 42 10 45 28 38 46 24 19 46 40
 20 9 8 34 40 12 42 37 36 29
 41 5 23 6 49 44 45 33 31 38
 12 46 42 31 25 8 15 37 9 34
 5 14 24 46 34 5 19 33 44 44
 40 35 47 0 29 33 45 30 5 21
 12 12 29 40 47 25 31 16 1 45
 30 20 32 21 30 45 6 19 42 32
 13 46 22 33 48 20 44 20 0 41
 30 16 12 45 18 28 32 21 22 24
 42 27 22 42 5 10 15 49 25 9
 12 37 7 34 14 36 15 21 2 28
 6 26 13 48 1 0 27 17 42 12
 7 20 43 43 31 11 20 39 34 9
 9 0 16 47 32 48 9 20 31 31
 4 13 24 26 47 47 42 32 6 15
 21 49 21 47 16 45 3 42 42 28
 16 32 38 18 49 42 28 48 47 42
 32 25 40 34 41 30 6 29 19 24
 31 10 19 3 27 25 5 25 43 1
 39 29 31 19 19 17 19 48 8 25
 39 14 30 28 23 42 46 22 18 10
 16 12 43 25 26 15 19 46 19 21
 17 43 2 3 26 33 45 26 33 24
 36 37 16 18 26 28 0 47 19 19
 46 41 5 6 37 9 2 20 38 26
 40 17 20 42 48 3 39 26 9 25
 22 19 21 35 45 1 25 23 2 27
 28 28 39 44 43 14 3 36 44 23
 17 35 12 20 20 6 2 2 45 1
 49 40 1 14 10 6 30 3 2 29
 28 46 47 5 30 44 30 21 33 31
 31 18 45 7 42 18 38 31 40 49
 46 29 19 11 28 12 35 8 32 3
 37 16 6 47 23 46 19 44 26 5
 34 32 39 37 35 24 1 3 30 19
 22 8 11 34 11 24 43 6 42 21
 14 26 37 46 46 8 15 4 31 36
 48 22 33 12 28 49 42 42 45 27
 43 17 34 4 27 35 16 17 38 26
 41 46 17 13 44 28 38 5 25 18
 32 4 46 25 36 45 28 28 19 32
 21 39 10 12 4 12 36 32 27 22
 27 46 16 28 12 34 2 4 14 25
 42 4 32 20 17 46 10 21 29 40
 16 37 38 20 43 0 13 33 39 47
 40 33 42 2 40 47 28 2 24 17
 20 42 27 47 49 16 0 19 47 4
 26 31 3 18 17 35 34 27 16 40
 35 14 42 27 22 19 34 3 39 17
 39 13 42 33 30 34 46 47 0 18
 3 30 24 23 32 31 37 37 11 2
 24 39 23 37 35 29 19 6 30 18
 3 22 12 26 48 19 40 45 16 19
 41 6 8 5 6 23 14 0 5 21
 31 42 39 2 28 40 49 38 2 18
 22 40 26 17 37 0 38 6 37 11
 26 28 47 25 32 22 24 49 47 43
 47 14 11 5 5 44 43 19 13 4
 3 41 30 33 33 21 29 44 26 15
 37 24 20 46 46 34 45 19 17 30
 10 48 16 0 13 17 16 22 1 47
 46 9 15 35 9 7 25 42 9 11
 28 0 15 7 21 25 21 8 38 44
 1 13 45 35 17 9 3 9 39 47
 5 13 43 27 38 6 35 25 16 37
 36 10 38 9 49 20 36 43 4 22
 27 12 10 28 39 30 3 39 22 49
 3 4 6 48 15 21 13 8 19 17
 35 15 6 49 47 36 49 12 44 44
 22 41 28 8 41 16 32 40 38 32
 1 42 12 12 9 11 39 34 10 14
 38 29 43 4 32 6 6 2 43 25
 48 8 10 43 47 13 30 43 19 0
 38 16 15 28 33 44 32 38 45 13
 26 32 31 28 29 30 1 16 4 34
 28 45 14 27 27 26 36 47 27 47
 26 43 37 28 13 22 5 23 31 22
 23 45 40 23 21 47 19 32 43 46
 37 26 1 40 44 15 5 31 25 1
 6 37 19 40 27 40 24 39 5 36
 9 32 25 26 4 19 48 19 48 6
 42 20 41 25 37 43 26 13 22 16
 14 20 36 35 12 48 47 15 29 27
 42 42 6 24 23 18 10 23 25 45
 9 10 36 13 4 34 38 5 4 41
 44 21 21 20 17 2 20 13 21 19
 31 49 11 26 19 16 12 40 38 29
 37 11 17 25 26 10 31 31 22 35
 25 26 36 46 19 16 35 31 11 47
 5 11 37 18 6 4 33 36 7 41
 28 49 48 10 8 41 22 23 48 28
 30 49 39 41 27 4 28 3 32 5
 41 14 46 23 48 44 7 8 31 4
 3 43 39 32 30 20 32 21 17 47
 43 35 39 36 36 37 10 6 26 29
 40 29 23 22 23 19 30 5 37 10
 26 10 20 14 7 12 35 15 33 41
 18 22 13 32 18 44 29 48 39 23
 32 17 39 7 43 23 33 22 29 26
 0 39 26 42 6 43 37 48 6 35
 23 33 32 5 34 43 25 34 32 14
 13 46 18 9 14 1 18 38 44 7
 23 21 45 1 5 6 39 39 42 19
 8 36 3 18 20 16 41 45 16 45
 9 24 17 25 22 38 16 19 12 9
 21 43 27 24 32 32 10 46 34 2
 25 39 42 9 30 0 19 15 29 36
 19 48 32 7 6 31 29 40 8 10
 21 8 37 31 3 9 30 19 47 46
 42 11 23 34 28 46 40 22 1 16
 39 40 44 34 9 12 18 32 42 17
 7 49 18 38 35 11 29 39 25 6
 43 32 11 32 4 7 7 35 47 6
 36 26 16 47 32 46 35 0 4 9
 39 1 13 23 2 24 47 24 17 22
 6 23 47 31 24 7 15 39 27 28
 25 22 23 28 28 31 35 32 19 47
 11 45 9 32 43 14 32 5 18 39
 43 15 41 38 13 49 1 30 1 9
 14 1 1 9 40 23 46 8 37 12
 22 3 11 11 22 10 24 45 26 22
 24 16 26 30 0 15 31 43 31 29
 23 25 44 2 14 32 16 45 37 49
 37 16 22 0 9 20 14 23 28 9
 13 4 41 2 23 24 26 7 5 32
 4 44 43 1 10 7 36 11 28 13
 45 12 30 23 8 37 9 27 32 39
 45 49 48 25 27 23 17 41 17 1
 28 47 17 27 37 37 47 11 14 5
 44 39 45 1 9 21 14 29 18 39
 35 9 22 25 33 36 27 34 9 13
 0 15 23 27 34 47 17 47 45 0
 15 1 28 2 39 0 25 27 47 48
 41 12 13 26 46 37 5 28 32 13
 14 29 20 32 20 11 1 8 32 39
 21 42 26 26 19 3 3 0 4 42
 9 28 10 21 31 6 4 0 36 16
 22 30 28 4 9 36 27 23 39 36
 15 43 35 29 2 13 33 22 43 31
 39 48 44 5 39 29 31 5 34 45
 3 31 48 25 25 48 30 42 2 0
 35 3 42 49 9 13 3 45 39 26
 37 46 26 11 16 9 10 46 10 38
 34 9 13 21 41 9 39 38 17 2
 0 33 49 49 39 11 21 8 19 30
 48 3 22 6 3 25 24 5 6 33
 24 35 48 33 28 0 16 12 41 32
 41 22 26 13 39 27 49 23 21 46
 42 31 19 41 1 7 33 7 47 24
 0 25 29 43 8 40 31 28 24 11
 47 18 46 16 43 43 26 17 16 12
 24 48 34 36 25 29 6 16 32 38
 12 38 30 41 47 5 36 42 0 43
 24 20 37 21 39 12 40 41 46 15
 0 31 49 25 39 38 42 35 20 24
 49 24 9 44 1 26 33 22 46 11
 4 18 28 49 28 17 2 24 44 2
 10 49 39 43 18 34 46 14 37 4
 31 9 44 31 4 14 2 7 6 9
 23 37 5 14 26 41 22 35 26 14
 11 18 19 7 23 38 5 40 8 28
 16 17 13 10 11 19 15 30 17 45
 32 25 2 43 17 15 22 1 10 28
 22 29 16 40 31 31 24 39 30 46
 13 42 40 9 14 40 34 43 14 32
 39 23 13 49 2 39 20 7 17 0
 25 31 37 17 6 13 17 7 12 33
 5 6 1 27 0 33 48 30 27 42
 45 15 22 34 13 37 45 47 35 18
 44 6 37 36 31 26 32 2 33 44
 32 4 2 7 19 29 7 21 6 18
 9 4 33 45 5 5 20 27 16 45
 49 5 42 6 18 12 27 35 19 9
 26 40 49 25 26 18 26 3 41 20
 5 11 8 30 40 6 21 45 27 44
 9 47 49 11 8 30 35 13 35 45
 21 46 17 12 27 4 0 10 27 44
 8 42 9 9 40 37 37 38 44 1
 18 9 15 5 28 23 0 6 3 32
 20 40 24 22 37 19 13 2 44 28
 11 32 16 48 13 37 26 31 27 10
 49 39 18 33 8 3 6 12 16 41
 44 34 35 49 45 44 0 38 38 19
 39 37 19 26 0 5 48 12 23 38
 29 5 37 30 32 49 36 49 17 6
 21 37 45 37 22 43 41 45 44 36
 0 38 32 24 18 1 44 19 3 37
 46 38 32 22 48 43 41 19 36 23
 5 36 12 1 26 10 45 38 13 36
 45 3 16 23 13 18 46 12 49 21
 27 35 25 1 26 16 21 2 3 2
 16 6 16 22 19 6 5 9 5 35
 41 14 0 19 48 30 9 43 45 8
 27 33 27 26 19 8 41 45 43 39
 48 40 35 26 18 33 12 4 41 11
 49 26 37 8 44 43 33 33 1 0
 43 26 28 5 25 32 26 40 29 38
 17 2 13 46 12 20 20 18 43 2
 21 46 16 15 38 39 32 25 12 26
 42 7 9 22 17 27 24 24 14 18
 8 1 32 19 32 3 42 34 33 9
 40 5 26 1 32 24 6 28 48 16
 1 45 14 6 30 49 24 30 31 3
 15 17 20 21 10 21 0 37 26 48
 19 9 26 32 16 26 2 45 43 42
 10 33 30 37 15 15 26 33 38 21
 0 27 23 39 6 28 5 26 45 6
 35 40 39 43 35 49 42 48 49 33
 28 34 38 47 21 29 0 30 23 18
 42 41 2 18 48 16 48 4 2 1
 41 34 39 22 34 7 10 7 4 9
 43 49 44 23 17 3 48 12 24 18
 10 46 3 8 13 42 16 16 31 5
 38 35 29 32 39 44 44 49 9 49
 14 8 7 8 5 12 19 38 10 22
 36 40 1 44 13 47 3 41 0 23
 27 24 44 3 47 20 23 11 22 32
 4 30 9 4 44 43 46 44 3 4
 4 30 21 43 24 20 11 34 5 27
 35 2 45 40 46 7 18 15 44 40
 44 3 9 17 30 31 9 11 4 14
 43 26 39 31 32 8 38 32 41 49
 6 8 12 17 5 10 35 40 49 22
 39 7 49 11 0 37 5 0 0 25
 44 26 19 16 20 35 48 48 20 31
 13 8 45 32 35 33 33 24 44 3
 13 48 9 17 16 34 24 33 26 13
 6 5 27 15 17 17 32 23 35 38
 24 11 3 29 12 14 41 39 14 23
 16 31 26 0 39 30 48 13 11 37
 17 47 2 12 0 49 15 18 30 29
 37 41 11 36 47 23 26 33 43 26
 25 21 38 35 20 25 29 3 8 35
 18 43 5 4 30 10 40 36 24 40
 45 12 19 10 33 3 40 17 44 48
 9 30 29 30 6 5 40 34 9 14
 9 28 48 25 5 46 18 27 12 41
 6 16 47 31 28 4 36 15 17 24
 30 38 42 0 21 0 29 5 18 24
 14 45 12 42 11 36 10 35 22 34
 4 38 46 28 7 2 43 13 42 15
 32 2 7 35 0 2 23 16 10 31
 8 25 27 31 36 46 8 5 2 7
 25 6 12 36 38 33 24 44 34 42
 35 44 46 47 18 39 0 7 40 39
 25 28 23 23 24 25 7 47 37 42
 36 28 5 19 22 45 24 8 40 24
 43 8 7 42 10 43 13 48 40 13
 10 3 23 25 30 1 49 48 32 21
 20 34 5 36 9 6 32 41 27 4
 0 9 39 41 4 12 47 31 37 30
 48 28 38 35 20 34 12 28 6 28
 14 24 45 5 20 37 23 49 34 26
 30 19 14 34 40 43 21 28 9 35
 11 49 42 26 12 3 25 34 3 30
 26 29 8 16 29 41 18 1 43 35
 23 16 17 5 10 6 10 3 29 44
 47 12 36 32 42 28 5 15 37 33
 0 2 37 3 12 24 8 43 43 1
 49 43 4 19 21 19 39 44 42 27
 31 30 5 17 3 47 18 26 39 36
 14 2 46 43 36 21 16 5 46 38
 43 46 35 37 47 30 45 40 29 9
 13 33 34 37 13 5 33 17 15 23
 34 7 5 31 16 30 3 20 26 36
 35 46 0 35 31 47 42 17 49 44
 10 6 35 25 27 4 4 29 29 15
 36 12 15 34 12 7 13 34 20 18
 14 16 36 31 5 5 20 31 7 24
 13 2 10 21 30 13 6 44 47 11
 10 48 2 7 46 13 29 40 8 5
 11 11 2 12 6 20 15 20 45 44
 47 16 1 49 25 39 0 36 42 16
 25 42 39 48 39 47 1 6 15 23
 19 23 2 7 26 49 10 24 42 18
 34 24 27 16 30 11 5 19 10 1
 8 26 23 41 28 48 11 28 16 48
 40 44 44 45 44 21 10 43 29 12
 9 43 4 8 34 46 34 37 43 0
 23 25 36 44 25 22 36 42 41 38
 4 12 23 0 24 26 33 23 35 44
 13 36 13 36 16 27 22 26 2 41
 14 46 23 21 32 44 48 42 46 24
 31 5 21 49 21 25 34 47 10 39
 0 38 5 16 31 45 46 18 40 40
 44 8 45 20 37 46 41 35 31 46
 4 5 11 48 22 35 27 24 20 21
 23 11 36 44 12 6 8 47 44 10
 24 29 17 9 2 2 23 6 20 0
 30 43 7 43 25 34 42 32 10 38
 12 14 15 38 28 35 25 28 34 1
 29 0 38 0 8 39 21 45 44 19
 48 4 43 17 3 12 32 38 31 33
 38 33 39 48 47 31 43 16 28 8
 30 10 42 13 19 4 28 16 22 39
 5 27 37 19 45 20 27 29 0 18
 35 8 31 34 21 48 11 9 16 27
 14 34 6 21 22 23 8 6 48 15
 47 47 48 46 0 6 1 4 17 3
 42 34 5 7 26 44 37 38 36 20
 36 28 6 35 12 22 48 8 37 10
 31 13 41 38 1 16 32 18 34 34
 13 4 5 45 42 1 36 38 33 26
 35 27 19 36 1 29 27 45 17 37
 42 49 45 18 24 13 30 11 31 22
 14 22 0 2 8 20 3 13 20 40
 4 16 39 44 8 39 2 5 17 2
 31 16 21 22 18 35 43 26 38 44
 5 23 45 8 33 2 33 0 31 21
 35 16 31 38 38 47 21 1 49 2
 11 8 29 12 2 6 37 22 31 5
 30 1 15 19 23 21 7 18 20 40
 12 34 30 1 33 33 6 37 8 13
 23 47 2 47 3 24 27 31 16 32
 45 10 28 48 33 41 1 43 40 47
 30 41 33 43 45 10 27 45 9 26
 36 25 2 48 14 20 21 11 34 12
 15 3 42 14 4 32 39 12 8 16
 18 32 19 15 47 11 10 28 14 4
 19 26 36 18 26 2 15 13 24 11
 35 29 2 38 25 10 40 40 34 36
 48 28 46 20 16 48 42 37 16 48
 24 20 3 45 49 10 18 23 41 12
 39 10 20 21 36 31 5 26 15 45
 11 36 3 31 32 10 0 43 29 37
 8 20 13 13 47 7 42 42 23 30
 24 40 6 37 41 49 31 40 4 46
 14 32 28 40 47 44 48 47 28 1
 5 39 30 31 44 21 16 40 34 35
 28 40 2 21 1 41 10 29 13 40
 15 32 8 27 13 34 35 10 10 39
 34 9 3 26 49 12 10 20 16 34
 47 28 4 8 48 12 28 10 1 20
 23 26 24 35 11 47 38 10 37 8
 14 16 25 24 44 32 12 29 33 8
 8 33 12 23 10 22 27 24 4 18
 33 32 0 32 22 45 45 7 35 49
 24 0 46 40 33 40 43 1 11 33
 14 45 28 21 24 8 43 19 39 26
 27 43 19 13 39 3 28 5 48 12
 24 13 13 9 25 2 25 25 35 27
 39 19 41 20 17 15 39 23 22 26
 23 36 24 39 27 43 47 48 49 18
 22 28 24 38 19 13 0 9 32 29
 47 28 29 28 22 1 32 33 3 10
 19 27 22 17 6 2 37 16 35 30
 34 19 12 49 27 7 32 26 4 10
 4 19 29 6 4 47 11 14 17 15
 13 7 14 16 37 32 34 23 35 27
 7 6 6 37 46 30 15 14 33 18
 6 16 19 48 10 39 14 42 22 28
 13 46 17 28 17 9 3 1 8 11
 39 40 3 35 5 49 39 23 6 42
 46 47 7 45 19 39 32 29 18 9
 32 22 21 16 18 26 35 21 20 36
 42 30 37 0 30 9 17 7 43 44
 11 11 28 31 46 20 7 23 5 37
 10 20 47 46 2 19 22 31 21 9
 41 30 5 27 13 2 28 6 13 44
 21 32 48 28 28 21 29 14 22 15
 38 5 48 5 37 33 7 13 6 11
 44 20 9 28 21 18 16 48 14 37
 31 12 42 13 32 18 29 33 15 42
 19 38 19 14 35 45 28 12 6 17
 7 9 29 14 30 27 40 14 28 3
 43 30 21 13 15 20 28 20 26 38
 11 12 15 35 40 3 24 10 19 20
 42 10 14 4 6 16 17 29 14 22
 13 3 11 4 46 41 28 8 40 47
 48 25 35 22 48 44 23 14 44 25
 3 45 45 12 37 3 26 3 22 25
 24 32 10 39 8 31 45 23 24 5
 1 7 10 32 28 9 42 41 22 34
 8 38 20 12 44 41 40 1 24 6
 39 32 32 32 41 24 40 41 43 47
 32 40 0 21 26 8 41 9 37 6
 24 1 26 30 7 23 23 23 6 5
 22 2 31 8 3 28 13 16 17 43
 23 5 0 30 33 43 8 8 37 15
 24 5 41 28 8 33 21 13 21 11
 48 6 12 15 46 49 16 15 1 37
 13 25 12 16 4 47 1 18 31 19
 37 7 30 44 2 34 1 3 15 46
 0 18 47 10 36 5 4 39 13 30
 24 36 7 7 19 10 30 5 24 16
 47 4 33 4 41 0 46 19 9 48
 31 9 28 22 2 13 39 37 20 49
 5 42 2 43 15 13 36 24 13 19
 8 1 9 48 44 13 16 49 27 23
 12 43 22 23 11 13 23 4 47 27
 16 15 18 28 30 44 27 36 26 15
 25 18 1 1 16 38 5 11 39 42
 7 30 37 26 43 29 18 31 41 10
 14 24 42 16 30 24 26 18 49 32
 6 1 38 6 3 28 1 43 7 0
 29 24 23 40 14 10 39 49 31 22
 26 43 1 42 19 32 29 12 40 16
 36 0 39 26 14 32 40 15 18 35
 9 36 27 17 44 33 39 13 8 24
 48 14 33 12 9 29 38 43 17 48
 12 17 44 32 21 7 27 40 36 3
 4 47 19 33 17 46 25 14 46 38
 41 11 48 1 31 27 21 36 40 36
 11 45 0 10 39 1 18 14 16 11
 27 24 29 23 32 19 19 37 16 9
 26 1 26 14 2 33 1 20 40 49
 15 27 1 11 24 17 39 34 19 27
 27 48 39 43 15 44 4 48 16 27
 17 0 0 41 24 31 23 11 10 0
 16 45 35 20 14 20 39 3 23 2
 14 5 39 40 40 17 39 28 14 41
 19 47 2 12 48 34 46 1 40 28
 9 21 24 27 23 18 42 9 16 40
 17 39 17 15 20 8 28 35 3 11
 35 36 45 31 34 29 25 22 32 5
 43 40 19 45 40 25 31 2 35 29
 31 0 44 14 25 29 2 21 24 49
 20 44 42 32 28 7 17 16 21 34
 4 38 44 17 40 21 35 28 26 2
 47 6 5 10 8 46 7 31 24 26
 24 6 37 33 12 13 15 4 18 17
 22 25 3 28 45 31 15 48 2 2
 4 37 22 41 35 38 33 44 20 22
 6 12 25 2 40 20 7 45 37 19
 21 20 27 0 4 43 7 42 17 26
 3 40 39 15 2 42 45 35 9 47
 3 32 22 38 15 43 14 30 41 29
 38 39 4 46 17 25 3 0 20 12
 20 15 1 43 49 47 13 23 15 19
 36 4 26 4 3 4 10 44 47 5
 44 11 25 23 18 11 42 11 12 17
 2 27 4 6 21 31 9 4 47 46
 35 24 0 47 27 19 28 6 29 5
 34 16 18 21 30 16 20 39 30 19
 28 16 49 47 38 3 4 41 39 4
 45 28 33 4 43 3 6 32 2 40
 10 11 14 35 12 1 47 10 12 30
 43 49 20 29 35 39 3 37 25 17
 12 32 33 9 30 26 0 46 33 23
 36 48 18 2 48 38 47 19 39 3
 24 29 40 26 39 7 25 15 29 39
 48 39 18 31 43 37 25 27 7 43
 26 9 35 11 34 11 28 11 38 34
 27 4 47 11 5 48 40 15 30 39
 10 9 11 36 26 0 19 1 16 13
 12 40 39 26 3 32 8 16 21 44
 21 5 49 31 35 4 46 2 21 21
 39 23 14 3 45 36 32 44 8 16
 6 0 34 1 45 15 31 19 41 25
 32 37 11 34 1 24 6 15 18 1
 21 48 39 38 38 35 25 32 30 6
 41 5 17 46 9 30 11 33 17 6
 43 12 30 28 22 0 12 29 41 15
 8 48 20 32 13 26 10 3 36 8
 46 25 38 42 44 44 39 30 30 19
 8 45 20 28 9 38 9 23 18 37
 28 7 4 22 44 33 28 21 20 20
 40 22 5 12 36 0 40 9 1 3
 23 12 38 25 41 49 21 38 24 45
 26 3 37 38 9 47 21 20 25 46
 29 45 43 24 48 35 25 4 4 24
 15 23 18 18 9 13 13 39 16 31
 2 18 11 19 48 26 4 22 43 0
 11 30 32 3 21 48 12 14 22 9
 0 2 7 6 3 18 13 49 27 12
 8 48 3 33 18 18 46 37 39 14
 40 13 31 19 31 41 11 38 22 46
 29 45 41 44 28 8 41 32 5 39
 12 0 20 20 8 39 36 12 43 15
 8 33 38 28 20 28 22 2 39 34
 39 7 8 13 42 22 9 42 35 44
 7 21 36 43 1 33 21 20 1 0
 48 36 42 15 46 42 15 11 29 31
 31 5 11 46 47 5 12 48 14 45
 38 28 32 22 34 48 41 41 3 4
 7 40 26 44 35 40 32 34 21 26
 38 21 6 1 18 39 36 10 1 5
 11 33 31 7 6 2 7 40 23 20
 48 7 1 17 49 40 37 7 48 42
 12 1 33 22 26 0 30 45 30 34
 37 28 2 46 12 7 49 34 7 41
 10 30 13 2 28 16 48 20 19 46
 13 29 46 39 12 35 32 20 5 8
 18 5 26 14 0 49 0 16 25 4
 0 49 25 22 25 46 25 14 21 13
 7 32 12 29 4 26 43 19 18 34
 36 26 11 22 42 26 28 39 24 40
 3 2 44 20 40 8 32 12 18 30
 31 33 46 11 33 17 5 11 9 39
 8 40 30 19 27 49 11 23 22 27
 41 7 27 7 12 23 27 41 32 11
 15 21 45 3 44 32 27 16 1 20
 44 24 1 29 24 28 24 9 15 21
 40 31 36 14 42 9 0 24 5 4
 5 47 21 31 14 18 6 18 26 40
 36 47 39 2 29 6 31 32 41 10
 43 8 22 13 9 20 0 31 42 7
 11 28 5 11 37 22 48 48 28 47
 40 49 11 0 46 31 38 6 16 41
 15 1 6 26 40 16 39 24 15 25
 11 42 34 30 25 43 35 26 13 18
 1 48 48 47 0 5 26 47 16 13
 31 43 32 13 7 4 1 9 47 27
 18 43 29 35 29 37 38 22 22 31
 21 25 7 49 34 48 19 18 15 34
 2 18 6 6 19 3 45 16 10 20
 6 19 33 46 23 10 14 19 9 15
 31 5 0 13 44 20 33 35 1 22
 22 38 28 15 38 47 49 28 47 32
 17 39 28 22 3 9 19 11 2 4
 15 13 44 49 15 12 11 29 23 3
 15 3 49 22 18 38 49 49 36 2
 0 40 30 24 29 18 45 40 43 22
 42 3 3 48 1 12 4 9 12 23
 33 10 46 47 19 11 45 44 2 35
 0 21 48 43 8 28 37 8 43 44
 16 11 2 2 31 17 37 20 32 26
 10 46 24 9 33 34 9 13 3 34
 38 28 10 38 14 30 12 22 11 38
 47 5 17 16 13 0 10 14 4 39
 41 41 32 48 35 16 1 28 12 6
 10 12 23 39 39 18 2 45 32 18
 8 22 34 32 11 9 43 3 6 47
 18 21 17 0 40 27 33 31 25 41
 21 42 16 27 25 44 39 22 30 40
 47 39 6 18 33 28 24 29 10 15
 16 33 20 24 19 37 1 48 19 24
 2 33 4 23 19 19 34 25 25 26
 35 47 24 27 9 45 31 17 2 2
 23 39 26 12 12 17 40 5 42 2
 34 27 3 18 34 49 49 14 21 15
 20 12 7 46 10 19 23 45 4 23
 11 2 41 4 4 24 7 3 28 26
 45 26 43 13 27 39 17 5 40 31
 42 34 0 38 23 49 22 18 20 26
 26 1 6 17 44 34 5 25 47 27
 12 20 38 42 41 40 28 36 2 16
 18 9 16 14 18 6 22 4 36 32
 30 49 23 44 8 29 24 20 27 27
 20 37 14 24 44 25 46 25 40 2
 13 10 32 20 30 1 6 8 48 24
 28 30 40 19 20 20 30 33 25 26
 23 32 2 45 5 13 21 25 2 8
 41 1 40 40 19 49 10 26 3 14
 25 35 10 11 26 31 20 20 48 48
 40 30 29 10 10 44 31 36 34 23
 41 4 7 22 49 15 25 34 2 35
 30 1 6 0 9 0 33 37 31 43
 35 7 9 31 26 29 47 9 48 15
 18 7 38 13 48 0 7 22 14 5
 31 44 4 47 34 21 22 40 2 5
 21 21 33 43 48 32 28 45 23 11
 5 43 45 37 19 22 15 29 12 21
 7 6 20 37 45 36 41 13 42 24
 9 32 0 16 22 17 37 2 32 46
 10 16 12 29 23 42 29 33 32 36
 16 16 8 48 2 11 39 15 31 37
 37 35 1 47 14 24 15 7 31 11
 43 37 33 44 12 35 39 13 9 1
 21 18 3 13 19 45 26 4 48 22
 29 17 45 39 13 25 12 31 25 5
 46 3 20 3 11 5 38 47 26 38
 26 12 35 25 40 41 45 38 10 4
 40 29 13 41 14 25 16 26 47 30
 6 46 31 4 30 26 10 42 27 10
 38 26 21 27 8 9 19 27 49 4
 41 2 6 30 38 19 36 15 30 20
 27 30 47 28 22 36 28 3 47 24
 27 25 24 7 38 32 27 22 48 31
 1 20 25 17 36 12 3 26 37 27
 25 43 3 34 8 45 5 0 7 21
 20 6 30 9 30 44 1 23 35 13
 2 43 15 36 2 12 35 31 33 14
 39 18 3 7 43 2 41 14 9 23
 25 43 45 2 10 40 15 36 30 15
 14 7 1 37 16 33 35 41 32 0
 2 43 33 48 37 37 9 9 43 35
 6 33 0 36 12 27 10 31 24 31
 47 36 17 27 26 17 35 3 35 23
 20 19 30 20 9 1 39 10 1 41
 35 26 21 14 12 36 36 5 33 48
 10 11 40 35 0 21 47 46 0 40
 4 45 12 15 46 13 22 37 25 30
 39 2 16 40 16 6 47 38 16 40
 27 43 23 0 38 3 44 21 37 12
 10 18 0 34 30 36 18 16 9 0
 36 34 48 45 40 37 41 19 11 49
 34 49 17 2 20 36 42 24 16 15
 34 39 33 49 48 7 19 30 39 41
 31 28 39 11 2 30 26 31 10 19
 22 30 27 31 7 8 42 17 29 32
 2 6 45 44 14 40 15 3 14 49
 48 38 12 15 15 29 49 20 22 0
 7 30 47 15 30 31 3 30 19 23
 49 15 42 43 20 21 42 29 31 26
 3 12 17 43 29 13 31 14 27 12
 8 1 34 40 38 14 15 7 11 48
 13 31 4 0 17 22 49 39 32 24
 42 21 24 42 31 26 11 24 26 25
 23 13 25 42 36 31 40 15 18 18
 19 30 10 48 29 49 8 43 16 7
 24 33 13 15 15 13 16 10 39 13
 7 4 47 19 4 25 34 15 49 20
 42 34 39 15 16 9 16 44 16 29
 22 34 32 24 7 26 7 39 30 2
 27 13 10 17 37 39 36 43 43 27
 17 45 2 27 32 37 48 44 44 35
 27 45 18 4 13 49 11 15 15 36
 22 26 4 20 41 21 19 47 48 4
 42 22 16 32 27 14 33 47 0 40
 2 14 3 14 30 6 28 27 48 22
 43 47 7 41 25 11 20 20 1 18
 44 4 20 3 33 7 24 40 40 16
 46 8 35 22 45 7 30 8 3 34
 22 47 39 12 26 39 49 0 7 38
 31 4 7 6 45 16 25 11 1 2
 29 16 18 18 44 2 34 25 18 1
 17 34 47 38 40 20 19 36 45 16
 8 14 33 5 42 24 42 4 19 11
 7 23 38 43 7 9 2 30 27 33
 44 20 1 39 1 5 28 0 2 23
 7 38 44 21 23 30 8 43 40 29
 35 2 46 13 38 45 16 27 11 46
 27 28 16 47 44 42 48 40 29 30
 10 24 2 9 24 15 43 33 31 35
 29 31 40 40 24 20 44 45 34 31
 37 41 47 34 36 42 14 16 5 30
 2 18 7 8 10 24 24 11 47 20
 5 43 2 42 41 9 47 31 32 37
 25 34 3 26 19 37 43 3 37 11
 40 4 30 15 49 15 33 26 38 34
 43 44 7 14 13 2 15 1 18 20
 16 21 37 20 12 19 7 11 40 14
 2 28 38 41 21 3 42 49 25 18
 31 44 48 15 32 48 8 19 14 49
 4 35 13 27 42 30 20 48 41 42
 8 10 26 6 34 1 36 22 28 21
 39 27 11 4 2 33 33 34 10 9
 21 33 20 41 43 28 29 30 47 29
 45 35 17 30 8 43 18 5 49 48
 6 26 45 4 27 38 28 5 12 19
 26 25 7 31 40 9 27 18 3 31
 31 31 41 48 15 21 38 48 43 22
 9 20 20 36 27 26 1 13 25 13
 13 47 13 45 7 12 26 25 10 16
 26 35 30 9 5 37 38 12 11 8
 23 25 16 36 2 35 11 9 25 31
 2 11 18 4 46 41 20 24 11 15
 16 47 12 17 1 48 44 9 29 25
 32 14 14 3 28 2 27 20 38 45
 25 18 17 16 29 0 17 21 40 46
 41 38 30 46 19 43 12 26 47 7
 32 26 18 36 1 39 29 47 28 28
 17 15 31 36 22 8 14 2 1 37
 36 7 2 4 2 14 19 37 13 20
 24 49 1 14 23 18 29 26 30 14
 38 33 4 10 32 45 0 16 23 14
 4 22 34 22 17 33 36 34 22 11
 47 32 16 32 2 25 35 20 0 19
 47 48 7 11 26 40 36 22 44 0
 6 13 33 12 1 4 8 10 4 14
 39 20 27 42 8 10 17 43 43 37
 39 29 8 34 29 36 30 46 19 3
 5 26 35 22 12 3 18 2 42 3
 16 7 2 47 9 29 35 44 36 43
 4 1 3 37 18 2 0 1 9 37
 45 23 2 23 20 42 0 31 14 5
 24 36 17 6 43 32 3 31 21 36
 41 10 31 34 34 38 5 37 8 19
 30 49 26 9 44 29 29 1 15 46
 16 19 32 13 1 44 42 34 49 29
 22 2 20 40 38 24 33 35 38 18
 45 16 7 26 19 41 28 42 41 12
 6 0 37 31 0 18 49 7 27 7
 40 45 31 39 35 5 29 9 36 40
 8 16 16 15 47 7 40 24 14 29
 38 17 27 20 25 49 7 43 37 36
 27 28 27 43 5 33 29 19 27 21
 0 45 28 30 15 34 1 15 32 45
 10 43 19 18 39 2 10 17 5 18
 27 24 10 4 28 37 49 17 22 49
 0 22 44 37 9 46 18 10 49 11
 26 42 15 5 41 27 27 39 27 13
 6 31 4 43 29 4 27 44 44 17
 6 18 21 7 10 36 13 22 11 46
 0 46 8 48 14 37 12 4 32 2
 44 34 9 5 38 46 6 23 45 28
 24 11 36 4 13 23 47 23 30 8
 14 35 1 28 8 29 41 45 36 48
 4 21 11 4 27 13 31 14 31 20
 42 30 6 13 40 14 41 42 30 41
 23 19 49 48 40 27 25 42 36 37
 30 16 7 26 15 34 35 31 34 4
 46 13 31 27 40 1 46 21 6 31
 38 20 45 9 42 19 26 22 5 33
 41 36 16 21 7 49 1 5 49 46
 18 19 34 38 23 48 0 14 36 31
 38 27 46 48 48 33 7 14 2 39
 44 7 29 34 8 16 24 19 40 33
 2 39 38 28 37 28 18 13 36 38
 16 30 0 43 36 17 37 16 37 10
 30 27 45 19 10 22 37 17 24 24
 41 4 32 7 42 30 45 39 45 19
 12 8 3 37 6 16 14 37 18 7
 20 0 44 42 9 44 26 3 34 39
 49 5 14 25 10 41 29 39 34 38
 16 2 17 31 25 23 25 41 28 46
 24 23 12 5 36 40 15 31 20 43
 38 39 34 18 30 45 23 12 8 33
 32 48 12 25 18 19 0 16 22 1
 46 26 13 3 35 47 3 23 22 31
 11 27 44 4 28 35 0 43 46 15
 26 12 15 34 31 3 18 12 48 5
 38 38 42 6 44 12 0 49 6 10
 12 35 23 31 1 27 45 0 17 41
 21 47 26 25 11 31 23 44 41 38
 7 28 22 8 48 30 21 39 40 4
 43 46 0 30 13 0 37 27 9 25
 31 15 42 27 9 16 25 7 19 33
 6 29 2 27 21 41 23 43 23 14
 20 36 7 46 14 9 33 10 32 36
 38 32 11 12 38 17 12 49 35 15
 39 49 39 4 39 47 30 22 34 41
 3 2 5 19 44 42 32 44 6 7
 23 34 17 25 19 43 45 17 22 24
 21 14 8 4 26 16 0 19 23 45
 36 5 18 15 17 47 5 10 3 23
 30 6 7 11 16 10 29 33 14 32
 26 2 6 44 3 36 27 35 45 4
 24 5 24 47 28 41 0 47 7 22
 16 6 34 10 28 10 2 19 29 13
 46 14 0 28 44 41 40 33 34 29
 33 36 26 47 18 44 11 25 3 7
 31 37 46 37 5 27 2 6 30 2
 20 48 18 27 34 48 41 9 19 2
 4 43 26 39 4 20 5 33 29 26
 1 26 31 9 40 43 18 28 31 43
 4 47 48 49 1 33 22 22 18 11
 41 18 36 47 39 20 23 18 7 27
 39 1 21 30 36 19 16 30 35 3
 45 5 11 9 45 35 26 45 14 36
 22 30 35 1 44 37 23 48 33 7
 41 36 32 31 24 15 5 38 0 13
 45 22 1 39 18 39 24 48 42 48
 36 31 18 41 40 10 42 28 45 21
 8 12 31 36 31 41 27 16 6 6
 15 19 3 21 0 9 18 9 34 10
 27 10 2 12 40 14 18 34 4 22
 42 11 24 45 14 44 24 30 35 8
 16 37 47 32 14 44 27 25 24 27
 19 27 17 2 43 21 11 1 35 23
 30 4 11 35 34 36 22 23 36 18
 37 28 13 13 48 21 37 39 3 47
 42 18 23 17 0 15 47 23 44 6
 15 7 45 28 5 20 17 33 32 48
 44 27 34 30 11 12 10 7 38 18
 37 4 14 10 30 24 38 32 39 27
 24 36 23 21 23 33 4 8 17 23
 15 0 29 26 23 5 12 48 9 41
 45 39 15 24 42 36 1 1 6 39
 25 5 42 6 6 49 28 10 5 42
 40 0 44 7 1 16 34 25 47 34
 12