1097
 1 6582 6
 2 19728 18
 3 2190 2
 4 3282 3
 5 17488 16
 6 15288 14
 7 9819 9
 8 7630 7
 9 16335 15
 10 8704 8
 11 8696 8
 12 15204 14
 13 2170 2
 14 7588 7
 15 14079 13
 16 19476 18
 17 10810 10
 18 3240 3
 19 15106 14
 20 11858 11
 21 8616 8
 22 4304 4
 23 9675 9
 24 16110 15
 25 16095 15
 26 20368 19
 27 1071 1
 28 2140 2
 29 21380 20
 30 19224 18
 31 14938 14
 32 11726 11
 33 17040 16
 34 13832 13
 35 12756 12
 36 2124 2
 37 7427 7
 38 8480 8
 39 5295 5
 40 10580 10
 41 21140 20
 42 5280 5
 43 1055 1
 44 5270 5
 45 4212 4
 46 3156 3
 47 21020 20
 48 4200 4
 49 14686 14
 50 8384 8
 51 13611 13
 52 2092 2
 53 7315 7
 54 12528 12
 55 7301 7
 56 16672 16
 57 17697 17
 58 6240 6
 59 20780 20
 60 8304 8
 61 3111 3
 62 3108 3
 63 19665 19
 64 2068 2
 65 12396 12
 66 4128 4
 67 19589 19
 68 14420 14
 69 17493 17
 70 13364 13
 71 19513 19
 72 2052 2
 73 14350 14
 74 13312 13
 75 4092 4
 76 5110 5
 77 4084 4
 78 18360 18
 79 7133 7
 80 20360 20
 81 3051 3
 82 16256 16
 83 4060 4
 84 19266 19
 85 3039 3
 86 20240 20
 87 6066 6
 88 19190 19
 89 8072 8
 90 13104 13
 91 1007 1
 92 16096 16
 93 17085 17
 94 1004 1
 95 1003 1
 96 11022 11
 97 1001 1
 98 2000 2
 99 999 1
 100 13972 14
 101 4985 5
 102 13944 14
 103 8955 9
 104 8946 9
 105 7944 8
 106 16864 17
 107 2973 3
 108 2970 3
 109 989 1
 110 9880 10
 111 11844 12
 112 18734 19
 113 4925 5
 114 2952 3
 115 7864 8
 116 19640 20
 117 11772 12
 118 4900 5
 119 5874 6
 120 3912 4
 121 7816 8
 122 19520 20
 123 7800 8
 124 5844 6
 125 5838 6
 126 7776 8
 127 6797 7
 128 6790 7
 129 14535 15
 130 19360 20
 131 16439 17
 132 9660 10
 133 10615 11
 134 5784 6
 135 2889 3
 136 7696 8
 137 6727 7
 138 960 1
 139 13426 14
 140 13412 14
 141 4785 5
 142 16252 17
 143 10505 11
 144 16218 17
 145 3812 4
 146 14280 15
 147 3804 4
 148 17100 18
 149 7592 8
 150 14220 15
 151 9470 10
 152 15136 16
 153 16065 17
 154 11328 12
 155 7544 8
 156 14130 15
 157 10351 11
 158 9400 10
 159 13146 14
 160 15946 17
 161 10307 11
 162 12168 13
 163 1870 2
 164 6538 7
 165 10263 11
 166 5592 6
 167 13965 15
 168 16740 18
 169 11148 12
 170 4640 5
 171 17613 19
 172 13890 15
 173 18500 20
 174 17556 19
 175 18460 20
 176 4610 5
 177 13815 15
 178 2760 3
 179 13785 15
 180 9180 10
 181 15589 17
 182 15572 17
 183 10980 12
 184 14624 16
 185 10043 11
 186 10032 11
 187 13665 15
 188 13650 15
 189 7272 8
 190 1816 2
 191 13605 15
 192 15402 17
 193 6335 7
 194 4520 5
 195 6321 7
 196 1804 2
 197 2703 3
 198 900 1
 199 3596 4
 200 7184 8
 201 2691 3
 202 8064 9
 203 9845 11
 204 10728 12
 205 8037 9
 206 3568 4
 207 2673 3
 208 10680 12
 209 15113 17
 210 15096 17
 211 887 1
 212 16834 19
 213 14160 16
 214 2652 3
 215 1766 2
 216 5292 6
 217 15858 18
 218 5280 6
 219 5274 6
 220 14048 16
 221 1754 2
 222 3504 4
 223 875 1
 224 6992 8
 225 10476 12
 226 10464 12
 227 4355 5
 228 17400 20
 229 12166 14
 230 6944 8
 231 13872 16
 232 1732 2
 233 16435 19
 234 10368 12
 235 5178 6
 236 12930 15
 237 17220 20
 238 4300 5
 239 859 1
 240 6006 7
 241 857 1
 242 10272 12
 243 855 1
 244 9394 11
 245 9383 11
 246 13632 16
 247 851 1
 248 850 1
 249 3396 4
 250 14416 17
 251 7623 9
 252 9306 11
 253 9295 11
 254 2532 3
 255 1686 2
 256 9262 11
 257 5887 7
 258 15960 19
 259 8390 10
 260 16760 20
 261 3348 4
 262 6688 8
 263 5845 7
 264 9174 11
 265 13328 16
 266 2496 3
 267 4986 6
 268 15770 19
 269 829 1
 270 1656 2
 271 5789 7
 272 14868 18
 273 3300 4
 274 11536 14
 275 10699 13
 276 13152 16
 277 13957 17
 278 15580 19
 279 16380 20
 280 10634 13
 281 5719 7
 282 13872 17
 283 8965 11
 284 6512 8
 285 9756 12
 286 16240 20
 287 4866 6
 288 7290 9
 289 12135 15
 290 15352 19
 291 4035 5
 292 4836 6
 293 3220 4
 294 9648 12
 295 11242 14
 296 13634 17
 297 15219 19
 298 16000 20
 299 10387 13
 300 14364 18
 301 3985 5
 302 3184 4
 303 3975 5
 304 4764 6
 305 7930 10
 306 7128 9
 307 791 1
 308 15010 19
 309 789 1
 310 1576 2
 311 787 1
 312 15720 20
 313 3140 4
 314 10192 13
 315 9396 12
 316 7038 9
 317 2343 3
 318 9360 12
 319 3116 4
 320 4668 6
 321 6216 8
 322 2328 3
 323 1550 2
 324 11610 15
 325 2319 3
 326 13124 17
 327 1542 2
 328 6160 8
 329 1538 2
 330 12288 16
 331 14573 19
 332 6894 9
 333 6120 8
 334 5348 7
 335 7630 10
 336 8382 11
 337 2283 3
 338 2280 3
 339 14421 19
 340 3790 5
 341 12112 16
 342 7560 10
 343 10570 14
 344 3016 4
 345 9789 13
 346 11280 15
 347 751 1
 348 3000 4
 349 11235 15
 350 7480 10
 351 6723 9
 352 10444 14
 353 11920 16
 354 744 1
 355 8173 11
 356 742 1
 357 13338 18
 358 3700 5
 359 13302 18
 360 5166 7
 361 2211 3
 362 9568 13
 363 5145 7
 364 6606 9
 365 733 1
 366 2928 4
 367 10234 14
 368 8760 12
 369 729 1
 370 8008 11
 371 1454 2
 372 10164 14
 373 7250 10
 374 8688 12
 375 2892 4
 376 12274 17
 377 8652 12
 378 9360 13
 379 6471 9
 380 13642 19
 381 11472 16
 382 4296 6
 383 8580 12
 384 7854 11
 385 5704 8
 386 5696 8
 387 10665 15
 388 2130 3
 389 14180 20
 390 10620 15
 391 7777 11
 392 4942 7
 393 14100 20
 394 9152 13
 395 13357 19
 396 5616 8
 397 8412 12
 398 3500 5
 399 9087 13
 400 4188 6
 401 9061 13
 402 10440 15
 403 9730 14
 404 2082 3
 405 9702 14
 406 9688 14
 407 6219 9
 408 6900 10
 409 8957 13
 410 7568 11
 411 11679 17
 412 10290 15
 413 10960 16
 414 5472 8
 415 8196 12
 416 3410 5
 417 12258 18
 418 2040 3
 419 10864 16
 420 3390 5
 421 8801 13
 422 2704 4
 423 11475 17
 424 4718 7
 425 7403 11
 426 1344 2
 427 12749 19
 428 10720 16
 429 669 1
 430 11356 17
 431 7337 11
 432 666 1
 433 4655 7
 434 1328 2
 435 663 1
 436 13240 20
 437 12559 19
 438 4620 7
 439 7249 11
 440 1974 3
 441 12483 19
 442 11152 17
 443 1310 2
 444 2616 4
 445 10448 16
 446 3912 6
 447 1953 3
 448 1950 3
 449 7139 11
 450 7128 11
 451 8411 13
 452 6460 10
 453 3870 6
 454 12880 20
 455 7073 11
 456 1284 2
 457 7692 12
 458 6400 10
 459 7029 11
 460 2552 4
 461 10192 16
 462 6360 10
 463 4445 7
 464 4438 7
 465 7596 12
 466 8216 13
 467 10096 16
 468 12600 20
 469 4403 7
 470 628 1
 471 11913 19
 472 5634 9
 473 3125 5
 474 7488 12
 475 11837 19
 476 7464 12
 477 10557 17
 478 6820 11
 479 4333 7
 480 9888 16
 481 1234 2
 482 9240 15
 483 11685 19
 484 11666 19
 485 4291 7
 486 7344 12
 487 1833 3
 488 12200 20
 489 8526 14
 490 9728 16
 491 1214 2
 492 2424 4
 493 1815 3
 494 8456 14
 495 603 1
 496 4816 8
 497 5409 9
 498 10800 18
 499 8386 14
 500 2392 4
 501 3582 6
 502 9536 16
 503 8330 14
 504 2376 4
 505 4151 7
 506 5328 9
 507 11820 20
 508 9440 16
 509 9424 16
 510 2940 5
 511 5870 10
 512 5274 9
 513 9360 16
 514 1168 2
 515 9328 16
 516 6402 11
 517 6391 11
 518 9280 16
 519 3474 6
 520 4624 8
 521 10963 19
 522 9792 17
 523 1725 3
 524 10332 18
 525 573 1
 526 3432 6
 527 11420 20
 528 5130 9
 529 4552 8
 530 2272 4
 531 9072 16
 532 3962 7
 533 1695 3
 534 7896 14
 535 6193 11
 536 7868 14
 537 10098 18
 538 3920 7
 539 5590 10
 540 2232 4
 541 5570 10
 542 10564 19
 543 8880 16
 544 9972 18
 545 4424 8
 546 5520 10
 547 9918 18
 548 4400 8
 549 6588 12
 550 1096 2
 551 2735 5
 552 6552 12
 553 5450 10
 554 2720 5
 555 9231 17
 556 1626 3
 557 2164 4
 558 9720 18
 559 2695 5
 560 5380 10
 561 3222 6
 562 5360 10
 563 1070 2
 564 4272 8
 565 3731 7
 566 3724 7
 567 1593 3
 568 7950 15
 569 6877 13
 570 7392 14
 571 4743 9
 572 526 1
 573 1575 3
 574 5240 10
 575 4184 8
 576 2088 4
 577 1563 3
 578 8840 17
 579 2595 5
 580 8806 17
 581 7755 15
 582 1032 2
 583 515 1
 584 4112 8
 585 8208 16
 586 3584 7
 587 8176 16
 588 3060 6
 589 7635 15
 590 7620 15
 591 8619 17
 592 7590 15
 593 9595 19
 594 9072 18
 595 4024 8
 596 3514 7
 597 9018 18
 598 1500 3
 599 2994 6
 600 2490 5
 601 497 1
 602 9920 20
 603 5445 11
 604 1976 4
 605 2465 5
 606 3936 8
 607 5892 12
 608 9800 20
 609 9780 20
 610 976 2
 611 2435 5
 612 1944 4
 613 5335 11
 614 5324 11
 615 2898 6
 616 4820 10
 617 9620 20
 618 9600 20
 619 2874 6
 620 2868 6
 621 3816 8
 622 4284 9
 623 8075 17
 624 6636 14
 625 1419 3
 626 8024 17
 627 1884 4
 628 470 1
 629 2345 5
 630 5148 11
 631 1868 4
 632 6990 15
 633 3255 7
 634 6496 14
 635 2778 6
 636 924 2
 637 8298 18
 638 2760 6
 639 4590 10
 640 2748 6
 641 7312 16
 642 3648 8
 643 7280 16
 644 3178 7
 645 7248 16
 646 1356 3
 647 5863 13
 648 3600 8
 649 2694 6
 650 5824 13
 651 4917 11
 652 4014 9
 653 4005 9
 654 3108 7
 655 1772 4
 656 2210 5
 657 5292 12
 658 880 2
 659 4829 11
 660 4818 11
 661 2185 5
 662 8284 19
 663 6525 15
 664 5208 12
 665 5629 13
 666 6912 16
 667 4310 10
 668 8170 19
 669 6006 14
 670 1284 3
 671 8540 20
 672 2556 6
 673 2125 5
 674 8056 19
 675 7191 17
 676 7596 18
 677 7578 18
 678 6300 15
 679 6285 15
 680 5852 14
 681 834 2
 682 1248 3
 683 3735 9
 684 828 2
 685 2478 6
 686 6592 16
 687 822 2
 688 820 2
 689 2863 7
 690 3264 8
 691 4070 10
 692 8120 20
 693 2430 6
 694 2424 6
 695 2015 5
 696 804 2
 697 2807 7
 698 6000 15
 699 399 1
 700 3582 9
 701 1191 3
 702 792 2
 703 3555 9
 704 1576 4
 705 6681 17
 706 1176 3
 707 1564 4
 708 4290 11
 709 389 1
 710 5044 13
 711 3870 10
 712 6176 16
 713 3080 8
 714 5760 15
 715 3830 10
 716 2674 7
 717 1905 5
 718 3420 9
 719 379 1
 720 1512 4
 721 1508 4
 722 4136 11
 723 3375 9
 724 4862 13
 725 5968 16
 726 1860 5
 727 4452 12
 728 1480 4
 729 2583 7
 730 2208 6
 731 6606 18
 732 6954 19
 733 1825 5
 734 5096 14
 735 6171 17
 736 1086 3
 737 6137 17
 738 6120 17
 739 6103 17
 740 1432 4
 741 3570 10
 742 3204 9
 743 2840 8
 744 6372 18
 745 1412 4
 746 3872 11
 747 5967 17
 748 3150 9
 749 5933 17
 750 1392 4
 751 2776 8
 752 2422 7
 753 6900 20
 754 5504 16
 755 6517 19
 756 6498 19
 757 2728 8
 758 2040 6
 759 3051 9
 760 676 2
 761 4381 13
 762 6720 20
 763 2010 6
 764 2338 7
 765 2997 9
 766 2988 9
 767 4634 14
 768 6270 19
 769 658 2
 770 3280 10
 771 3597 11
 772 5868 18
 773 2275 7
 774 6480 20
 775 6460 20
 776 1932 6
 777 5136 16
 778 4800 15
 779 957 3
 780 4452 14
 781 951 3
 782 4108 13
 783 315 1
 784 2826 9
 785 4695 15
 786 1872 6
 787 4665 15
 788 2170 7
 789 1236 4
 790 4004 13
 791 5833 19
 792 1224 4
 793 2440 8
 794 4864 16
 795 4242 14
 796 4530 15
 797 1204 4
 798 3300 11
 799 5681 19
 800 596 2
 801 4158 14
 802 5032 17
 803 885 3
 804 1176 4
 805 4395 15
 806 2336 8
 807 4074 14
 808 2610 9
 809 4624 16
 810 2016 7
 811 4018 14
 812 2574 9
 813 1425 5
 814 5680 20
 815 1415 5
 816 1410 5
 817 2810 10
 818 5040 18
 819 4743 17
 820 278 1
 821 2493 9
 822 1380 5
 823 1925 7
 824 1370 5
 825 1365 5
 826 3808 14
 827 5149 19
 828 3510 13
 829 3497 13
 830 1072 4
 831 801 3
 832 2128 8
 833 5300 20
 834 4488 17
 835 5260 20
 836 524 2
 837 1566 6
 838 3380 13
 839 5180 20
 840 1806 7
 841 3341 13
 842 512 2
 843 1020 4
 844 508 2
 845 1012 4
 846 2268 9
 847 2008 8
 848 5000 20
 849 3486 14
 850 744 3
 851 1729 7
 852 1230 5
 853 3430 14
 854 1708 7
 855 4617 19
 856 3146 13
 857 4820 20
 858 4320 18
 859 2390 10
 860 3570 15
 861 3555 15
 862 1416 6
 863 4230 18
 864 4680 20
 865 2563 11
 866 232 1
 867 462 2
 868 690 3
 869 1374 6
 870 1140 5
 871 1589 7
 872 3390 15
 873 3150 14
 874 2688 12
 875 3122 14
 876 1332 6
 877 3315 15
 878 660 3
 879 1314 6
 880 1090 5
 881 2170 10
 882 1512 7
 883 1505 7
 884 2568 12
 885 426 2
 886 636 3
 887 211 1
 888 420 2
 889 2299 11
 890 416 2
 891 2898 14
 892 1236 6
 893 2665 13
 894 3060 15
 895 3654 18
 896 2222 11
 897 3417 17
 898 3400 17
 899 3184 16
 900 3366 17
 901 1182 6
 902 3332 17
 903 3705 19
 904 3686 19
 905 3860 20
 906 2496 13
 907 2101 11
 908 2660 14
 909 3024 16
 910 2256 12
 911 2805 15
 912 2232 12
 913 2220 12
 914 2208 12
 915 2745 15
 916 1092 6
 917 1267 7
 918 2160 12
 919 1432 8
 920 3204 18
 921 177 1
 922 3520 20
 923 3150 18
 924 3480 20
 925 1730 10
 926 2236 13
 927 2394 14
 928 1870 11
 929 2535 15
 930 2688 16
 931 1002 6
 932 166 1
 933 495 3
 934 1804 11
 935 1793 11
 936 162 1
 937 3059 19
 938 1760 11
 939 3021 19
 940 2686 17
 941 1256 8
 942 780 5
 943 2170 14
 944 2310 15
 945 1071 7
 946 2128 14
 947 1812 12
 948 2400 16
 949 298 2
 950 2516 17
 951 1029 7
 952 292 2
 953 2755 19
 954 288 2
 955 2574 18
 956 2414 17
 957 1269 9
 958 2240 16
 959 2224 16
 960 1656 12
 961 822 6
 962 952 7
 963 1485 11
 964 1072 8
 965 798 6
 966 264 2
 967 524 4
 968 520 4
 969 645 5
 970 896 7
 971 2159 17
 972 504 4
 973 625 5
 974 1116 9
 975 1722 14
 976 2074 17
 977 484 4
 978 960 8
 979 1666 14
 980 944 8
 981 117 1
 982 2088 18
 983 920 8
 984 684 6
 985 1695 15
 986 224 2
 987 555 5
 988 770 7
 989 981 9
 990 1836 17
 991 214 2
 992 2120 20
 993 210 2
 994 728 7
 995 309 3
 996 1734 17
 997 505 5
 998 800 8
 999 1584 16
 1000 1568 16
 1001 194 2
 1002 96 1
 1003 1615 17
 1004 282 3
 1005 1023 11
 1006 552 6
 1007 1092 12
 1008 1260 14
 1009 1513 17
 1010 264 3
 1011 1218 14
 1012 1720 20
 1013 765 9
 1014 1260 15
 1015 415 5
 1016 1558 19
 1017 81 1
 1018 480 6
 1019 474 6
 1020 312 4
 1021 385 5
 1022 912 12
 1023 750 10
 1024 74 1
 1025 1168 16
 1026 1296 18
 1027 355 5
 1028 1400 20
 1029 552 8
 1030 1020 15
 1031 1139 17
 1032 990 15
 1033 455 7
 1034 320 5
 1035 126 2
 1036 62 1
 1037 488 8
 1038 1200 20
 1039 590 10
 1040 348 6
 1041 285 5
 1042 840 15
 1043 440 8
 1044 972 18
 1045 477 9
 1046 988 19
 1047 204 4
 1048 100 2
 1049 343 7
 1050 672 14
 1051 658 14
 1052 138 3
 1053 585 13
 1054 616 14
 1055 430 10
 1056 252 6
 1057 738 18
 1058 360 9
 1059 39 1
 1060 570 15
 1061 37 1
 1062 72 2
 1063 210 6
 1064 578 17
 1065 330 10
 1066 576 18
 1067 527 17
 1068 480 16
 1069 232 8
 1070 196 7
 1071 432 16
 1072 156 6
 1073 275 11
 1074 480 20
 1075 276 12
 1076 308 14
 1077 231 11
 1078 240 12
 1079 133 7
 1080 252 14
 1081 340 20
 1082 128 8
 1083 180 12
 1084 252 18
 1085 208 16
 1086 120 10
 1087 198 18
 1088 180 18
 1089 72 8
 1090 8 1
 1091 126 18
 1092 48 8
 1093 50 10
 1094 32 8
 1095 36 12
 1096 14 7
 1097 8 8
18649