117
 1 1404 12
 2 928 8
 3 1955 17
 4 228 2
 5 565 5
 6 1120 10
 7 1443 13
 8 1870 17
 9 1526 14
 10 1944 18
 11 1391 13
 12 1060 10
 13 1785 17
 14 1560 15
 15 309 3
 16 1530 15
 17 1212 12
 18 1200 12
 19 891 9
 20 882 9
 21 679 7
 22 288 3
 23 665 7
 24 282 3
 25 930 10
 26 736 8
 27 91 1
 28 720 8
 29 712 8
 30 1496 17
 31 348 4
 32 172 2
 33 425 5
 34 252 3
 35 1328 16
 36 1312 16
 37 324 4
 38 1040 13
 39 1501 19
 40 234 3
 41 1540 20
 42 228 3
 43 825 11
 44 1184 16
 45 803 11
 46 648 9
 47 213 3
 48 1050 15
 49 828 12
 50 476 7
 51 871 13
 52 1254 19
 53 1105 17
 54 448 7
 55 567 9
 56 1240 20
 57 549 9
 58 960 16
 59 1003 17
 60 58 1
 61 342 6
 62 616 11
 63 1045 19
 64 432 8
 65 1060 20
 66 52 1
 67 306 6
 68 250 5
 69 441 9
 70 528 11
 71 282 6
 72 230 5
 73 900 20
 74 88 2
 75 731 17
 76 588 14
 77 533 13
 78 560 14
 79 546 14
 80 494 13
 81 407 11
 82 72 2
 83 595 17
 84 578 17
 85 297 9
 86 512 16
 87 434 14
 88 390 13
 89 435 15
 90 504 18
 91 432 16
 92 26 1
 93 50 2
 94 336 14
 95 253 11
 96 264 12
 97 399 19
 98 180 9
 99 266 14
 100 162 9
 101 187 11
 102 240 15
 103 165 11
 104 56 4
 105 26 2
 106 132 11
 107 154 14
 108 200 20
 109 27 3
 110 40 5
 111 140 20
 112 30 5
 113 10 2
 114 64 16
 115 15 5
 116 12 6
 117 18 18
117