135
 1 675 5
 2 2160 16
 3 810 6
 4 2700 20
 5 675 5
 6 540 4
 7 1215 9
 8 540 4
 9 1350 10
 10 405 3
 11 2025 15
 12 1080 8
 13 2700 20
 14 405 3
 15 945 7
 16 1080 8
 17 2430 18
 18 2025 15
 19 405 3
 20 2160 16
 21 1890 14
 22 1755 13
 23 135 1
 24 2430 18
 25 2295 17
 26 2430 18
 27 270 2
 28 2295 17
 29 2700 20
 30 1620 12
 31 2700 20
 32 1890 14
 33 1080 8
 34 2700 20
 35 270 2
 36 405 3
 37 2295 17
 38 1890 14
 39 810 6
 40 135 1
 41 405 3
 42 1080 8
 43 1890 14
 44 2565 19
 45 2430 18
 46 945 7
 47 1890 14
 48 1080 8
 49 1890 14
 50 1620 12
 51 1215 9
 52 2565 19
 53 270 2
 54 1215 9
 55 270 2
 56 675 5
 57 675 5
 58 2025 15
 59 945 7
 60 1080 8
 61 135 1
 62 2160 16
 63 945 7
 64 270 2
 65 675 5
 66 2700 20
 67 1080 8
 68 2430 18
 69 2295 17
 70 2025 15
 71 1350 10
 72 1080 8
 73 2160 16
 74 2025 15
 75 810 6
 76 1755 13
 77 675 5
 78 405 3
 79 1755 13
 80 945 7
 81 540 4
 82 270 2
 83 540 4
 84 540 4
 85 1485 11
 86 2700 20
 87 1485 11
 88 1080 8
 89 1350 10
 90 1485 11
 91 675 5
 92 1485 11
 93 2160 16
 94 2160 16
 95 1620 12
 96 1890 14
 97 1350 10
 98 945 7
 99 540 4
 100 540 4
 101 2565 19
 102 945 7
 103 1080 8
 104 135 1
 105 675 5
 106 810 6
 107 1755 13
 108 540 4
 109 135 1
 110 810 6
 111 1350 10
 112 1890 14
 113 2565 19
 114 405 3
 115 2160 16
 116 2025 15
 117 2700 20
 118 2430 18
 119 2295 17
 120 2160 16
 121 1080 8
 122 270 2
 123 540 4
 124 540 4
 125 540 4
 126 1485 11
 127 2430 18
 128 1215 9
 129 1350 10
 130 135 1
 131 1080 8
 132 1755 13
 133 1620 12
 134 1350 10
 135 2025 15
1755