1451
 1 29020 20
 2 13050 9
 3 17388 12
 4 10136 7
 5 23152 16
 6 23136 16
 7 1445 1
 8 17328 12
 9 15873 11
 10 20188 14
 11 27379 19
 12 24480 17
 13 17268 12
 14 21570 15
 15 18681 13
 16 10052 7
 17 27265 19
 18 10038 7
 19 17196 12
 20 20048 14
 21 18603 13
 22 10010 7
 23 5716 4
 24 1428 1
 25 19978 14
 26 15686 11
 27 11400 8
 28 15664 11
 29 15653 11
 30 5688 4
 31 2842 2
 32 11360 8
 33 19866 14
 34 25524 18
 35 14170 10
 36 26904 19
 37 1415 1
 38 18382 13
 39 5652 4
 40 8472 6
 41 1411 1
 42 4230 3
 43 8454 6
 44 14080 10
 45 26733 19
 46 18278 13
 47 9835 7
 48 14040 10
 49 19642 14
 50 7010 5
 51 4203 3
 52 22400 16
 53 8394 6
 54 15378 11
 55 20955 15
 56 23732 17
 57 25110 18
 58 15334 11
 59 27860 20
 60 19488 14
 61 19474 14
 62 6950 5
 63 8334 6
 64 13880 10
 65 2774 2
 66 23562 17
 67 13850 10
 68 16608 12
 69 2766 2
 70 1382 1
 71 1381 1
 72 15180 11
 73 20685 15
 74 26182 19
 75 19278 14
 76 12384 9
 77 27500 20
 78 26106 19
 79 13730 10
 80 20580 15
 81 23307 17
 82 17810 13
 83 26011 19
 84 25992 19
 85 17771 13
 86 12294 9
 87 13650 10
 88 27280 20
 89 23171 17
 90 25878 19
 91 23137 17
 92 16320 12
 93 4077 3
 94 2716 2
 95 20355 15
 96 13560 10
 97 25745 19
 98 1354 1
 99 4059 3
 100 20280 15
 101 10808 8
 102 22950 17
 103 2698 2
 104 5392 4
 105 24246 18
 106 12114 9
 107 10760 8
 108 24192 18
 109 16116 12
 110 1342 1
 111 17433 13
 112 8040 6
 113 10712 8
 114 10704 8
 115 22729 17
 116 18704 14
 117 20025 15
 118 9338 7
 119 15996 12
 120 3996 3
 121 9317 7
 122 15960 12
 123 22593 17
 124 26560 20
 125 1327 1
 126 25194 19
 127 18550 14
 128 23832 18
 129 22491 17
 130 18508 14
 131 18494 14
 132 10560 8
 133 2638 2
 134 22406 17
 135 15804 12
 136 15792 12
 137 2630 2
 138 17082 13
 139 2626 2
 140 3936 3
 141 10488 8
 142 9170 7
 143 15708 12
 144 13080 10
 145 15684 12
 146 20896 16
 147 6525 5
 148 15648 12
 149 5212 4
 150 10416 8
 151 1301 1
 152 20800 16
 153 12990 10
 154 24662 19
 155 7782 6
 156 1296 1
 157 7770 6
 158 9058 7
 159 24567 19
 160 5168 4
 161 20656 16
 162 19350 15
 163 23202 18
 164 21896 17
 165 12870 10
 166 18004 14
 167 6425 5
 168 21828 17
 169 21811 17
 170 23076 18
 171 3843 3
 172 8960 7
 173 23022 18
 174 21726 17
 175 10216 8
 176 7656 6
 177 8925 7
 178 17836 14
 179 12730 10
 180 22896 18
 181 5084 4
 182 22860 18
 183 10152 8
 184 16484 13
 185 2534 2
 186 12660 10
 187 15180 12
 188 1264 1
 189 16419 13
 190 16406 13
 191 3783 3
 192 5040 4
 193 7554 6
 194 16354 13
 195 17598 14
 196 10048 8
 197 1255 1
 198 13794 11
 199 7518 6
 200 12520 10
 201 17514 14
 202 10000 8
 203 4996 4
 204 16224 13
 205 22446 18
 206 7476 6
 207 3735 3
 208 22392 18
 209 13673 11
 210 8694 7
 211 17374 14
 212 2480 2
 213 2478 2
 214 23522 19
 215 18555 15
 216 21012 17
 217 4940 4
 218 4936 4
 219 7398 6
 220 19712 16
 221 22158 18
 222 23370 19
 223 8603 7
 224 4912 4
 225 4908 4
 226 24520 20
 227 4900 4
 228 1224 1
 229 12230 10
 230 14664 12
 231 13431 11
 232 24400 20
 233 15847 13
 234 13398 11
 235 21906 18
 236 19456 16
 237 1215 1
 238 23066 19
 239 2426 2
 240 7272 6
 241 23009 19
 242 21780 18
 243 22971 19
 244 4832 4
 245 19312 16
 246 16884 14
 247 19280 16
 248 21672 18
 249 18045 15
 250 3606 3
 251 19216 16
 252 18000 15
 253 11990 10
 254 1198 1
 255 3591 3
 256 13156 11
 257 16730 14
 258 10746 9
 259 15509 13
 260 1192 1
 261 5955 5
 262 21420 18
 263 5945 5
 264 9504 8
 265 2374 2
 266 8302 7
 267 13035 11
 268 16576 14
 269 1183 1
 270 5910 5
 271 3543 3
 272 14160 12
 273 14148 12
 274 16492 14
 275 5885 5
 276 1176 1
 277 12925 11
 278 18784 16
 279 22287 19
 280 14064 12
 281 21078 18
 282 14040 12
 283 19873 17
 284 4672 4
 285 14004 12
 286 9328 8
 287 9320 8
 288 18624 16
 289 10467 9
 290 5810 5
 291 8127 7
 292 1160 1
 293 23180 20
 294 17370 15
 295 15041 13
 296 4624 4
 297 6930 6
 298 15002 13
 299 9224 8
 300 14976 13
 301 9208 8
 302 11500 10
 303 4596 4
 304 1148 1
 305 3441 3
 306 3438 3
 307 9160 8
 308 6864 6
 309 12573 11
 310 1142 1
 311 18256 16
 312 15960 14
 313 10251 9
 314 20484 18
 315 4548 4
 316 20448 18
 317 18160 16
 318 20412 18
 319 21527 19
 320 2264 2
 321 3393 3
 322 14690 13
 323 7903 7
 324 10152 9
 325 16905 15
 326 3378 3
 327 18000 16
 328 21356 19
 329 19091 17
 330 19074 17
 331 4484 4
 332 20160 18
 333 13428 12
 334 21242 19
 335 1117 1
 336 10044 9
 337 14495 13
 338 12254 11
 339 11130 10
 340 15568 14
 341 19998 18
 342 15540 14
 343 5545 5
 344 2216 2
 345 1107 1
 346 8848 8
 347 7735 7
 348 16560 15
 349 16545 15
 350 22040 20
 351 6606 6
 352 11000 10
 353 17584 16
 354 13176 12
 355 8776 8
 356 17536 16
 357 1095 1
 358 6564 6
 359 21860 20
 360 1092 1
 361 18547 17
 362 13080 12
 363 15246 14
 364 7616 7
 365 5435 5
 366 1086 1
 367 14105 13
 368 13008 12
 369 12996 12
 370 15148 14
 371 10810 10
 372 2160 2
 373 3237 3
 374 9702 9
 375 1077 1
 376 8608 8
 377 3225 3
 378 2148 2
 379 17168 16
 380 12864 12
 381 17136 16
 382 16050 15
 383 16035 15
 384 14952 14
 385 18139 17
 386 15990 15
 387 15975 15
 388 14896 14
 389 4252 4
 390 1062 1
 391 6366 6
 392 7420 7
 393 20121 19
 394 5290 5
 395 8456 8
 396 19008 18
 397 10550 10
 398 7378 7
 399 3159 3
 400 10520 10
 401 19969 19
 402 6300 6
 403 15735 15
 404 4192 4
 405 14658 14
 406 3138 3
 407 3135 3
 408 14616 14
 409 19817 19
 410 11462 11
 411 16656 16
 412 17680 17
 413 13507 13
 414 10380 10
 415 16592 16
 416 19684 19
 417 20700 20
 418 3102 3
 419 8264 8
 420 16512 16
 421 3093 3
 422 5150 5
 423 19551 19
 424 13364 13
 425 4108 4
 426 15390 15
 427 2050 2
 428 18432 18
 429 5115 5
 430 6132 6
 431 19399 19
 432 16320 16
 433 12228 12
 434 13234 13
 435 12204 12
 436 12192 12
 437 6090 6
 438 7098 7
 439 2026 2
 440 17204 17
 441 1011 1
 442 1010 1
 443 11099 11
 444 11088 11
 445 18126 18
 446 1006 1
 447 12060 12
 448 6024 6
 449 19057 19
 450 15030 15
 451 6006 6
 452 4000 4
 453 1998 2
 454 18962 19
 455 13958 14
 456 3984 4
 457 18905 19
 458 2982 3
 459 19860 20
 460 7936 8
 461 5946 6
 462 15840 16
 463 19780 20
 464 11856 12
 465 6909 7
 466 18734 19
 467 11820 12
 468 14760 15
 469 19660 20
 470 10802 11
 471 19620 20
 472 12740 13
 473 4895 5
 474 13692 14
 475 6839 7
 476 13664 14
 477 12675 13
 478 15584 16
 479 7784 8
 480 5832 6
 481 7768 8
 482 16490 17
 483 8721 9
 484 4840 5
 485 3868 4
 486 8694 9
 487 12545 13
 488 19280 20
 489 7704 8
 490 7696 8
 491 9610 10
 492 3840 4
 493 18221 19
 494 16286 17
 495 10527 11
 496 6692 7
 497 9550 10
 498 1908 2
 499 18107 19
 500 19040 20
 501 2853 3
 502 2850 3
 503 18031 19
 504 5688 6
 505 5682 6
 506 5676 6
 507 1890 2
 508 8496 9
 509 13202 14
 510 7536 8
 511 6587 7
 512 18800 20
 513 16902 18
 514 16884 18
 515 6559 7
 516 10296 11
 517 18700 20
 518 7472 8
 519 4665 5
 520 6524 7
 521 931 1
 522 4650 5
 523 3716 4
 524 10208 11
 525 12051 13
 526 8334 9
 527 15725 17
 528 12012 13
 529 11076 12
 530 6454 7
 531 4605 5
 532 1840 2
 533 10109 11
 534 5508 6
 535 9170 10
 536 1832 2
 537 9150 10
 538 8226 9
 539 14608 16
 540 912 1
 541 4555 5
 542 8190 9
 543 1818 2
 544 13620 15
 545 3628 4
 546 1812 2
 547 8145 9
 548 18080 20
 549 13545 15
 550 14432 16
 551 17119 19
 552 9000 10
 553 2697 3
 554 2694 3
 555 4485 5
 556 12544 14
 557 9845 11
 558 3576 4
 559 7144 8
 560 6244 7
 561 3564 4
 562 6230 7
 563 5334 6
 564 7104 8
 565 13305 15
 566 15948 18
 567 3540 4
 568 9724 11
 569 11479 13
 570 15876 18
 571 15858 18
 572 7920 9
 573 9669 11
 574 10536 12
 575 11401 13
 576 876 1
 577 6125 7
 578 17480 20
 579 3492 4
 580 3488 4
 581 4355 5
 582 13050 15
 583 16511 19
 584 6076 7
 585 10404 12
 586 6928 8
 587 12110 14
 588 16416 19
 589 9493 11
 590 9482 11
 591 15498 18
 592 16340 19
 593 1718 2
 594 9438 11
 595 5999 7
 596 14552 17
 597 10260 12
 598 17080 20
 599 5118 6
 600 852 1
 601 3404 4
 602 11900 14
 603 11037 13
 604 9328 11
 605 8470 10
 606 7614 9
 607 8450 10
 608 844 1
 609 843 1
 610 14314 17
 611 2523 3
 612 5040 6
 613 839 1
 614 15922 19
 615 1674 2
 616 3344 4
 617 10020 12
 618 834 1
 619 9996 12
 620 15808 19
 621 3324 4
 622 7470 9
 623 1658 2
 624 3312 4
 625 15713 19
 626 4956 6
 627 13200 16
 628 7416 9
 629 13168 16
 630 1644 2
 631 9852 12
 632 1640 2
 633 14742 18
 634 8180 10
 635 4085 5
 636 9792 12
 637 12225 15
 638 12210 15
 639 5691 7
 640 2436 3
 641 8921 11
 642 810 1
 643 10517 13
 644 8888 11
 645 12912 16
 646 8060 10
 647 3220 4
 648 13668 17
 649 13651 17
 650 15238 19
 651 2403 3
 652 8000 10
 653 3196 4
 654 11970 15
 655 6376 8
 656 15124 19
 657 11130 14
 658 10322 13
 659 8723 11
 660 8712 11
 661 791 1
 662 11850 15
 663 7890 10
 664 11820 15
 665 14166 18
 666 2358 3
 667 9420 12
 668 14112 18
 669 14877 19
 670 3910 5
 671 2343 3
 672 1560 2
 673 5453 7
 674 5446 7
 675 11655 15
 676 9312 12
 677 12400 16
 678 8514 11
 679 14687 19
 680 772 1
 681 12336 16
 682 6160 8
 683 3845 5
 684 2304 3
 685 3068 4
 686 4596 6
 687 3825 5
 688 5348 7
 689 1526 2
 690 13716 18
 691 761 1
 692 4560 6
 693 10626 14
 694 1516 2
 695 13626 18
 696 10584 14
 697 13590 18
 698 5278 7
 699 9036 12
 700 12032 16
 701 1502 2
 702 13500 18
 703 11235 15
 704 11968 16
 705 11205 15
 706 8206 11
 707 14900 20
 708 14136 19
 709 9659 13
 710 13356 18
 711 12597 17
 712 6660 9
 713 8129 11
 714 1476 2
 715 11055 15
 716 7360 10
 717 14700 20
 718 9542 13
 719 10995 15
 720 1464 2
 721 10965 15
 722 9490 13
 723 3645 5
 724 2184 3
 725 9451 13
 726 2178 3
 727 2900 4
 728 10136 14
 729 7230 10
 730 2888 4
 731 5768 8
 732 720 1
 733 10066 14
 734 1436 2
 735 2868 4
 736 1432 2
 737 5720 8
 738 4284 6
 739 10695 15
 740 4272 6
 741 12087 17
 742 8520 12
 743 8508 12
 744 708 1
 745 7777 11
 746 5648 8
 747 13395 19
 748 10560 15
 749 9139 13
 750 11934 17
 751 4907 7
 752 11900 17
 753 13281 19
 754 2094 3
 755 4182 6
 756 9744 14
 757 4170 6
 758 13186 19
 759 3465 5
 760 10380 15
 761 12438 18
 762 13800 20
 763 11024 16
 764 2752 4
 765 6870 10
 766 13034 19
 767 4795 7
 768 4104 6
 769 6830 10
 770 682 1
 771 6810 10
 772 13600 20
 773 3395 5
 774 8814 13
 775 12863 19
 776 9464 14
 777 10125 15
 778 12806 19
 779 13460 20
 780 10752 16
 781 2684 4
 782 12730 19
 783 8697 13
 784 4008 6
 785 3335 5
 786 7326 11
 787 11305 17
 788 12616 19
 789 1989 3
 790 11254 17
 791 9254 14
 792 3300 5
 793 1318 2
 794 7238 11
 795 5913 9
 796 11808 18
 797 8515 13
 798 1308 2
 799 8489 13
 800 4564 7
 801 9765 15
 802 10400 16
 803 6490 10
 804 11664 18
 805 7764 12
 806 3230 5
 807 10320 16
 808 1288 2
 809 6430 10
 810 3852 6
 811 11538 18
 812 2560 4
 813 2556 4
 814 5104 8
 815 1911 3
 816 5088 8
 817 12700 20
 818 12680 20
 819 9495 15
 820 3160 5
 821 11989 19
 822 11970 19
 823 11951 19
 824 8164 13
 825 4389 7
 826 5634 9
 827 12500 20
 828 11856 19
 829 9968 16
 830 3110 5
 831 9315 15
 832 10540 17
 833 8666 14
 834 4944 8
 835 7404 12
 836 5544 9
 837 4920 8
 838 3684 6
 839 6130 10
 840 9180 15
 841 5499 9
 842 9150 15
 843 6699 11
 844 1824 3
 845 607 1
 846 2424 4
 847 3630 6
 848 9060 15
 849 11457 19
 850 7224 12
 851 1202 2
 852 9000 15
 853 8386 14
 854 4784 8
 855 2985 5
 856 7748 13
 857 10115 17
 858 7722 13
 859 5930 10
 860 9472 16
 861 5910 10
 862 4130 7
 863 1178 2
 864 1764 3
 865 8218 14
 866 586 1
 867 1170 2
 868 10512 18
 869 2332 4
 870 7566 13
 871 4648 8
 872 11600 20
 873 9843 17
 874 5780 10
 875 9809 17
 876 8640 15
 877 9775 17
 878 1722 3
 879 2292 4
 880 8008 14
 881 3426 6
 882 11400 20
 883 7397 13
 884 9088 16
 885 1701 3
 886 10188 18
 887 10735 19
 888 8460 15
 889 5630 10
 890 1124 2
 891 1683 3
 892 3920 7
 893 8385 15
 894 10602 19
 895 5013 9
 896 6116 11
 897 5550 10
 898 4986 9
 899 2765 5
 900 8832 16
 901 4959 9
 902 9350 17
 903 1647 3
 904 1644 3
 905 1641 3
 906 3276 6
 907 545 1
 908 7072 13
 909 3801 7
 910 2168 4
 911 8656 16
 912 5940 11
 913 7546 14
 914 10760 20
 915 9129 17
 916 3752 7
 917 3745 7
 918 1602 3
 919 7995 15
 920 4256 8
 921 3186 6
 922 3180 6
 923 10051 19
 924 9504 18
 925 5797 11
 926 526 1
 927 2625 5
 928 1572 3
 929 4707 9
 930 8874 17
 931 6773 13
 932 7280 14
 933 5190 10
 934 1036 2
 935 7238 14
 936 9288 18
 937 1030 2
 938 1028 2
 939 5643 11
 940 4608 9
 941 7154 14
 942 10200 20
 943 1527 3
 944 8128 16
 945 5577 11
 946 5060 10
 947 10100 20
 948 9072 18
 949 7042 14
 950 1004 2
 951 4008 8
 952 1500 3
 953 9481 19
 954 1494 3
 955 2485 5
 956 3472 7
 957 6930 14
 958 3952 8
 959 1479 3
 960 4920 10
 961 3928 8
 962 980 2
 963 7824 16
 964 9760 20
 965 974 2
 966 6804 14
 967 6305 13
 968 1936 4
 969 1932 4
 970 1446 3
 971 4329 9
 972 4320 9
 973 7664 16
 974 7170 15
 975 9540 20
 976 6188 13
 977 3325 7
 978 1422 3
 979 2838 6
 980 8024 17
 981 8007 17
 982 3760 8
 983 6566 14
 984 2808 6
 985 8406 18
 986 4660 10
 987 5115 11
 988 9280 20
 989 9260 20
 990 2772 6
 991 5071 11
 992 5520 12
 993 4131 9
 994 1832 4
 995 3199 7
 996 9120 20
 997 6825 15
 998 3632 8
 999 453 1
 1000 5424 12
 1001 5412 12
 1002 7200 16
 1003 2694 6
 1004 448 1
 1005 447 1
 1006 3122 7
 1007 1335 3
 1008 1776 4
 1009 3544 8
 1010 442 1
 1011 2205 5
 1012 3520 8
 1013 7463 17
 1014 4818 11
 1015 874 2
 1016 7848 18
 1017 5655 13
 1018 3906 9
 1019 1299 3
 1020 4320 10
 1021 5172 12
 1022 4730 11
 1023 429 1
 1024 7704 18
 1025 2989 7
 1026 3834 9
 1027 850 2
 1028 6360 15
 1029 4653 11
 1030 6330 15
 1031 1263 3
 1032 4200 10
 1033 3352 8
 1034 3344 8
 1035 1668 4
 1036 5408 13
 1037 6640 16
 1038 2484 6
 1039 3717 9
 1040 3296 8
 1041 1233 3
 1042 8200 20
 1043 4908 12
 1044 5712 14
 1045 5291 13
 1046 812 2
 1047 5670 14
 1048 5252 13
 1049 4030 10
 1050 4422 11
 1051 8020 20
 1052 4800 12
 1053 798 2
 1054 796 2
 1055 5161 13
 1056 6336 16
 1057 3555 9
 1058 3546 9
 1059 6288 16
 1060 4312 11
 1061 5865 15
 1062 4680 12
 1063 5446 14
 1064 776 2
 1065 1161 3
 1066 6176 16
 1067 7315 19
 1068 5760 15
 1069 2681 7
 1070 3820 10
 1071 6096 16
 1072 2660 7
 1073 4169 11
 1074 2268 6
 1075 2639 7
 1076 5640 15
 1077 4875 13
 1078 3366 9
 1079 6341 17
 1080 7440 20
 1081 371 1
 1082 5550 15
 1083 4059 11
 1084 3312 9
 1085 1101 3
 1086 1464 4
 1087 6205 17
 1088 7280 20
 1089 6534 18
 1090 1810 5
 1091 361 1
 1092 6120 17
 1093 2513 7
 1094 716 2
 1095 3570 10
 1096 4984 14
 1097 7100 20
 1098 4602 13
 1099 353 1
 1100 2112 6
 1101 2808 8
 1102 5950 17
 1103 2094 6
 1104 5916 17
 1105 4164 12
 1106 346 1
 1107 1725 5
 1108 3096 9
 1109 6174 18
 1110 5814 17
 1111 6820 20
 1112 2720 8
 1113 339 1
 1114 676 2
 1115 6403 19
 1116 4704 14
 1117 4690 14
 1118 4008 12
 1119 5328 16
 1120 2988 9
 1121 2317 7
 1122 3630 11
 1123 3619 11
 1124 328 1
 1125 2616 8
 1126 4890 15
 1127 3900 12
 1128 4536 14
 1129 4522 14
 1130 5796 18
 1131 1926 6
 1132 4480 14
 1133 4466 14
 1134 4770 15
 1135 2219 7
 1136 1264 4
 1137 2205 7
 1138 3454 11
 1139 2191 7
 1140 4680 15
 1141 1555 5
 1142 2790 9
 1143 1545 5
 1144 308 1
 1145 2763 9
 1146 3366 11
 1147 3050 10
 1148 5472 18
 1149 2424 8
 1150 1208 4
 1151 3010 10
 1152 5700 19
 1153 2990 10
 1154 4768 16
 1155 297 1
 1156 5920 20
 1157 3835 13
 1158 882 3
 1159 1172 4
 1160 1752 6
 1161 4074 14
 1162 3770 13
 1163 3468 12
 1164 576 2
 1165 287 1
 1166 1430 5
 1167 5130 18
 1168 2272 8
 1169 1981 7
 1170 282 1
 1171 3091 11
 1172 2240 8
 1173 4185 15
 1174 556 2
 1175 3878 14
 1176 1380 5
 1177 1925 7
 1178 1096 4
 1179 4914 18
 1180 4624 17
 1181 4336 16
 1182 3510 13
 1183 4573 17
 1184 2680 10
 1185 1602 6
 1186 2394 9
 1187 2120 8
 1188 3696 14
 1189 1578 6
 1190 3668 14
 1191 4698 18
 1192 2600 10
 1193 5180 20
 1194 3612 14
 1195 4626 18
 1196 4864 19
 1197 3570 14
 1198 3302 13
 1199 4301 17
 1200 3528 14
 1201 3012 12
 1202 3750 15
 1203 1494 6
 1204 496 2
 1205 988 4
 1206 1968 8
 1207 1715 7
 1208 3172 13
 1209 3888 16
 1210 2904 12
 1211 1446 6
 1212 1200 5
 1213 4302 18
 1214 3808 16
 1215 4266 18
 1216 2124 9
 1217 235 1
 1218 1638 7
 1219 2796 12
 1220 928 4
 1221 693 3
 1222 4140 18
 1223 4351 19
 1224 3648 16
 1225 2497 11
 1226 904 4
 1227 2025 9
 1228 3136 14
 1229 1115 5
 1230 2886 13
 1231 3094 14
 1232 1540 7
 1233 219 1
 1234 2616 12
 1235 2170 10
 1236 2376 11
 1237 430 2
 1238 2996 14
 1239 639 3
 1240 212 1
 1241 4220 20
 1242 3570 17
 1243 3344 16
 1244 1040 5
 1245 2898 14
 1246 206 1
 1247 1230 6
 1248 1224 6
 1249 1421 7
 1250 1414 7
 1251 1407 7
 1252 1200 6
 1253 2388 12
 1254 1584 8
 1255 1576 8
 1256 784 4
 1257 780 4
 1258 3492 18
 1259 3860 20
 1260 1728 9
 1261 573 3
 1262 2090 11
 1263 189 1
 1264 3196 17
 1265 561 3
 1266 2418 13
 1267 3700 20
 1268 736 4
 1269 183 1
 1270 1092 6
 1271 1629 9
 1272 2520 14
 1273 2148 12
 1274 1602 9
 1275 3540 20
 1276 880 5
 1277 525 3
 1278 174 1
 1279 2076 12
 1280 1720 10
 1281 3249 19
 1282 1870 11
 1283 845 5
 1284 2856 17
 1285 2672 16
 1286 2324 14
 1287 165 1
 1288 1804 11
 1289 163 1
 1290 1296 8
 1291 2898 18
 1292 2880 18
 1293 2862 18
 1294 1264 8
 1295 2512 16
 1296 2028 13
 1297 1240 8
 1298 1232 8
 1299 2295 15
 1300 3040 20
 1301 1661 11
 1302 1500 10
 1303 2086 14
 1304 1480 10
 1305 1617 11
 1306 2920 20
 1307 2465 17
 1308 1008 7
 1309 1573 11
 1310 2414 17
 1311 1692 12
 1312 1260 9
 1313 2224 16
 1314 1932 14
 1315 2192 16
 1316 2176 16
 1317 405 3
 1318 1742 13
 1319 2261 17
 1320 1980 15
 1321 2620 20
 1322 1560 12
 1323 516 4
 1324 1280 10
 1325 1397 11
 1326 2394 19
 1327 1500 12
 1328 1116 9
 1329 246 2
 1330 854 7
 1331 968 8
 1332 1680 14
 1333 833 7
 1334 1534 13
 1335 1872 16
 1336 1508 13
 1337 575 5
 1338 1140 10
 1339 1130 10
 1340 224 2
 1341 1332 12
 1342 440 4
 1343 1962 18
 1344 432 4
 1345 535 5
 1346 2014 19
 1347 420 4
 1348 1144 11
 1349 1854 18
 1350 204 2
 1351 1010 10
 1352 1400 14
 1353 1386 14
 1354 1470 15
 1355 679 7
 1356 96 1
 1357 190 2
 1358 564 6
 1359 93 1
 1360 92 1
 1361 1547 17
 1362 630 7
 1363 1602 18
 1364 1496 17
 1365 261 3
 1366 86 1
 1367 340 4
 1368 588 7
 1369 498 6
 1370 1230 15
 1371 243 3
 1372 320 4
 1373 553 7
 1374 312 4
 1375 1078 14
 1376 456 6
 1377 225 3
 1378 1036 14
 1379 365 5
 1380 288 4
 1381 781 11
 1382 350 5
 1383 897 13
 1384 612 9
 1385 1072 16
 1386 1188 18
 1387 910 14
 1388 704 11
 1389 1134 18
 1390 930 15
 1391 549 9
 1392 240 4
 1393 708 12
 1394 1102 19
 1395 627 11
 1396 784 14
 1397 275 5
 1398 918 17
 1399 742 14
 1400 416 8
 1401 102 2
 1402 1000 20
 1403 392 8
 1404 768 16
 1405 893 19
 1406 552 12
 1407 90 2
 1408 616 14
 1409 860 20
 1410 420 10
 1411 492 12
 1412 280 7
 1413 351 9
 1414 456 12
 1415 555 15
 1416 684 19
 1417 595 17
 1418 442 13
 1419 33 1
 1420 384 12
 1421 93 3
 1422 60 2
 1423 319 11
 1424 112 4
 1425 351 13
 1426 260 10
 1427 50 2
 1428 96 4
 1429 276 12
 1430 66 3
 1431 399 19
 1432 20 1
 1433 95 5
 1434 54 3
 1435 34 2
 1436 192 12
 1437 75 5
 1438 154 11
 1439 78 6
 1440 216 18
 1441 209 19
 1442 30 3
 1443 99 11
 1444 24 3
 1445 98 14
 1446 42 7
 1447 35 7
 1448 12 3
 1449 60 20
 1450 16 8
 1451 7 7
10157