1670
 1 10020 6
 2 8345 5
 3 26688 16
 4 6668 4
 5 24990 15
 6 14985 9
 7 23296 14
 8 33260 20
 9 18282 11
 10 4983 3
 11 11620 7
 12 4977 3
 13 11606 7
 14 3314 2
 15 16560 10
 16 21515 13
 17 19848 12
 18 1653 1
 19 6608 4
 20 19812 12
 21 23100 14
 22 24735 15
 23 9888 6
 24 29646 18
 25 4938 3
 26 6580 4
 27 11508 7
 28 27931 17
 29 8210 5
 30 8205 5
 31 21320 13
 32 27863 17
 33 6552 4
 34 18007 11
 35 9816 6
 36 4905 3
 37 14706 9
 38 8165 5
 39 24480 15
 40 19572 12
 41 24450 15
 42 17919 11
 43 9768 6
 44 14643 9
 45 13008 8
 46 29250 18
 47 30856 19
 48 24345 15
 49 30818 19
 50 9726 6
 51 27540 17
 52 4857 3
 53 29124 18
 54 27489 17
 55 17776 11
 56 19380 12
 57 30666 19
 58 3226 2
 59 3224 2
 60 19332 12
 61 14490 9
 62 16090 10
 63 24120 15
 64 27319 17
 65 4818 3
 66 4815 3
 67 16040 10
 68 9618 6
 69 20826 13
 70 16010 10
 71 11200 7
 72 12792 8
 73 17578 11
 74 3194 2
 75 17556 11
 76 17545 11
 77 27098 17
 78 12744 8
 79 14328 9
 80 27047 17
 81 11130 7
 82 30191 19
 83 20644 13
 84 6348 4
 85 22204 14
 86 7925 5
 87 9504 6
 88 15830 10
 89 26894 17
 90 28458 18
 91 1580 1
 92 12632 8
 93 9468 6
 94 11039 7
 95 17336 11
 96 11025 7
 97 9444 6
 98 1573 1
 99 31440 20
 100 15710 10
 101 7850 5
 102 15690 10
 103 4704 3
 104 18804 12
 105 29754 19
 106 29735 19
 107 25024 16
 108 7815 5
 109 12496 8
 110 9366 6
 111 24960 16
 112 24944 16
 113 14022 9
 114 10899 7
 115 26452 17
 116 24880 16
 117 24864 16
 118 31060 20
 119 18624 12
 120 23265 15
 121 7750 5
 122 23235 15
 123 12384 8
 124 18564 12
 125 21644 14
 126 27810 18
 127 16984 11
 128 6172 4
 129 15420 10
 130 16951 11
 131 7700 5
 132 21546 14
 133 21532 14
 134 21518 14
 135 27648 18
 136 1535 1
 137 27612 18
 138 7665 5
 139 18384 12
 140 3062 2
 141 21420 14
 142 25993 17
 143 12224 8
 144 27486 18
 145 28994 19
 146 19825 13
 147 12192 8
 148 12184 8
 149 19786 13
 150 25857 17
 151 6080 4
 152 30380 20
 153 12144 8
 154 28823 19
 155 12128 8
 156 30300 20
 157 6056 4
 158 22695 15
 159 12096 8
 160 10577 7
 161 3020 2
 162 22635 15
 163 27144 18
 164 3014 2
 165 28614 19
 166 28595 19
 167 15040 10
 168 19539 13
 169 7510 5
 170 9006 6
 171 15000 10
 172 23984 16
 173 29960 20
 174 29940 20
 175 7480 5
 176 2990 2
 177 23904 16
 178 8958 6
 179 14920 10
 180 10437 7
 181 11920 8
 182 11912 8
 183 19344 13
 184 17844 12
 185 11888 8
 186 19305 13
 187 13356 9
 188 22245 15
 189 22230 15
 190 2962 2
 191 8880 6
 192 11832 8
 193 8868 6
 194 17724 12
 195 29520 20
 196 23600 16
 197 10318 7
 198 27987 19
 199 29440 20
 200 8826 6
 201 29400 20
 202 10283 7
 203 27892 19
 204 26406 18
 205 7330 5
 206 13185 9
 207 17568 12
 208 1463 1
 209 24854 17
 210 17532 12
 211 1460 1
 212 16049 11
 213 8748 6
 214 10199 7
 215 16016 11
 216 13095 9
 217 24718 17
 218 10171 7
 219 7260 5
 220 20314 14
 221 8700 6
 222 26082 18
 223 21720 15
 224 23152 16
 225 20244 14
 226 20230 14
 227 15884 11
 228 1443 1
 229 11536 8
 230 4323 3
 231 14400 10
 232 11512 8
 233 11504 8
 234 15807 11
 235 25848 18
 236 4305 3
 237 18642 13
 238 12897 9
 239 20048 14
 240 7155 5
 241 4290 3
 242 17148 12
 243 9996 7
 244 8562 6
 245 14260 10
 246 24225 17
 247 24208 17
 248 28460 20
 249 1422 1
 250 11368 8
 251 14200 10
 252 4257 3
 253 9926 7
 254 22672 16
 255 2832 2
 256 1415 1
 257 14140 10
 258 7065 5
 259 19768 14
 260 7055 5
 261 1410 1
 262 7045 5
 263 25344 18
 264 28140 20
 265 2812 2
 266 19670 14
 267 4212 3
 268 1403 1
 269 8412 6
 270 28020 20
 271 28000 20
 272 22384 16
 273 27960 20
 274 20955 15
 275 4188 3
 276 26505 19
 277 23698 17
 278 1393 1
 279 6960 5
 280 22256 16
 281 1390 1
 282 2778 2
 283 26372 19
 284 22192 16
 285 5544 4
 286 4155 3
 287 24912 18
 288 22128 16
 289 22112 16
 290 1381 1
 291 23460 17
 292 23443 17
 293 17914 13
 294 5508 4
 295 17888 13
 296 4125 3
 297 1374 1
 298 24714 18
 299 9604 7
 300 12339 9
 301 27400 20
 302 15059 11
 303 19152 14
 304 13670 10
 305 12294 9
 306 19110 14
 307 21824 16
 308 16356 12
 309 20430 15
 310 9527 7
 311 13600 10
 312 25821 19
 313 23086 17
 314 25783 19
 315 20340 15
 316 16260 12
 317 21664 16
 318 1353 1
 319 24336 18
 320 20265 15
 321 27000 20
 322 2698 2
 323 6740 5
 324 26940 20
 325 22882 17
 326 21520 16
 327 22848 17
 328 25517 19
 329 20130 15
 330 10728 8
 331 25460 19
 332 14729 11
 333 14718 11
 334 14707 11
 335 6680 5
 336 24030 18
 337 20010 15
 338 2666 2
 339 10656 8
 340 25289 19
 341 26600 20
 342 10632 8
 343 23904 18
 344 7962 6
 345 11934 9
 346 1325 1
 347 1324 1
 348 26460 20
 349 22474 17
 350 5284 4
 351 14520 11
 352 18466 14
 353 1318 1
 354 2634 2
 355 1316 1
 356 22355 17
 357 5256 4
 358 5252 4
 359 24928 19
 360 13110 10
 361 9170 7
 362 26180 20
 363 7848 6
 364 23526 18
 365 23508 18
 366 13050 10
 367 5216 4
 368 6515 5
 369 7812 6
 370 18214 14
 371 18200 14
 372 20784 16
 373 16874 13
 374 6485 5
 375 20736 16
 376 19425 15
 377 15528 12
 378 19395 15
 379 1292 1
 380 5164 4
 381 11610 9
 382 9023 7
 383 16744 13
 384 21879 17
 385 24434 19
 386 10280 8
 387 14124 11
 388 1283 1
 389 14102 11
 390 19215 15
 391 20480 16
 392 3837 3
 393 6390 5
 394 5108 4
 395 3828 3
 396 16575 13
 397 19110 15
 398 16549 13
 399 22896 18
 400 20336 16
 401 13970 11
 402 3807 3
 403 17752 14
 404 11403 9
 405 6330 5
 406 21505 17
 407 5056 4
 408 5052 4
 409 8834 7
 410 23959 19
 411 6300 5
 412 11331 9
 413 6290 5
 414 17598 14
 415 20096 16
 416 16315 13
 417 25080 20
 418 10024 8
 419 20032 16
 420 6255 5
 421 13750 11
 422 6245 5
 423 22464 18
 424 6235 5
 425 12460 10
 426 1245 1
 427 11196 9
 428 14916 12
 429 24840 20
 430 1241 1
 431 8680 7
 432 9912 8
 433 3714 3
 434 13607 11
 435 3708 3
 436 23465 19
 437 9872 8
 438 19728 16
 439 6160 5
 440 6155 5
 441 13530 11
 442 24580 20
 443 8596 7
 444 20859 17
 445 2452 2
 446 2450 2
 447 6120 5
 448 15899 13
 449 10998 9
 450 19536 16
 451 18300 15
 452 15847 13
 453 12180 10
 454 21906 18
 455 1216 1
 456 13365 11
 457 1214 1
 458 6065 5
 459 19392 16
 460 2422 2
 461 18150 15
 462 13299 11
 463 7248 6
 464 4828 4
 465 2412 2
 466 19280 16
 467 22876 19
 468 24060 20
 469 4808 4
 470 24020 20
 471 1200 1
 472 22781 19
 473 20366 17
 474 19152 16
 475 16744 14
 476 15535 13
 477 10746 9
 478 21474 18
 479 21456 18
 480 13101 11
 481 17850 15
 482 9512 8
 483 5940 5
 484 7122 6
 485 10674 9
 486 23700 20
 487 4736 4
 488 20111 17
 489 9456 8
 490 3543 3
 491 23600 20
 492 8253 7
 493 2356 2
 494 23540 20
 495 2352 2
 496 1175 1
 497 3522 3
 498 5865 5
 499 19924 17
 500 15223 13
 501 14040 12
 502 21042 18
 503 21024 18
 504 14004 12
 505 23320 20
 506 23300 20
 507 16296 14
 508 8141 7
 509 5810 5
 510 16254 14
 511 12760 11
 512 3477 3
 513 5790 5
 514 6942 6
 515 19652 17
 516 6930 6
 517 2308 2
 518 12683 11
 519 10368 9
 520 4604 4
 521 11500 10
 522 6894 6
 523 8036 7
 524 9176 8
 525 2292 2
 526 13740 12
 527 17160 15
 528 1143 1
 529 1142 1
 530 12551 11
 531 9120 8
 532 1139 1
 533 6828 6
 534 10233 9
 535 2272 2
 536 11350 10
 537 9072 8
 538 3399 3
 539 18112 16
 540 5655 5
 541 18080 16
 542 1129 1
 543 10152 9
 544 12397 11
 545 13512 12
 546 21375 19
 547 11240 10
 548 7861 7
 549 11220 10
 550 21299 19
 551 6720 6
 552 3357 3
 553 8944 8
 554 11170 10
 555 13392 12
 556 3345 3
 557 5570 5
 558 10017 9
 559 15568 14
 560 3333 3
 561 21090 19
 562 3327 3
 563 18836 17
 564 12177 11
 565 6636 6
 566 14365 13
 567 9936 9
 568 14339 13
 569 22040 20
 570 7707 7
 571 3300 3
 572 18683 17
 573 1098 1
 574 7679 7
 575 13152 12
 576 14235 13
 577 4376 4
 578 18581 17
 579 17472 16
 580 5455 5
 581 15260 14
 582 4356 4
 583 19584 18
 584 3261 3
 585 5430 5
 586 17360 16
 587 6504 6
 588 12996 12
 589 6492 6
 590 5405 5
 591 2160 2
 592 17264 16
 593 10780 10
 594 18309 17
 595 16140 15
 596 7525 7
 597 3222 3
 598 5365 5
 599 17152 16
 600 11781 11
 601 20330 19
 602 21380 20
 603 19224 18
 604 16005 15
 605 10660 10
 606 13845 13
 607 11704 11
 608 12756 12
 609 19116 18
 610 19098 18
 611 5300 5
 612 4236 4
 613 5290 5
 614 20083 19
 615 15840 15
 616 18990 18
 617 17918 17
 618 10530 10
 619 3156 3
 620 6306 6
 621 15750 15
 622 13637 13
 623 18864 18
 624 4188 4
 625 13598 13
 626 16720 16
 627 2088 2
 628 20860 20
 629 11462 11
 630 2082 2
 631 10400 10
 632 5195 5
 633 10380 10
 634 8296 8
 635 19684 19
 636 20700 20
 637 14476 14
 638 8264 8
 639 13416 13
 640 1031 1
 641 6180 6
 642 3087 3
 643 15420 15
 644 15405 15
 645 5130 5
 646 6150 6
 647 5120 5
 648 1023 1
 649 16352 16
 650 19399 19
 651 10200 10
 652 20380 20
 653 15270 15
 654 9153 9
 655 1016 1
 656 1015 1
 657 4056 4
 658 17221 17
 659 17204 17
 660 11121 11
 661 15150 15
 662 6054 6
 663 5040 5
 664 14098 14
 665 5030 5
 666 13065 13
 667 11044 11
 668 11033 11
 669 13026 13
 670 6006 6
 671 15000 15
 672 19980 20
 673 18962 19
 674 1994 2
 675 9960 10
 676 12935 13
 677 3976 4
 678 15888 16
 679 8928 9
 680 3964 4
 681 990 1
 682 16813 17
 683 15808 16
 684 10857 11
 685 15776 16
 686 2955 3
 687 12792 13
 688 10813 11
 689 982 1
 690 4905 5
 691 12740 13
 692 16643 17
 693 15648 16
 694 11724 12
 695 11712 12
 696 15600 16
 697 19480 20
 698 7784 8
 699 6804 7
 700 1942 2
 701 2910 3
 702 7752 8
 703 15488 16
 704 12571 13
 705 966 1
 706 4825 5
 707 11568 12
 708 8667 9
 709 18278 19
 710 7688 8
 711 1920 2
 712 12467 13
 713 17244 18
 714 8613 9
 715 1912 2
 716 7640 8
 717 10494 11
 718 12389 13
 719 18088 19
 720 11412 12
 721 10450 11
 722 13286 14
 723 15168 16
 724 17046 18
 725 6622 7
 726 16065 17
 727 1888 2
 728 1886 2
 729 4710 5
 730 17879 19
 731 13160 14
 732 939 1
 733 4690 5
 734 1874 2
 735 10296 11
 736 18700 20
 737 5604 6
 738 6531 7
 739 8388 9
 740 2793 3
 741 13950 15
 742 18580 20
 743 1856 2
 744 7416 8
 745 5556 6
 746 8325 9
 747 10164 11
 748 17537 19
 749 8298 9
 750 921 1
 751 11960 13
 752 8271 9
 753 12852 14
 754 14672 16
 755 13740 15
 756 6405 7
 757 16452 18
 758 16434 18
 759 14592 16
 760 12754 14
 761 3640 4
 762 11817 13
 763 908 1
 764 2721 3
 765 7248 8
 766 14480 16
 767 2712 3
 768 18060 20
 769 9922 11
 770 15317 17
 771 17100 19
 772 10788 12
 773 10776 12
 774 5382 6
 775 14336 16
 776 3580 4
 777 15198 17
 778 12502 14
 779 3568 4
 780 8910 10
 781 10680 12
 782 16002 18
 783 12432 14
 784 15079 17
 785 13290 15
 786 2655 3
 787 5304 6
 788 13245 15
 789 8820 10
 790 4405 5
 791 1760 2
 792 9669 11
 793 13170 15
 794 8770 10
 795 8760 10
 796 10500 12
 797 15732 18
 798 13095 15
 799 15696 18
 800 6097 7
 801 4350 5
 802 869 1
 803 3472 4
 804 17340 20
 805 12124 14
 806 14705 17
 807 17280 20
 808 863 1
 809 1724 2
 810 4305 5
 811 6020 7
 812 15462 18
 813 11154 13
 814 5999 7
 815 5992 7
 816 11970 14
 817 12810 15
 818 5971 7
 819 14484 17
 820 12765 15
 821 2550 3
 822 1698 2
 823 7632 9
 824 16093 19
 825 8460 10
 826 13520 16
 827 8440 10
 828 12645 15
 829 14314 17
 830 5887 7
 831 9240 11
 832 839 1
 833 13408 16
 834 16740 20
 835 2508 3
 836 11690 14
 837 3336 4
 838 8330 10
 839 4160 5
 840 1662 2
 841 4150 5
 842 14922 18
 843 3312 4
 844 7443 9
 845 11564 14
 846 6600 8
 847 5768 7
 848 1646 2
 849 5754 7
 850 6568 8
 851 11480 14
 852 16380 20
 853 12270 15
 854 4085 5
 855 8160 10
 856 5705 7
 857 15466 19
 858 9756 12
 859 1624 2
 860 8921 11
 861 4860 6
 862 809 1
 863 15352 19
 864 8070 10
 865 11284 14
 866 11270 14
 867 16080 20
 868 14454 18
 869 8822 11
 870 801 1
 871 2400 3
 872 15980 20
 873 11172 14
 874 13549 17
 875 4776 6
 876 6360 8
 877 3970 5
 878 4758 6
 879 792 1
 880 12656 16
 881 9480 12
 882 13413 17
 883 8668 11
 884 2361 3
 885 11790 15
 886 3140 4
 887 2352 3
 888 8613 11
 889 7038 9
 890 7810 10
 891 15600 20
 892 15580 20
 893 14782 19
 894 11655 15
 895 8536 11
 896 9300 12
 897 13158 17
 898 14687 19
 899 15440 20
 900 3855 5
 901 10010 13
 902 7690 10
 903 6144 8
 904 8437 11
 905 12256 16
 906 4590 6
 907 3056 4
 908 9919 13
 909 9906 13
 910 1522 2
 911 7600 10
 912 3036 4
 913 3032 4
 914 8327 11
 915 13608 18
 916 9815 13
 917 3770 5
 918 6777 9
 919 3008 4
 920 2253 3
 921 2250 3
 922 4494 6
 923 10472 14
 924 747 1
 925 5222 7
 926 11175 15
 927 4464 6
 928 743 1
 929 9646 13
 930 11115 15
 931 2960 4
 932 5912 8
 933 11070 15
 934 14003 19
 935 12512 17
 936 3675 5
 937 8808 12
 938 2199 3
 939 14640 20
 940 14620 20
 941 2190 3
 942 3645 5
 943 8736 12
 944 727 1
 945 10890 15
 946 2175 3
 947 7964 11
 948 2892 4
 949 2888 4
 950 10094 14
 951 1440 2
 952 3595 5
 953 12924 18
 954 7170 10
 955 12888 18
 956 12155 17
 957 2856 4
 958 12121 17
 959 9256 13
 960 7821 11
 961 14200 20
 962 4963 7
 963 10620 15
 964 4242 6
 965 2118 3
 966 2820 4
 967 12672 18
 968 4218 6
 969 7722 11
 970 2804 4
 971 11200 16
 972 699 1
 973 9074 13
 974 13243 19
 975 7656 11
 976 1390 2
 977 11798 17
 978 10395 15
 979 6228 9
 980 691 1
 981 9660 14
 982 6890 10
 983 6192 9
 984 10992 16
 985 2744 4
 986 2740 4
 987 2052 3
 988 8196 12
 989 12276 18
 990 12258 18
 991 12240 18
 992 4074 6
 993 1356 2
 994 13540 20
 995 7436 11
 996 10125 15
 997 4044 6
 998 12787 19
 999 12096 18
 1000 2684 4
 1001 5360 8
 1002 8697 13
 1003 11356 17
 1004 6003 9
 1005 4662 7
 1006 13300 20
 1007 3984 6
 1008 4641 7
 1009 1986 3
 1010 2644 4
 1011 6600 10
 1012 11203 17
 1013 7238 11
 1014 10512 16
 1015 7872 12
 1016 1965 3
 1017 1962 3
 1018 3918 6
 1019 5868 9
 1020 5208 8
 1021 12350 19
 1022 11033 17
 1023 648 1
 1024 12940 20
 1025 1292 2
 1026 2580 4
 1027 12880 20
 1028 2572 4
 1029 5136 8
 1030 3846 6
 1031 5760 9
 1032 12780 20
 1033 10208 16
 1034 12103 19
 1035 1908 3
 1036 6350 10
 1037 11412 18
 1038 12027 19
 1039 9480 15
 1040 12620 20
 1041 8820 14
 1042 1887 3
 1043 628 1
 1044 10659 17
 1045 6886 11
 1046 11250 18
 1047 3744 6
 1048 2492 4
 1049 4976 8
 1050 3726 6
 1051 12400 20
 1052 9285 15
 1053 9888 16
 1054 7404 12
 1055 7392 12
 1056 7995 13
 1057 11052 18
 1058 1226 2
 1059 12240 20
 1060 3666 6
 1061 7320 12
 1062 5481 9
 1063 3040 5
 1064 9105 15
 1065 606 1
 1066 7260 12
 1067 1812 3
 1068 9648 16
 1069 12040 20
 1070 9616 16
 1071 7800 13
 1072 2995 5
 1073 11362 19
 1074 7761 13
 1075 11324 19
 1076 11305 19
 1077 5940 10
 1078 8895 15
 1079 1184 2
 1080 11820 20
 1081 3540 6
 1082 1178 2
 1083 7644 13
 1084 7631 13
 1085 8204 14
 1086 11115 19
 1087 2336 4
 1088 10494 18
 1089 8730 15
 1090 7553 13
 1091 580 1
 1092 11001 19
 1093 2312 4
 1094 2885 5
 1095 4608 8
 1096 9200 16
 1097 6314 11
 1098 4011 7
 1099 5148 9
 1100 11420 20
 1101 2280 4
 1102 3414 6
 1103 6248 11
 1104 5103 9
 1105 9622 17
 1106 3955 7
 1107 3384 6
 1108 563 1
 1109 6182 11
 1110 5610 10
 1111 560 1
 1112 3354 6
 1113 7254 13
 1114 557 1
 1115 7784 14
 1116 1110 2
 1117 1662 3
 1118 6636 12
 1119 4968 9
 1120 4959 9
 1121 8800 16
 1122 4392 8
 1123 6028 11
 1124 7658 14
 1125 4368 8
 1126 9810 18
 1127 5440 10
 1128 10317 19
 1129 4336 8
 1130 7033 13
 1131 10260 19
 1132 539 1
 1133 8070 15
 1134 3222 6
 1135 6432 12
 1136 8025 15
 1137 2136 4
 1138 9594 18
 1139 1596 3
 1140 9027 17
 1141 1060 2
 1142 1587 3
 1143 2640 5
 1144 5797 11
 1145 5260 10
 1146 7875 15
 1147 5240 10
 1148 8891 17
 1149 3654 7
 1150 7294 14
 1151 7800 15
 1152 5190 10
 1153 7252 14
 1154 2068 4
 1155 6708 13
 1156 9785 19
 1157 6682 13
 1158 4617 9
 1159 2560 5
 1160 5110 10
 1161 9180 18
 1162 2545 5
 1163 9652 19
 1164 6084 12
 1165 1518 3
 1166 10100 20
 1167 7056 14
 1168 5030 10
 1169 9538 19
 1170 9519 19
 1171 5000 10
 1172 4491 9
 1173 9462 19
 1174 8946 18
 1175 5456 11
 1176 4950 10
 1177 3458 7
 1178 7888 16
 1179 7872 16
 1180 8838 18
 1181 7840 16
 1182 2445 5
 1183 2928 6
 1184 6818 14
 1185 4860 10
 1186 9700 20
 1187 3872 8
 1188 9660 20
 1189 5302 11
 1190 9620 20
 1191 3360 7
 1192 5748 12
 1193 478 1
 1194 7632 16
 1195 4760 10
 1196 8550 18
 1197 2370 5
 1198 5676 12
 1199 1416 3
 1200 4239 9
 1201 7050 15
 1202 8911 19
 1203 8424 18
 1204 6071 13
 1205 6058 13
 1206 9300 20
 1207 7888 17
 1208 7871 17
 1209 9240 20
 1210 8298 18
 1211 920 2
 1212 1377 3
 1213 8244 18
 1214 914 2
 1215 5472 12
 1216 3640 8
 1217 908 2
 1218 3171 7
 1219 2712 6
 1220 1804 4
 1221 9000 20
 1222 3592 8
 1223 8512 19
 1224 1788 4
 1225 5352 12
 1226 445 1
 1227 3108 7
 1228 1772 4
 1229 884 2
 1230 3528 8
 1231 6600 15
 1232 1756 4
 1233 7446 17
 1234 4807 11
 1235 872 2
 1236 7395 17
 1237 4774 11
 1238 6495 15
 1239 1296 3
 1240 2155 5
 1241 8170 19
 1242 8151 19
 1243 2996 7
 1244 5978 14
 1245 8094 19
 1246 8500 20
 1247 6784 16
 1248 423 1
 1249 422 1
 1250 4210 10
 1251 6720 16
 1252 4190 10
 1253 418 1
 1254 5421 13
 1255 5408 13
 1256 2490 6
 1257 2898 7
 1258 7847 19
 1259 8240 20
 1260 411 1
 1261 820 2
 1262 1636 4
 1263 1224 3
 1264 2849 7
 1265 2842 7
 1266 4050 10
 1267 7676 19
 1268 5642 14
 1269 402 1
 1270 6416 16
 1271 2800 7
 1272 6783 17
 1273 3980 10
 1274 4764 12
 1275 7920 20
 1276 4740 12
 1277 1182 3
 1278 4716 12
 1279 1176 3
 1280 1955 5
 1281 7410 19
 1282 4279 11
 1283 6984 18
 1284 387 1
 1285 3860 10
 1286 770 2
 1287 4224 11
 1288 2681 7
 1289 7258 19
 1290 5334 14
 1291 2280 6
 1292 6822 18
 1293 6426 17
 1294 4901 13
 1295 3384 9
 1296 1875 5
 1297 4114 11
 1298 5595 15
 1299 3720 10
 1300 5565 15
 1301 5180 14
 1302 3690 10
 1303 736 2
 1304 2202 6
 1305 2928 8
 1306 7300 20
 1307 6916 19
 1308 4356 12
 1309 3620 10
 1310 2527 7
 1311 2520 7
 1312 718 2
 1313 3580 10
 1314 4641 13
 1315 2848 8
 1316 6390 18
 1317 6726 19
 1318 6707 19
 1319 5632 16
 1320 5967 17
 1321 4200 12
 1322 4537 13
 1323 1392 4
 1324 2429 7
 1325 4498 13
 1326 1035 3
 1327 6536 19
 1328 5831 17
 1329 4788 14
 1330 1705 5
 1331 2380 7
 1332 1695 5
 1333 4732 14
 1334 4044 12
 1335 5376 16
 1336 3685 11
 1337 2004 6
 1338 4329 13
 1339 3320 10
 1340 5958 18
 1341 5940 18
 1342 5264 16
 1343 2624 8
 1344 6540 20
 1345 978 3
 1346 5525 17
 1347 1620 5
 1348 2584 8
 1349 5152 16
 1350 2889 9
 1351 1920 6
 1352 4147 13
 1353 4770 15
 1354 2219 7
 1355 2212 7
 1356 3150 10
 1357 4082 13
 1358 626 2
 1359 1248 4
 1360 4354 14
 1361 930 3
 1362 927 3
 1363 5544 18
 1364 3991 13
 1365 3978 13
 1366 3965 13
 1367 2736 9
 1368 2727 9
 1369 4530 15
 1370 2408 8
 1371 1200 4
 1372 2990 10
 1373 894 3
 1374 4455 15
 1375 5032 17
 1376 1475 5
 1377 2058 7
 1378 2637 9
 1379 5840 20
 1380 5820 20
 1381 1160 4
 1382 5780 20
 1383 864 3
 1384 861 3
 1385 858 3
 1386 855 3
 1387 3408 12
 1388 1132 4
 1389 2820 10
 1390 1686 6
 1391 280 1
 1392 1674 6
 1393 5560 20
 1394 3878 14
 1395 5244 19
 1396 4675 17
 1397 5206 19
 1398 273 1
 1399 544 2
 1400 3523 13
 1401 3240 12
 1402 1345 5
 1403 5092 19
 1404 3738 14
 1405 5054 19
 1406 530 2
 1407 4224 16
 1408 4997 19
 1409 4192 16
 1410 3393 13
 1411 4420 17
 1412 1554 6
 1413 4902 19
 1414 3598 14
 1415 2816 11
 1416 2295 9
 1417 3556 14
 1418 2024 8
 1419 4536 18
 1420 753 3
 1421 2500 10
 1422 3735 15
 1423 248 1
 1424 494 2
 1425 2460 10
 1426 3920 16
 1427 244 1
 1428 2430 10
 1429 2904 12
 1430 3374 14
 1431 1200 5
 1432 239 1
 1433 2142 9
 1434 1185 5
 1435 2596 11
 1436 1645 7
 1437 1404 6
 1438 4194 18
 1439 1392 6
 1440 3465 15
 1441 460 2
 1442 4122 18
 1443 3876 17
 1444 3178 14
 1445 1356 6
 1446 2700 12
 1447 2688 12
 1448 1784 8
 1449 444 2
 1450 1326 6
 1451 880 4
 1452 3504 16
 1453 4142 19
 1454 2821 13
 1455 2376 11
 1456 3010 14
 1457 642 3
 1458 1278 6
 1459 4028 19
 1460 2110 10
 1461 2100 10
 1462 3135 15
 1463 416 2
 1464 1656 8
 1465 2472 12
 1466 3485 17
 1467 3060 15
 1468 3248 16
 1469 2828 14
 1470 1407 7
 1471 3000 15
 1472 1791 9
 1473 1584 8
 1474 1576 8
 1475 2548 13
 1476 780 4
 1477 1940 10
 1478 1930 10
 1479 960 5
 1480 3056 16
 1481 3610 19
 1482 3213 17
 1483 3572 19
 1484 1309 7
 1485 3348 18
 1486 1665 9
 1487 2944 16
 1488 2379 13
 1489 2730 15
 1490 1086 6
 1491 1080 6
 1492 2506 14
 1493 1068 6
 1494 3186 18
 1495 3520 20
 1496 2275 13
 1497 2088 12
 1498 1903 11
 1499 2580 15
 1500 513 3
 1501 2720 16
 1502 1859 11
 1503 1344 8
 1504 2004 12
 1505 664 4
 1506 2145 13
 1507 492 3
 1508 3097 19
 1509 972 6
 1510 2576 16
 1511 1120 7
 1512 1908 12
 1513 3002 19
 1514 3140 20
 1515 2340 15
 1516 310 2
 1517 2772 18
 1518 2601 17
 1519 1672 11
 1520 2265 15
 1521 150 1
 1522 149 1
 1523 148 1
 1524 1470 10
 1525 2336 16
 1526 1160 8
 1527 1440 10
 1528 1430 10
 1529 2272 16
 1530 141 1
 1531 1680 12
 1532 2085 15
 1533 966 7
 1534 685 5
 1535 544 4
 1536 1080 8
 1537 804 6
 1538 1995 15
 1539 2244 17
 1540 2358 18
 1541 520 4
 1542 1935 15
 1543 1664 13
 1544 2413 19
 1545 882 7
 1546 2125 17
 1547 2108 17
 1548 246 2
 1549 1586 13
 1550 1694 14
 1551 2040 17
 1552 1309 11
 1553 1770 15
 1554 585 5
 1555 2088 18
 1556 1955 17
 1557 684 6
 1558 1017 9
 1559 1568 14
 1560 222 2
 1561 1980 18
 1562 109 1
 1563 1404 13
 1564 1284 12
 1565 1272 12
 1566 1470 14
 1567 1976 19
 1568 1236 12
 1569 306 3
 1570 404 4
 1571 2000 20
 1572 1485 15
 1573 1568 16
 1574 485 5
 1575 1824 19
 1576 1140 12
 1577 376 4
 1578 837 9
 1579 644 7
 1580 1183 13
 1581 1260 14
 1582 890 10
 1583 528 6
 1584 522 6
 1585 1720 20
 1586 1105 13
 1587 420 5
 1588 747 9
 1589 1394 17
 1590 324 4
 1591 400 5
 1592 474 6
 1593 468 6
 1594 539 7
 1595 1520 20
 1596 1425 19
 1597 370 5
 1598 1460 20
 1599 1368 19
 1600 71 1
 1601 1330 19
 1602 1380 20
 1603 476 7
 1604 1273 19
 1605 594 9
 1606 1105 17
 1607 1280 20
 1608 315 5
 1609 806 13
 1610 671 11
 1611 1080 18
 1612 413 7
 1613 232 4
 1614 969 17
 1615 616 11
 1616 440 8
 1617 918 17
 1618 742 14
 1619 572 11
 1620 357 7
 1621 500 10
 1622 147 3
 1623 144 3
 1624 141 3
 1625 276 6
 1626 135 3
 1627 660 15
 1628 860 20
 1629 126 3
 1630 410 10
 1631 40 1
 1632 390 10
 1633 608 16
 1634 370 10
 1635 180 5
 1636 280 8
 1637 510 15
 1638 231 7
 1639 256 8
 1640 589 19
 1641 180 6
 1642 493 17
 1643 448 16
 1644 540 20
 1645 234 9
 1646 75 3
 1647 216 9
 1648 138 6
 1649 308 14
 1650 189 9
 1651 20 1
 1652 247 13
 1653 144 8
 1654 306 18
 1655 80 5
 1656 255 17
 1657 280 20
 1658 104 8
 1659 180 15
 1660 66 6
 1661 50 5
 1662 144 16
 1663 64 8
 1664 63 9
 1665 90 15
 1666 45 9
 1667 64 16
 1668 21 7
 1669 30 15
 1670 5 5
30060