1670
 1 20040 12
 2 13360 8
 3 20040 12
 4 26720 16
 5 21710 13
 6 31730 19
 7 1670 1
 8 25050 15
 9 30060 18
 10 1670 1
 11 30060 18
 12 13360 8
 13 25050 15
 14 11690 7
 15 25050 15
 16 26720 16
 17 18370 11
 18 30060 18
 19 1670 1
 20 11690 7
 21 30060 18
 22 8350 5
 23 30060 18
 24 26720 16
 25 8350 5
 26 30060 18
 27 3340 2
 28 33400 20
 29 23380 14
 30 5010 3
 31 21710 13
 32 15030 9
 33 25050 15
 34 20040 12
 35 28390 17
 36 31730 19
 37 13360 8
 38 21710 13
 39 21710 13
 40 1670 1
 41 26720 16
 42 26720 16
 43 30060 18
 44 15030 9
 45 28390 17
 46 21710 13
 47 5010 3
 48 6680 4
 49 8350 5
 50 18370 11
 51 25050 15
 52 28390 17
 53 15030 9
 54 30060 18
 55 3340 2
 56 3340 2
 57 20040 12
 58 8350 5
 59 26720 16
 60 1670 1
 61 6680 4
 62 31730 19
 63 5010 3
 64 31730 19
 65 30060 18
 66 26720 16
 67 18370 11
 68 18370 11
 69 16700 10
 70 26720 16
 71 25050 15
 72 28390 17
 73 26720 16
 74 6680 4
 75 6680 4
 76 33400 20
 77 20040 12
 78 15030 9
 79 3340 2
 80 26720 16
 81 33400 20
 82 10020 6
 83 13360 8
 84 16700 10
 85 21710 13
 86 30060 18
 87 5010 3
 88 18370 11
 89 3340 2
 90 6680 4
 91 8350 5
 92 33400 20
 93 33400 20
 94 3340 2
 95 6680 4
 96 6680 4
 97 16700 10
 98 23380 14
 99 23380 14
 100 5010 3
 101 23380 14
 102 16700 10
 103 5010 3
 104 13360 8
 105 23380 14
 106 3340 2
 107 23380 14
 108 10020 6
 109 28390 17
 110 25050 15
 111 28390 17
 112 30060 18
 113 18370 11
 114 15030 9
 115 31730 19
 116 6680 4
 117 8350 5
 118 3340 2
 119 8350 5
 120 28390 17
 121 3340 2
 122 6680 4
 123 16700 10
 124 30060 18
 125 11690 7
 126 6680 4
 127 1670 1
 128 16700 10
 129 15030 9
 130 15030 9
 131 10020 6
 132 18370 11
 133 30060 18
 134 28390 17
 135 21710 13
 136 11690 7
 137 28390 17
 138 21710 13
 139 21710 13
 140 23380 14
 141 30060 18
 142 28390 17
 143 11690 7
 144 21710 13
 145 18370 11
 146 16700 10
 147 18370 11
 148 15030 9
 149 28390 17
 150 13360 8
 151 16700 10
 152 15030 9
 153 15030 9
 154 28390 17
 155 20040 12
 156 26720 16
 157 30060 18
 158 23380 14
 159 15030 9
 160 26720 16
 161 5010 3
 162 8350 5
 163 10020 6
 164 21710 13
 165 33400 20
 166 15030 9
 167 26720 16
 168 15030 9
 169 10020 6
 170 5010 3
 171 6680 4
 172 8350 5
 173 3340 2
 174 28390 17
 175 18370 11
 176 21710 13
 177 8350 5
 178 10020 6
 179 15030 9
 180 18370 11
 181 10020 6
 182 25050 15
 183 25050 15
 184 31730 19
 185 28390 17
 186 31730 19
 187 10020 6
 188 33400 20
 189 18370 11
 190 33400 20
 191 8350 5
 192 25050 15
 193 1670 1
 194 6680 4
 195 21710 13
 196 23380 14
 197 11690 7
 198 26720 16
 199 20040 12
 200 10020 6
 201 26720 16
 202 3340 2
 203 30060 18
 204 30060 18
 205 5010 3
 206 13360 8
 207 25050 15
 208 25050 15
 209 8350 5
 210 28390 17
 211 25050 15
 212 21710 13
 213 16700 10
 214 8350 5
 215 21710 13
 216 16700 10
 217 31730 19
 218 28390 17
 219 33400 20
 220 6680 4
 221 28390 17
 222 11690 7
 223 28390 17
 224 13360 8
 225 11690 7
 226 21710 13
 227 30060 18
 228 26720 16
 229 15030 9
 230 30060 18
 231 5010 3
 232 10020 6
 233 8350 5
 234 25050 15
 235 18370 11
 236 31730 19
 237 28390 17
 238 5010 3
 239 11690 7
 240 33400 20
 241 16700 10
 242 21710 13
 243 21710 13
 244 23380 14
 245 31730 19
 246 6680 4
 247 16700 10
 248 28390 17
 249 10020 6
 250 25050 15
 251 23380 14
 252 26720 16
 253 31730 19
 254 11690 7
 255 10020 6
 256 21710 13
 257 25050 15
 258 11690 7
 259 16700 10
 260 15030 9
 261 26720 16
 262 11690 7
 263 30060 18
 264 26720 16
 265 11690 7
 266 1670 1
 267 23380 14
 268 11690 7
 269 26720 16
 270 1670 1
 271 6680 4
 272 5010 3
 273 15030 9
 274 15030 9
 275 31730 19
 276 31730 19
 277 3340 2
 278 23380 14
 279 18370 11
 280 18370 11
 281 5010 3
 282 28390 17
 283 1670 1
 284 5010 3
 285 30060 18
 286 3340 2
 287 31730 19
 288 8350 5
 289 33400 20
 290 6680 4
 291 30060 18
 292 23380 14
 293 8350 5
 294 10020 6
 295 1670 1
 296 1670 1
 297 5010 3
 298 13360 8
 299 13360 8
 300 21710 13
 301 3340 2
 302 15030 9
 303 25050 15
 304 5010 3
 305 16700 10
 306 5010 3
 307 31730 19
 308 16700 10
 309 6680 4
 310 5010 3
 311 30060 18
 312 6680 4
 313 18370 11
 314 1670 1
 315 15030 9
 316 15030 9
 317 1670 1
 318 11690 7
 319 18370 11
 320 28390 17
 321 3340 2
 322 1670 1
 323 21710 13
 324 18370 11
 325 6680 4
 326 8350 5
 327 1670 1
 328 10020 6
 329 10020 6
 330 15030 9
 331 3340 2
 332 18370 11
 333 26720 16
 334 33400 20
 335 10020 6
 336 16700 10
 337 15030 9
 338 33400 20
 339 1670 1
 340 5010 3
 341 28390 17
 342 10020 6
 343 21710 13
 344 18370 11
 345 10020 6
 346 21710 13
 347 16700 10
 348 1670 1
 349 20040 12
 350 15030 9
 351 15030 9
 352 1670 1
 353 5010 3
 354 18370 11
 355 1670 1
 356 10020 6
 357 13360 8
 358 6680 4
 359 21710 13
 360 21710 13
 361 25050 15
 362 26720 16
 363 26720 16
 364 10020 6
 365 5010 3
 366 33400 20
 367 20040 12
 368 25050 15
 369 30060 18
 370 11690 7
 371 28390 17
 372 1670 1
 373 5010 3
 374 20040 12
 375 28390 17
 376 16700 10
 377 31730 19
 378 15030 9
 379 11690 7
 380 26720 16
 381 15030 9
 382 11690 7
 383 6680 4
 384 30060 18
 385 10020 6
 386 18370 11
 387 1670 1
 388 33400 20
 389 18370 11
 390 5010 3
 391 3340 2
 392 16700 10
 393 33400 20
 394 1670 1
 395 16700 10
 396 16700 10
 397 20040 12
 398 21710 13
 399 18370 11
 400 20040 12
 401 16700 10
 402 10020 6
 403 33400 20
 404 10020 6
 405 8350 5
 406 26720 16
 407 13360 8
 408 20040 12
 409 33400 20
 410 6680 4
 411 20040 12
 412 8350 5
 413 16700 10
 414 6680 4
 415 20040 12
 416 13360 8
 417 28390 17
 418 3340 2
 419 33400 20
 420 3340 2
 421 16700 10
 422 8350 5
 423 11690 7
 424 25050 15
 425 1670 1
 426 16700 10
 427 3340 2
 428 15030 9
 429 21710 13
 430 13360 8
 431 28390 17
 432 8350 5
 433 23380 14
 434 16700 10
 435 10020 6
 436 26720 16
 437 11690 7
 438 25050 15
 439 8350 5
 440 31730 19
 441 11690 7
 442 23380 14
 443 11690 7
 444 11690 7
 445 18370 11
 446 13360 8
 447 15030 9
 448 21710 13
 449 1670 1
 450 23380 14
 451 10020 6
 452 15030 9
 453 5010 3
 454 11690 7
 455 16700 10
 456 13360 8
 457 20040 12
 458 13360 8
 459 5010 3
 460 10020 6
 461 30060 18
 462 30060 18
 463 5010 3
 464 25050 15
 465 31730 19
 466 6680 4
 467 15030 9
 468 6680 4
 469 16700 10
 470 23380 14
 471 3340 2
 472 10020 6
 473 26720 16
 474 6680 4
 475 10020 6
 476 30060 18
 477 28390 17
 478 1670 1
 479 28390 17
 480 28390 17
 481 20040 12
 482 10020 6
 483 30060 18
 484 31730 19
 485 6680 4
 486 3340 2
 487 20040 12
 488 26720 16
 489 11690 7
 490 28390 17
 491 1670 1
 492 8350 5
 493 31730 19
 494 25050 15
 495 5010 3
 496 25050 15
 497 16700 10
 498 23380 14
 499 26720 16
 500 21710 13
 501 8350 5
 502 30060 18
 503 8350 5
 504 8350 5
 505 31730 19
 506 23380 14
 507 6680 4
 508 23380 14
 509 1670 1
 510 25050 15
 511 5010 3
 512 16700 10
 513 1670 1
 514 10020 6
 515 1670 1
 516 21710 13
 517 30060 18
 518 6680 4
 519 11690 7
 520 21710 13
 521 11690 7
 522 26720 16
 523 28390 17
 524 15030 9
 525 28390 17
 526 11690 7
 527 1670 1
 528 8350 5
 529 8350 5
 530 16700 10
 531 10020 6
 532 8350 5
 533 25050 15
 534 33400 20
 535 10020 6
 536 13360 8
 537 1670 1
 538 26720 16
 539 21710 13
 540 18370 11
 541 33400 20
 542 1670 1
 543 25050 15
 544 31730 19
 545 3340 2
 546 6680 4
 547 20040 12
 548 10020 6
 549 21710 13
 550 28390 17
 551 20040 12
 552 13360 8
 553 3340 2
 554 1670 1
 555 1670 1
 556 33400 20
 557 3340 2
 558 26720 16
 559 1670 1
 560 6680 4
 561 26720 16
 562 18370 11
 563 20040 12
 564 3340 2
 565 18370 11
 566 15030 9
 567 31730 19
 568 5010 3
 569 8350 5
 570 8350 5
 571 23380 14
 572 15030 9
 573 25050 15
 574 3340 2
 575 33400 20
 576 5010 3
 577 3340 2
 578 6680 4
 579 23380 14
 580 13360 8
 581 23380 14
 582 25050 15
 583 1670 1
 584 16700 10
 585 30060 18
 586 23380 14
 587 31730 19
 588 31730 19
 589 16700 10
 590 13360 8
 591 23380 14
 592 11690 7
 593 26720 16
 594 15030 9
 595 33400 20
 596 23380 14
 597 21710 13
 598 13360 8
 599 20040 12
 600 3340 2
 601 25050 15
 602 13360 8
 603 31730 19
 604 6680 4
 605 33400 20
 606 25050 15
 607 21710 13
 608 25050 15
 609 33400 20
 610 15030 9
 611 10020 6
 612 15030 9
 613 18370 11
 614 28390 17
 615 13360 8
 616 15030 9
 617 21710 13
 618 23380 14
 619 30060 18
 620 20040 12
 621 10020 6
 622 20040 12
 623 18370 11
 624 15030 9
 625 10020 6
 626 31730 19
 627 25050 15
 628 28390 17
 629 10020 6
 630 25050 15
 631 25050 15
 632 21710 13
 633 3340 2
 634 1670 1
 635 16700 10
 636 16700 10
 637 8350 5
 638 16700 10
 639 16700 10
 640 25050 15
 641 3340 2
 642 28390 17
 643 3340 2
 644 6680 4
 645 10020 6
 646 6680 4
 647 1670 1
 648 30060 18
 649 23380 14
 650 15030 9
 651 28390 17
 652 28390 17
 653 18370 11
 654 30060 18
 655 23380 14
 656 15030 9
 657 6680 4
 658 28390 17
 659 30060 18
 660 31730 19
 661 18370 11
 662 5010 3
 663 11690 7
 664 18370 11
 665 10020 6
 666 28390 17
 667 18370 11
 668 23380 14
 669 3340 2
 670 18370 11
 671 8350 5
 672 3340 2
 673 16700 10
 674 33400 20
 675 15030 9
 676 3340 2
 677 13360 8
 678 8350 5
 679 30060 18
 680 8350 5
 681 16700 10
 682 33400 20
 683 5010 3
 684 6680 4
 685 5010 3
 686 20040 12
 687 21710 13
 688 31730 19
 689 31730 19
 690 28390 17
 691 31730 19
 692 25050 15
 693 11690 7
 694 10020 6
 695 31730 19
 696 33400 20
 697 1670 1
 698 18370 11
 699 5010 3
 700 26720 16
 701 31730 19
 702 26720 16
 703 11690 7
 704 1670 1
 705 16700 10
 706 10020 6
 707 5010 3
 708 28390 17
 709 30060 18
 710 23380 14
 711 16700 10
 712 1670 1
 713 26720 16
 714 8350 5
 715 20040 12
 716 16700 10
 717 26720 16
 718 31730 19
 719 23380 14
 720 26720 16
 721 15030 9
 722 20040 12
 723 13360 8
 724 6680 4
 725 18370 11
 726 10020 6
 727 8350 5
 728 5010 3
 729 25050 15
 730 31730 19
 731 16700 10
 732 28390 17
 733 26720 16
 734 15030 9
 735 5010 3
 736 15030 9
 737 26720 16
 738 33400 20
 739 3340 2
 740 26720 16
 741 20040 12
 742 16700 10
 743 13360 8
 744 10020 6
 745 13360 8
 746 1670 1
 747 13360 8
 748 28390 17
 749 5010 3
 750 26720 16
 751 20040 12
 752 25050 15
 753 13360 8
 754 6680 4
 755 18370 11
 756 25050 15
 757 15030 9
 758 30060 18
 759 1670 1
 760 1670 1
 761 26720 16
 762 33400 20
 763 16700 10
 764 10020 6
 765 16700 10
 766 28390 17
 767 33400 20
 768 15030 9
 769 8350 5
 770 15030 9
 771 1670 1
 772 5010 3
 773 3340 2
 774 28390 17
 775 6680 4
 776 28390 17
 777 20040 12
 778 11690 7
 779 28390 17
 780 8350 5
 781 33400 20
 782 11690 7
 783 20040 12
 784 5010 3
 785 3340 2
 786 6680 4
 787 6680 4
 788 18370 11
 789 28390 17
 790 23380 14
 791 13360 8
 792 16700 10
 793 26720 16
 794 31730 19
 795 1670 1
 796 25050 15
 797 6680 4
 798 21710 13
 799 5010 3
 800 1670 1
 801 5010 3
 802 16700 10
 803 6680 4
 804 10020 6
 805 6680 4
 806 5010 3
 807 20040 12
 808 15030 9
 809 33400 20
 810 20040 12
 811 25050 15
 812 20040 12
 813 11690 7
 814 26720 16
 815 30060 18
 816 26720 16
 817 1670 1
 818 26720 16
 819 10020 6
 820 11690 7
 821 1670 1
 822 26720 16
 823 1670 1
 824 21710 13
 825 8350 5
 826 1670 1
 827 10020 6
 828 3340 2
 829 18370 11
 830 18370 11
 831 26720 16
 832 31730 19
 833 6680 4
 834 23380 14
 835 6680 4
 836 23380 14
 837 18370 11
 838 3340 2
 839 21710 13
 840 1670 1
 841 15030 9
 842 21710 13
 843 33400 20
 844 5010 3
 845 31730 19
 846 3340 2
 847 16700 10
 848 5010 3
 849 21710 13
 850 13360 8
 851 5010 3
 852 10020 6
 853 15030 9
 854 26720 16
 855 11690 7
 856 28390 17
 857 11690 7
 858 33400 20
 859 13360 8
 860 10020 6
 861 15030 9
 862 6680 4
 863 16700 10
 864 5010 3
 865 31730 19
 866 3340 2
 867 23380 14
 868 10020 6
 869 11690 7
 870 26720 16
 871 3340 2
 872 10020 6
 873 10020 6
 874 23380 14
 875 25050 15
 876 25050 15
 877 11690 7
 878 11690 7
 879 18370 11
 880 26720 16
 881 6680 4
 882 33400 20
 883 20040 12
 884 15030 9
 885 23380 14
 886 23380 14
 887 26720 16
 888 33400 20
 889 28390 17
 890 26720 16
 891 16700 10
 892 1670 1
 893 28390 17
 894 28390 17
 895 3340 2
 896 5010 3
 897 26720 16
 898 33400 20
 899 6680 4
 900 3340 2
 901 1670 1
 902 18370 11
 903 13360 8
 904 1670 1
 905 30060 18
 906 11690 7
 907 10020 6
 908 31730 19
 909 30060 18
 910 15030 9
 911 21710 13
 912 1670 1
 913 20040 12
 914 10020 6
 915 1670 1
 916 31730 19
 917 11690 7
 918 10020 6
 919 18370 11
 920 20040 12
 921 3340 2
 922 31730 19
 923 5010 3
 924 18370 11
 925 15030 9
 926 16700 10
 927 21710 13
 928 31730 19
 929 6680 4
 930 11690 7
 931 10020 6
 932 33400 20
 933 31730 19
 934 30060 18
 935 21710 13
 936 13360 8
 937 1670 1
 938 31730 19
 939 15030 9
 940 25050 15
 941 23380 14
 942 30060 18
 943 6680 4
 944 33400 20
 945 11690 7
 946 25050 15
 947 31730 19
 948 18370 11
 949 26720 16
 950 18370 11
 951 8350 5
 952 3340 2
 953 8350 5
 954 5010 3
 955 28390 17
 956 23380 14
 957 16700 10
 958 3340 2
 959 26720 16
 960 18370 11
 961 26720 16
 962 16700 10
 963 15030 9
 964 5010 3
 965 8350 5
 966 6680 4
 967 3340 2
 968 23380 14
 969 26720 16
 970 21710 13
 971 5010 3
 972 6680 4
 973 23380 14
 974 31730 19
 975 18370 11
 976 26720 16
 977 25050 15
 978 1670 1
 979 20040 12
 980 10020 6
 981 3340 2
 982 1670 1
 983 8350 5
 984 3340 2
 985 8350 5
 986 5010 3
 987 23380 14
 988 18370 11
 989 13360 8
 990 20040 12
 991 18370 11
 992 16700 10
 993 21710 13
 994 11690 7
 995 31730 19
 996 5010 3
 997 23380 14
 998 13360 8
 999 28390 17
 1000 10020 6
 1001 3340 2
 1002 25050 15
 1003 25050 15
 1004 31730 19
 1005 16700 10
 1006 1670 1
 1007 11690 7
 1008 5010 3
 1009 10020 6
 1010 13360 8
 1011 25050 15
 1012 6680 4
 1013 10020 6
 1014 13360 8
 1015 3340 2
 1016 11690 7
 1017 21710 13
 1018 23380 14
 1019 18370 11
 1020 26720 16
 1021 10020 6
 1022 5010 3
 1023 21710 13
 1024 8350 5
 1025 28390 17
 1026 3340 2
 1027 30060 18
 1028 5010 3
 1029 10020 6
 1030 26720 16
 1031 18370 11
 1032 30060 18
 1033 28390 17
 1034 26720 16
 1035 3340 2
 1036 8350 5
 1037 28390 17
 1038 26720 16
 1039 30060 18
 1040 23380 14
 1041 20040 12
 1042 11690 7
 1043 23380 14
 1044 18370 11
 1045 3340 2
 1046 8350 5
 1047 20040 12
 1048 11690 7
 1049 16700 10
 1050 3340 2
 1051 21710 13
 1052 10020 6
 1053 33400 20
 1054 1670 1
 1055 33400 20
 1056 30060 18
 1057 26720 16
 1058 20040 12
 1059 10020 6
 1060 28390 17
 1061 3340 2
 1062 18370 11
 1063 15030 9
 1064 3340 2
 1065 21710 13
 1066 13360 8
 1067 8350 5
 1068 8350 5
 1069 25050 15
 1070 10020 6
 1071 21710 13
 1072 16700 10
 1073 11690 7
 1074 26720 16
 1075 23380 14
 1076 5010 3
 1077 8350 5
 1078 1670 1
 1079 21710 13
 1080 13360 8
 1081 28390 17
 1082 33400 20
 1083 10020 6
 1084 25050 15
 1085 16700 10
 1086 31730 19
 1087 15030 9
 1088 26720 16
 1089 18370 11
 1090 20040 12
 1091 21710 13
 1092 8350 5
 1093 30060 18
 1094 31730 19
 1095 1670 1
 1096 28390 17
 1097 20040 12
 1098 8350 5
 1099 33400 20
 1100 18370 11
 1101 6680 4
 1102 5010 3
 1103 10020 6
 1104 30060 18
 1105 16700 10
 1106 1670 1
 1107 10020 6
 1108 6680 4
 1109 25050 15
 1110 25050 15
 1111 26720 16
 1112 6680 4
 1113 6680 4
 1114 20040 12
 1115 23380 14
 1116 15030 9
 1117 13360 8
 1118 10020 6
 1119 21710 13
 1120 3340 2
 1121 3340 2
 1122 21710 13
 1123 25050 15
 1124 28390 17
 1125 5010 3
 1126 28390 17
 1127 26720 16
 1128 5010 3
 1129 3340 2
 1130 16700 10
 1131 21710 13
 1132 1670 1
 1133 18370 11
 1134 5010 3
 1135 5010 3
 1136 11690 7
 1137 15030 9
 1138 8350 5
 1139 31730 19
 1140 10020 6
 1141 30060 18
 1142 5010 3
 1143 8350 5
 1144 8350 5
 1145 23380 14
 1146 23380 14
 1147 21710 13
 1148 8350 5
 1149 3340 2
 1150 23380 14
 1151 26720 16
 1152 33400 20
 1153 21710 13
 1154 15030 9
 1155 30060 18
 1156 11690 7
 1157 16700 10
 1158 8350 5
 1159 26720 16
 1160 20040 12
 1161 1670 1
 1162 30060 18
 1163 26720 16
 1164 5010 3
 1165 13360 8
 1166 18370 11
 1167 16700 10
 1168 8350 5
 1169 20040 12
 1170 8350 5
 1171 26720 16
 1172 3340 2
 1173 10020 6
 1174 13360 8
 1175 28390 17
 1176 26720 16
 1177 18370 11
 1178 5010 3
 1179 21710 13
 1180 20040 12
 1181 15030 9
 1182 11690 7
 1183 21710 13
 1184 8350 5
 1185 20040 12
 1186 23380 14
 1187 5010 3
 1188 1670 1
 1189 25050 15
 1190 8350 5
 1191 31730 19
 1192 1670 1
 1193 3340 2
 1194 8350 5
 1195 1670 1
 1196 25050 15
 1197 6680 4
 1198 25050 15
 1199 30060 18
 1200 30060 18
 1201 8350 5
 1202 25050 15
 1203 31730 19
 1204 33400 20
 1205 25050 15
 1206 10020 6
 1207 31730 19
 1208 6680 4
 1209 1670 1
 1210 15030 9
 1211 33400 20
 1212 10020 6
 1213 13360 8
 1214 33400 20
 1215 5010 3
 1216 20040 12
 1217 26720 16
 1218 11690 7
 1219 3340 2
 1220 30060 18
 1221 16700 10
 1222 8350 5
 1223 23380 14
 1224 26720 16
 1225 11690 7
 1226 25050 15
 1227 21710 13
 1228 5010 3
 1229 21710 13
 1230 21710 13
 1231 33400 20
 1232 10020 6
 1233 10020 6
 1234 23380 14
 1235 26720 16
 1236 26720 16
 1237 11690 7
 1238 18370 11
 1239 10020 6
 1240 26720 16
 1241 25050 15
 1242 31730 19
 1243 6680 4
 1244 30060 18
 1245 21710 13
 1246 18370 11
 1247 10020 6
 1248 5010 3
 1249 33400 20
 1250 25050 15
 1251 26720 16
 1252 21710 13
 1253 13360 8
 1254 10020 6
 1255 21710 13
 1256 21710 13
 1257 18370 11
 1258 20040 12
 1259 16700 10
 1260 3340 2
 1261 6680 4
 1262 10020 6
 1263 30060 18
 1264 3340 2
 1265 18370 11
 1266 6680 4
 1267 25050 15
 1268 30060 18
 1269 28390 17
 1270 30060 18
 1271 6680 4
 1272 3340 2
 1273 21710 13
 1274 3340 2
 1275 20040 12
 1276 28390 17
 1277 30060 18
 1278 28390 17
 1279 31730 19
 1280 13360 8
 1281 33400 20
 1282 20040 12
 1283 18370 11
 1284 6680 4
 1285 28390 17
 1286 18370 11
 1287 11690 7
 1288 33400 20
 1289 26720 16
 1290 20040 12
 1291 21710 13
 1292 23380 14
 1293 3340 2
 1294 31730 19
 1295 20040 12
 1296 21710 13
 1297 8350 5
 1298 33400 20
 1299 25050 15
 1300 25050 15
 1301 3340 2
 1302 30060 18
 1303 8350 5
 1304 3340 2
 1305 15030 9
 1306 23380 14
 1307 23380 14
 1308 18370 11
 1309 33400 20
 1310 13360 8
 1311 23380 14
 1312 28390 17
 1313 20040 12
 1314 21710 13
 1315 28390 17
 1316 8350 5
 1317 18370 11
 1318 8350 5
 1319 28390 17
 1320 8350 5
 1321 18370 11
 1322 31730 19
 1323 8350 5
 1324 6680 4
 1325 10020 6
 1326 26720 16
 1327 31730 19
 1328 20040 12
 1329 3340 2
 1330 1670 1
 1331 15030 9
 1332 30060 18
 1333 26720 16
 1334 13360 8
 1335 20040 12
 1336 1670 1
 1337 10020 6
 1338 26720 16
 1339 21710 13
 1340 3340 2
 1341 6680 4
 1342 20040 12
 1343 15030 9
 1344 25050 15
 1345 13360 8
 1346 18370 11
 1347 3340 2
 1348 26720 16
 1349 33400 20
 1350 18370 11
 1351 28390 17
 1352 21710 13
 1353 3340 2
 1354 23380 14
 1355 3340 2
 1356 6680 4
 1357 8350 5
 1358 8350 5
 1359 31730 19
 1360 10020 6
 1361 25050 15
 1362 18370 11
 1363 33400 20
 1364 30060 18
 1365 11690 7
 1366 1670 1
 1367 25050 15
 1368 6680 4
 1369 13360 8
 1370 11690 7
 1371 11690 7
 1372 16700 10
 1373 15030 9
 1374 8350 5
 1375 31730 19
 1376 3340 2
 1377 26720 16
 1378 8350 5
 1379 16700 10
 1380 1670 1
 1381 1670 1
 1382 31730 19
 1383 23380 14
 1384 10020 6
 1385 8350 5
 1386 31730 19
 1387 30060 18
 1388 15030 9
 1389 16700 10
 1390 28390 17
 1391 23380 14
 1392 3340 2
 1393 8350 5
 1394 26720 16
 1395 5010 3
 1396 20040 12
 1397 10020 6
 1398 5010 3
 1399 8350 5
 1400 13360 8
 1401 1670 1
 1402 20040 12
 1403 6680 4
 1404 21710 13
 1405 10020 6
 1406 8350 5
 1407 30060 18
 1408 30060 18
 1409 16700 10
 1410 26720 16
 1411 18370 11
 1412 26720 16
 1413 1670 1
 1414 33400 20
 1415 18370 11
 1416 16700 10
 1417 15030 9
 1418 5010 3
 1419 18370 11
 1420 6680 4
 1421 26720 16
 1422 11690 7
 1423 5010 3
 1424 31730 19
 1425 30060 18
 1426 5010 3
 1427 15030 9
 1428 30060 18
 1429 20040 12
 1430 10020 6
 1431 26720 16
 1432 23380 14
 1433 28390 17
 1434 30060 18
 1435 13360 8
 1436 23380 14
 1437 28390 17
 1438 5010 3
 1439 1670 1
 1440 28390 17
 1441 8350 5
 1442 1670 1
 1443 11690 7
 1444 8350 5
 1445 16700 10
 1446 3340 2
 1447 3340 2
 1448 13360 8
 1449 26720 16
 1450 28390 17
 1451 8350 5
 1452 16700 10
 1453 5010 3
 1454 3340 2
 1455 8350 5
 1456 33400 20
 1457 25050 15
 1458 26720 16
 1459 18370 11
 1460 10020 6
 1461 23380 14
 1462 23380 14
 1463 11690 7
 1464 6680 4
 1465 15030 9
 1466 26720 16
 1467 11690 7
 1468 10020 6
 1469 31730 19
 1470 6680 4
 1471 30060 18
 1472 23380 14
 1473 11690 7
 1474 5010 3
 1475 16700 10
 1476 21710 13
 1477 3340 2
 1478 25050 15
 1479 33400 20
 1480 8350 5
 1481 5010 3
 1482 31730 19
 1483 25050 15
 1484 16700 10
 1485 26720 16
 1486 11690 7
 1487 25050 15
 1488 16700 10
 1489 8350 5
 1490 30060 18
 1491 20040 12
 1492 15030 9
 1493 5010 3
 1494 3340 2
 1495 6680 4
 1496 25050 15
 1497 6680 4
 1498 11690 7
 1499 25050 15
 1500 11690 7
 1501 15030 9
 1502 6680 4
 1503 21710 13
 1504 15030 9
 1505 5010 3
 1506 15030 9
 1507 15030 9
 1508 6680 4
 1509 31730 19
 1510 25050 15
 1511 28390 17
 1512 31730 19
 1513 28390 17
 1514 23380 14
 1515 28390 17
 1516 13360 8
 1517 3340 2
 1518 11690 7
 1519 1670 1
 1520 15030 9
 1521 25050 15
 1522 8350 5
 1523 6680 4
 1524 10020 6
 1525 20040 12
 1526 1670 1
 1527 15030 9
 1528 8350 5
 1529 10020 6
 1530 23380 14
 1531 15030 9
 1532 26720 16
 1533 15030 9
 1534 13360 8
 1535 31730 19
 1536 10020 6
 1537 10020 6
 1538 23380 14
 1539 28390 17
 1540 11690 7
 1541 23380 14
 1542 18370 11
 1543 5010 3
 1544 23380 14
 1545 11690 7
 1546 5010 3
 1547 23380 14
 1548 6680 4
 1549 11690 7
 1550 13360 8
 1551 31730 19
 1552 3340 2
 1553 6680 4
 1554 10020 6
 1555 23380 14
 1556 28390 17
 1557 13360 8
 1558 1670 1
 1559 11690 7
 1560 5010 3
 1561 26720 16
 1562 28390 17
 1563 25050 15
 1564 10020 6
 1565 28390 17
 1566 28390 17
 1567 15030 9
 1568 20040 12
 1569 21710 13
 1570 1670 1
 1571 13360 8
 1572 30060 18
 1573 10020 6
 1574 25050 15
 1575 31730 19
 1576 15030 9
 1577 28390 17
 1578 16700 10
 1579 28390 17
 1580 16700 10
 1581 26720 16
 1582 15030 9
 1583 20040 12
 1584 28390 17
 1585 11690 7
 1586 15030 9
 1587 15030 9
 1588 3340 2
 1589 13360 8
 1590 6680 4
 1591 16700 10
 1592 26720 16
 1593 6680 4
 1594 6680 4
 1595 13360 8
 1596 33400 20
 1597 5010 3
 1598 10020 6
 1599 15030 9
 1600 18370 11
 1601 16700 10
 1602 6680 4
 1603 26720 16
 1604 6680 4
 1605 21710 13
 1606 21710 13
 1607 33400 20
 1608 33400 20
 1609 10020 6
 1610 20040 12
 1611 20040 12
 1612 33400 20
 1613 10020 6
 1614 20040 12
 1615 26720 16
 1616 8350 5
 1617 10020 6
 1618 31730 19
 1619 6680 4
 1620 8350 5
 1621 23380 14
 1622 23380 14
 1623 1670 1
 1624 1670 1
 1625 11690 7
 1626 5010 3
 1627 3340 2
 1628 10020 6
 1629 23380 14
 1630 30060 18
 1631 18370 11
 1632 30060 18
 1633 20040 12
 1634 15030 9
 1635 20040 12
 1636 1670 1
 1637 18370 11
 1638 16700 10
 1639 33400 20
 1640 20040 12
 1641 3340 2
 1642 33400 20
 1643 1670 1
 1644 20040 12
 1645 8350 5
 1646 18370 11
 1647 31730 19
 1648 15030 9
 1649 6680 4
 1650 20040 12
 1651 8350 5
 1652 20040 12
 1653 28390 17
 1654 1670 1
 1655 20040 12
 1656 26720 16
 1657 18370 11
 1658 21710 13
 1659 23380 14
 1660 18370 11
 1661 16700 10
 1662 13360 8
 1663 25050 15
 1664 13360 8
 1665 20040 12
 1666 1670 1
 1667 21710 13
 1668 20040 12
 1669 16700 10
 1670 25050 15
18370