1920
 1 32640 17
 2 28800 15
 3 23040 12
 4 21120 11
 5 5760 3
 6 7680 4
 7 28800 15
 8 30720 16
 9 21120 11
 10 1920 1
 11 24960 13
 12 1920 1
 13 15360 8
 14 13440 7
 15 9600 5
 16 23040 12
 17 36480 19
 18 21120 11
 19 38400 20
 20 1920 1
 21 5760 3
 22 3840 2
 23 21120 11
 24 17280 9
 25 26880 14
 26 9600 5
 27 23040 12
 28 32640 17
 29 11520 6
 30 5760 3
 31 15360 8
 32 38400 20
 33 15360 8
 34 7680 4
 35 30720 16
 36 26880 14
 37 7680 4
 38 24960 13
 39 15360 8
 40 38400 20
 41 34560 18
 42 15360 8
 43 11520 6
 44 38400 20
 45 5760 3
 46 13440 7
 47 19200 10
 48 9600 5
 49 17280 9
 50 26880 14
 51 36480 19
 52 1920 1
 53 11520 6
 54 30720 16
 55 24960 13
 56 34560 18
 57 38400 20
 58 7680 4
 59 24960 13
 60 36480 19
 61 34560 18
 62 7680 4
 63 26880 14
 64 21120 11
 65 1920 1
 66 26880 14
 67 5760 3
 68 30720 16
 69 13440 7
 70 1920 1
 71 34560 18
 72 11520 6
 73 17280 9
 74 34560 18
 75 15360 8
 76 9600 5
 77 13440 7
 78 5760 3
 79 1920 1
 80 5760 3
 81 38400 20
 82 23040 12
 83 30720 16
 84 5760 3
 85 23040 12
 86 38400 20
 87 5760 3
 88 32640 17
 89 7680 4
 90 3840 2
 91 23040 12
 92 19200 10
 93 11520 6
 94 23040 12
 95 36480 19
 96 5760 3
 97 30720 16
 98 3840 2
 99 26880 14
 100 15360 8
 101 36480 19
 102 17280 9
 103 32640 17
 104 21120 11
 105 32640 17
 106 9600 5
 107 32640 17
 108 28800 15
 109 17280 9
 110 24960 13
 111 21120 11
 112 30720 16
 113 34560 18
 114 34560 18
 115 9600 5
 116 28800 15
 117 38400 20
 118 30720 16
 119 38400 20
 120 36480 19
 121 11520 6
 122 11520 6
 123 9600 5
 124 13440 7
 125 23040 12
 126 1920 1
 127 28800 15
 128 26880 14
 129 7680 4
 130 17280 9
 131 15360 8
 132 24960 13
 133 15360 8
 134 9600 5
 135 13440 7
 136 28800 15
 137 23040 12
 138 36480 19
 139 13440 7
 140 34560 18
 141 9600 5
 142 1920 1
 143 11520 6
 144 19200 10
 145 7680 4
 146 7680 4
 147 38400 20
 148 26880 14
 149 17280 9
 150 11520 6
 151 17280 9
 152 23040 12
 153 11520 6
 154 23040 12
 155 15360 8
 156 28800 15
 157 26880 14
 158 9600 5
 159 11520 6
 160 5760 3
 161 21120 11
 162 11520 6
 163 26880 14
 164 17280 9
 165 9600 5
 166 17280 9
 167 30720 16
 168 23040 12
 169 7680 4
 170 3840 2
 171 1920 1
 172 21120 11
 173 7680 4
 174 32640 17
 175 36480 19
 176 19200 10
 177 5760 3
 178 5760 3
 179 1920 1
 180 21120 11
 181 19200 10
 182 9600 5
 183 28800 15
 184 7680 4
 185 7680 4
 186 15360 8
 187 1920 1
 188 7680 4
 189 5760 3
 190 15360 8
 191 11520 6
 192 24960 13
 193 30720 16
 194 30720 16
 195 11520 6
 196 9600 5
 197 34560 18
 198 34560 18
 199 19200 10
 200 1920 1
 201 32640 17
 202 30720 16
 203 13440 7
 204 24960 13
 205 1920 1
 206 26880 14
 207 34560 18
 208 1920 1
 209 17280 9
 210 1920 1
 211 36480 19
 212 1920 1
 213 23040 12
 214 38400 20
 215 5760 3
 216 7680 4
 217 36480 19
 218 17280 9
 219 19200 10
 220 19200 10
 221 13440 7
 222 3840 2
 223 17280 9
 224 26880 14
 225 9600 5
 226 26880 14
 227 9600 5
 228 24960 13
 229 23040 12
 230 32640 17
 231 21120 11
 232 5760 3
 233 9600 5
 234 24960 13
 235 23040 12
 236 28800 15
 237 9600 5
 238 30720 16
 239 9600 5
 240 1920 1
 241 38400 20
 242 21120 11
 243 1920 1
 244 28800 15
 245 24960 13
 246 36480 19
 247 13440 7
 248 38400 20
 249 19200 10
 250 3840 2
 251 17280 9
 252 36480 19
 253 36480 19
 254 1920 1
 255 34560 18
 256 26880 14
 257 17280 9
 258 19200 10
 259 26880 14
 260 17280 9
 261 32640 17
 262 36480 19
 263 5760 3
 264 13440 7
 265 13440 7
 266 24960 13
 267 23040 12
 268 3840 2
 269 19200 10
 270 34560 18
 271 5760 3
 272 34560 18
 273 30720 16
 274 32640 17
 275 9600 5
 276 9600 5
 277 26880 14
 278 1920 1
 279 19200 10
 280 9600 5
 281 24960 13
 282 7680 4
 283 5760 3
 284 5760 3
 285 34560 18
 286 3840 2
 287 30720 16
 288 19200 10
 289 26880 14
 290 38400 20
 291 38400 20
 292 5760 3
 293 19200 10
 294 9600 5
 295 3840 2
 296 24960 13
 297 9600 5
 298 32640 17
 299 3840 2
 300 36480 19
 301 15360 8
 302 5760 3
 303 24960 13
 304 1920 1
 305 28800 15
 306 30720 16
 307 26880 14
 308 36480 19
 309 28800 15
 310 15360 8
 311 3840 2
 312 28800 15
 313 26880 14
 314 30720 16
 315 36480 19
 316 30720 16
 317 5760 3
 318 5760 3
 319 5760 3
 320 38400 20
 321 30720 16
 322 11520 6
 323 9600 5
 324 19200 10
 325 24960 13
 326 5760 3
 327 5760 3
 328 34560 18
 329 23040 12
 330 28800 15
 331 23040 12
 332 28800 15
 333 21120 11
 334 28800 15
 335 26880 14
 336 1920 1
 337 19200 10
 338 28800 15
 339 28800 15
 340 19200 10
 341 3840 2
 342 13440 7
 343 13440 7
 344 5760 3
 345 17280 9
 346 26880 14
 347 23040 12
 348 34560 18
 349 23040 12
 350 36480 19
 351 34560 18
 352 24960 13
 353 26880 14
 354 15360 8
 355 3840 2
 356 15360 8
 357 23040 12
 358 23040 12
 359 3840 2
 360 13440 7
 361 3840 2
 362 24960 13
 363 5760 3
 364 3840 2
 365 15360 8
 366 32640 17
 367 21120 11
 368 1920 1
 369 26880 14
 370 21120 11
 371 32640 17
 372 5760 3
 373 28800 15
 374 23040 12
 375 3840 2
 376 19200 10
 377 9600 5
 378 5760 3
 379 32640 17
 380 7680 4
 381 26880 14
 382 3840 2
 383 3840 2
 384 24960 13
 385 21120 11
 386 38400 20
 387 32640 17
 388 3840 2
 389 32640 17
 390 32640 17
 391 30720 16
 392 32640 17
 393 5760 3
 394 24960 13
 395 26880 14
 396 13440 7
 397 15360 8
 398 15360 8
 399 9600 5
 400 23040 12
 401 17280 9
 402 15360 8
 403 34560 18
 404 17280 9
 405 30720 16
 406 32640 17
 407 34560 18
 408 21120 11
 409 19200 10
 410 13440 7
 411 32640 17
 412 36480 19
 413 30720 16
 414 7680 4
 415 1920 1
 416 30720 16
 417 36480 19
 418 23040 12
 419 23040 12
 420 30720 16
 421 38400 20
 422 13440 7
 423 15360 8
 424 13440 7
 425 24960 13
 426 15360 8
 427 5760 3
 428 28800 15
 429 26880 14
 430 17280 9
 431 36480 19
 432 13440 7
 433 32640 17
 434 17280 9
 435 19200 10
 436 24960 13
 437 5760 3
 438 36480 19
 439 34560 18
 440 5760 3
 441 30720 16
 442 19200 10
 443 3840 2
 444 3840 2
 445 13440 7
 446 19200 10
 447 3840 2
 448 32640 17
 449 36480 19
 450 38400 20
 451 19200 10
 452 15360 8
 453 30720 16
 454 26880 14
 455 24960 13
 456 23040 12
 457 30720 16
 458 15360 8
 459 15360 8
 460 36480 19
 461 13440 7
 462 15360 8
 463 26880 14
 464 21120 11
 465 19200 10
 466 34560 18
 467 24960 13
 468 24960 13
 469 7680 4
 470 9600 5
 471 11520 6
 472 11520 6
 473 32640 17
 474 13440 7
 475 28800 15
 476 17280 9
 477 15360 8
 478 19200 10
 479 21120 11
 480 24960 13
 481 26880 14
 482 1920 1
 483 5760 3
 484 28800 15
 485 21120 11
 486 13440 7
 487 26880 14
 488 26880 14
 489 11520 6
 490 7680 4
 491 28800 15
 492 9600 5
 493 28800 15
 494 13440 7
 495 9600 5
 496 28800 15
 497 17280 9
 498 13440 7
 499 11520 6
 500 30720 16
 501 38400 20
 502 28800 15
 503 3840 2
 504 30720 16
 505 28800 15
 506 9600 5
 507 28800 15
 508 13440 7
 509 23040 12
 510 23040 12
 511 32640 17
 512 1920 1
 513 5760 3
 514 21120 11
 515 13440 7
 516 13440 7
 517 17280 9
 518 1920 1
 519 11520 6
 520 15360 8
 521 30720 16
 522 1920 1
 523 19200 10
 524 26880 14
 525 7680 4
 526 24960 13
 527 17280 9
 528 5760 3
 529 24960 13
 530 11520 6
 531 21120 11
 532 13440 7
 533 24960 13
 534 23040 12
 535 17280 9
 536 13440 7
 537 9600 5
 538 38400 20
 539 21120 11
 540 28800 15
 541 36480 19
 542 7680 4
 543 3840 2
 544 23040 12
 545 34560 18
 546 24960 13
 547 36480 19
 548 30720 16
 549 3840 2
 550 9600 5
 551 26880 14
 552 17280 9
 553 11520 6
 554 30720 16
 555 11520 6
 556 21120 11
 557 30720 16
 558 28800 15
 559 19200 10
 560 15360 8
 561 9600 5
 562 3840 2
 563 17280 9
 564 3840 2
 565 30720 16
 566 28800 15
 567 17280 9
 568 21120 11
 569 30720 16
 570 9600 5
 571 30720 16
 572 13440 7
 573 26880 14
 574 7680 4
 575 34560 18
 576 11520 6
 577 34560 18
 578 1920 1
 579 19200 10
 580 28800 15
 581 19200 10
 582 30720 16
 583 13440 7
 584 32640 17
 585 19200 10
 586 1920 1
 587 23040 12
 588 3840 2
 589 32640 17
 590 7680 4
 591 13440 7
 592 19200 10
 593 19200 10
 594 30720 16
 595 11520 6
 596 36480 19
 597 24960 13
 598 32640 17
 599 7680 4
 600 24960 13
 601 38400 20
 602 26880 14
 603 21120 11
 604 23040 12
 605 15360 8
 606 28800 15
 607 24960 13
 608 3840 2
 609 23040 12
 610 24960 13
 611 5760 3
 612 36480 19
 613 32640 17
 614 34560 18
 615 26880 14
 616 32640 17
 617 32640 17
 618 21120 11
 619 9600 5
 620 11520 6
 621 13440 7
 622 28800 15
 623 13440 7
 624 26880 14
 625 38400 20
 626 21120 11
 627 36480 19
 628 23040 12
 629 32640 17
 630 30720 16
 631 38400 20
 632 15360 8
 633 17280 9
 634 26880 14
 635 1920 1
 636 9600 5
 637 13440 7
 638 15360 8
 639 15360 8
 640 5760 3
 641 30720 16
 642 28800 15
 643 15360 8
 644 28800 15
 645 5760 3
 646 19200 10
 647 24960 13
 648 32640 17
 649 7680 4
 650 23040 12
 651 3840 2
 652 38400 20
 653 15360 8
 654 11520 6
 655 5760 3
 656 23040 12
 657 13440 7
 658 5760 3
 659 28800 15
 660 23040 12
 661 30720 16
 662 17280 9
 663 28800 15
 664 11520 6
 665 5760 3
 666 23040 12
 667 26880 14
 668 15360 8
 669 23040 12
 670 36480 19
 671 34560 18
 672 13440 7
 673 30720 16
 674 17280 9
 675 36480 19
 676 9600 5
 677 3840 2
 678 30720 16
 679 17280 9
 680 24960 13
 681 17280 9
 682 26880 14
 683 19200 10
 684 24960 13
 685 28800 15
 686 26880 14
 687 13440 7
 688 34560 18
 689 23040 12
 690 9600 5
 691 5760 3
 692 28800 15
 693 15360 8
 694 7680 4
 695 15360 8
 696 9600 5
 697 28800 15
 698 9600 5
 699 26880 14
 700 19200 10
 701 1920 1
 702 17280 9
 703 36480 19
 704 36480 19
 705 38400 20
 706 7680 4
 707 26880 14
 708 32640 17
 709 7680 4
 710 28800 15
 711 15360 8
 712 24960 13
 713 28800 15
 714 34560 18
 715 21120 11
 716 38400 20
 717 15360 8
 718 17280 9
 719 38400 20
 720 5760 3
 721 34560 18
 722 7680 4
 723 9600 5
 724 36480 19
 725 13440 7
 726 32640 17
 727 9600 5
 728 23040 12
 729 5760 3
 730 24960 13
 731 11520 6
 732 13440 7
 733 17280 9
 734 3840 2
 735 9600 5
 736 15360 8
 737 13440 7
 738 19200 10
 739 24960 13
 740 9600 5
 741 38400 20
 742 36480 19
 743 3840 2
 744 34560 18
 745 17280 9
 746 24960 13
 747 23040 12
 748 11520 6
 749 21120 11
 750 38400 20
 751 30720 16
 752 11520 6
 753 9600 5
 754 32640 17
 755 5760 3
 756 30720 16
 757 21120 11
 758 24960 13
 759 3840 2
 760 24960 13
 761 3840 2
 762 13440 7
 763 24960 13
 764 23040 12
 765 3840 2
 766 1920 1
 767 26880 14
 768 23040 12
 769 19200 10
 770 19200 10
 771 24960 13
 772 11520 6
 773 9600 5
 774 34560 18
 775 24960 13
 776 30720 16
 777 11520 6
 778 7680 4
 779 30720 16
 780 26880 14
 781 17280 9
 782 34560 18
 783 3840 2
 784 30720 16
 785 26880 14
 786 23040 12
 787 17280 9
 788 21120 11
 789 9600 5
 790 34560 18
 791 34560 18
 792 7680 4
 793 5760 3
 794 30720 16
 795 11520 6
 796 11520 6
 797 32640 17
 798 3840 2
 799 3840 2
 800 9600 5
 801 15360 8
 802 32640 17
 803 24960 13
 804 1920 1
 805 1920 1
 806 30720 16
 807 30720 16
 808 21120 11
 809 36480 19
 810 13440 7
 811 38400 20
 812 34560 18
 813 36480 19
 814 13440 7
 815 1920 1
 816 7680 4
 817 5760 3
 818 3840 2
 819 30720 16
 820 38400 20
 821 11520 6
 822 30720 16
 823 5760 3
 824 30720 16
 825 15360 8
 826 17280 9
 827 5760 3
 828 28800 15
 829 9600 5
 830 13440 7
 831 24960 13
 832 1920 1
 833 21120 11
 834 38400 20
 835 34560 18
 836 11520 6
 837 28800 15
 838 5760 3
 839 7680 4
 840 5760 3
 841 17280 9
 842 36480 19
 843 7680 4
 844 38400 20
 845 15360 8
 846 30720 16
 847 21120 11
 848 32640 17
 849 19200 10
 850 17280 9
 851 1920 1
 852 9600 5
 853 15360 8
 854 21120 11
 855 28800 15
 856 9600 5
 857 11520 6
 858 38400 20
 859 30720 16
 860 3840 2
 861 36480 19
 862 7680 4
 863 23040 12
 864 15360 8
 865 1920 1
 866 26880 14
 867 34560 18
 868 36480 19
 869 21120 11
 870 30720 16
 871 15360 8
 872 36480 19
 873 36480 19
 874 19200 10
 875 7680 4
 876 19200 10
 877 15360 8
 878 26880 14
 879 15360 8
 880 5760 3
 881 28800 15
 882 34560 18
 883 21120 11
 884 30720 16
 885 3840 2
 886 30720 16
 887 34560 18
 888 34560 18
 889 26880 14
 890 1920 1
 891 5760 3
 892 9600 5
 893 38400 20
 894 15360 8
 895 38400 20
 896 24960 13
 897 23040 12
 898 28800 15
 899 23040 12
 900 32640 17
 901 7680 4
 902 26880 14
 903 5760 3
 904 7680 4
 905 26880 14
 906 15360 8
 907 34560 18
 908 3840 2
 909 28800 15
 910 15360 8
 911 9600 5
 912 17280 9
 913 24960 13
 914 17280 9
 915 38400 20
 916 15360 8
 917 7680 4
 918 34560 18
 919 36480 19
 920 1920 1
 921 7680 4
 922 5760 3
 923 21120 11
 924 30720 16
 925 32640 17
 926 7680 4
 927 28800 15
 928 34560 18
 929 19200 10
 930 26880 14
 931 21120 11
 932 15360 8
 933 13440 7
 934 28800 15
 935 5760 3
 936 1920 1
 937 28800 15
 938 9600 5
 939 7680 4
 940 3840 2
 941 15360 8
 942 23040 12
 943 9600 5
 944 11520 6
 945 7680 4
 946 3840 2
 947 3840 2
 948 11520 6
 949 1920 1
 950 19200 10
 951 19200 10
 952 9600 5
 953 1920 1
 954 26880 14
 955 13440 7
 956 21120 11
 957 34560 18
 958 13440 7
 959 1920 1
 960 1920 1
 961 1920 1
 962 9600 5
 963 7680 4
 964 30720 16
 965 26880 14
 966 13440 7
 967 7680 4
 968 32640 17
 969 26880 14
 970 28800 15
 971 1920 1
 972 3840 2
 973 15360 8
 974 11520 6
 975 28800 15
 976 24960 13
 977 17280 9
 978 32640 17
 979 11520 6
 980 28800 15
 981 32640 17
 982 30720 16
 983 26880 14
 984 1920 1
 985 3840 2
 986 26880 14
 987 30720 16
 988 9600 5
 989 28800 15
 990 5760 3
 991 13440 7
 992 11520 6
 993 1920 1
 994 7680 4
 995 19200 10
 996 17280 9
 997 5760 3
 998 30720 16
 999 26880 14
 1000 5760 3
 1001 28800 15
 1002 21120 11
 1003 26880 14
 1004 26880 14
 1005 34560 18
 1006 34560 18
 1007 3840 2
 1008 3840 2
 1009 23040 12
 1010 38400 20
 1011 28800 15
 1012 28800 15
 1013 23040 12
 1014 7680 4
 1015 32640 17
 1016 34560 18
 1017 15360 8
 1018 23040 12
 1019 7680 4
 1020 24960 13
 1021 15360 8
 1022 26880 14
 1023 32640 17
 1024 28800 15
 1025 21120 11
 1026 15360 8
 1027 1920 1
 1028 30720 16
 1029 7680 4
 1030 13440 7
 1031 32640 17
 1032 19200 10
 1033 1920 1
 1034 38400 20
 1035 28800 15
 1036 21120 11
 1037 1920 1
 1038 26880 14
 1039 1920 1
 1040 32640 17
 1041 7680 4
 1042 32640 17
 1043 1920 1
 1044 36480 19
 1045 9600 5
 1046 1920 1
 1047 30720 16
 1048 15360 8
 1049 30720 16
 1050 15360 8
 1051 11520 6
 1052 11520 6
 1053 7680 4
 1054 1920 1
 1055 1920 1
 1056 30720 16
 1057 21120 11
 1058 13440 7
 1059 3840 2
 1060 38400 20
 1061 21120 11
 1062 15360 8
 1063 17280 9
 1064 5760 3
 1065 19200 10
 1066 9600 5
 1067 13440 7
 1068 36480 19
 1069 9600 5
 1070 9600 5
 1071 32640 17
 1072 28800 15
 1073 17280 9
 1074 7680 4
 1075 38400 20
 1076 9600 5
 1077 15360 8
 1078 32640 17
 1079 13440 7
 1080 13440 7
 1081 23040 12
 1082 7680 4
 1083 13440 7
 1084 34560 18
 1085 13440 7
 1086 13440 7
 1087 7680 4
 1088 1920 1
 1089 24960 13
 1090 36480 19
 1091 9600 5
 1092 7680 4
 1093 13440 7
 1094 21120 11
 1095 11520 6
 1096 30720 16
 1097 17280 9
 1098 7680 4
 1099 1920 1
 1100 21120 11
 1101 30720 16
 1102 13440 7
 1103 21120 11
 1104 19200 10
 1105 13440 7
 1106 17280 9
 1107 15360 8
 1108 9600 5
 1109 24960 13
 1110 5760 3
 1111 19200 10
 1112 24960 13
 1113 26880 14
 1114 9600 5
 1115 7680 4
 1116 30720 16
 1117 3840 2
 1118 23040 12
 1119 15360 8
 1120 11520 6
 1121 24960 13
 1122 7680 4
 1123 9600 5
 1124 3840 2
 1125 36480 19
 1126 32640 17
 1127 21120 11
 1128 7680 4
 1129 19200 10
 1130 28800 15
 1131 30720 16
 1132 28800 15
 1133 19200 10
 1134 32640 17
 1135 36480 19
 1136 1920 1
 1137 19200 10
 1138 5760 3
 1139 34560 18
 1140 28800 15
 1141 32640 17
 1142 13440 7
 1143 9600 5
 1144 5760 3
 1145 9600 5
 1146 13440 7
 1147 24960 13
 1148 30720 16
 1149 24960 13
 1150 19200 10
 1151 5760 3
 1152 36480 19
 1153 28800 15
 1154 32640 17
 1155 36480 19
 1156 17280 9
 1157 19200 10
 1158 34560 18
 1159 28800 15
 1160 36480 19
 1161 17280 9
 1162 30720 16
 1163 23040 12
 1164 30720 16
 1165 26880 14
 1166 36480 19
 1167 21120 11
 1168 23040 12
 1169 9600 5
 1170 36480 19
 1171 24960 13
 1172 32640 17
 1173 26880 14
 1174 3840 2
 1175 3840 2
 1176 28800 15
 1177 24960 13
 1178 38400 20
 1179 17280 9
 1180 30720 16
 1181 26880 14
 1182 7680 4
 1183 11520 6
 1184 32640 17
 1185 34560 18
 1186 24960 13
 1187 9600 5
 1188 38400 20
 1189 5760 3
 1190 30720 16
 1191 19200 10
 1192 36480 19
 1193 15360 8
 1194 5760 3
 1195 3840 2
 1196 11520 6
 1197 13440 7
 1198 19200 10
 1199 34560 18
 1200 23040 12
 1201 23040 12
 1202 15360 8
 1203 7680 4
 1204 5760 3
 1205 1920 1
 1206 23040 12
 1207 17280 9
 1208 38400 20
 1209 11520 6
 1210 1920 1
 1211 15360 8
 1212 15360 8
 1213 34560 18
 1214 5760 3
 1215 15360 8
 1216 7680 4
 1217 17280 9
 1218 3840 2
 1219 26880 14
 1220 3840 2
 1221 9600 5
 1222 36480 19
 1223 1920 1
 1224 11520 6
 1225 11520 6
 1226 23040 12
 1227 24960 13
 1228 23040 12
 1229 26880 14
 1230 24960 13
 1231 34560 18
 1232 23040 12
 1233 23040 12
 1234 15360 8
 1235 32640 17
 1236 28800 15
 1237 13440 7
 1238 23040 12
 1239 28800 15
 1240 15360 8
 1241 30720 16
 1242 34560 18
 1243 19200 10
 1244 15360 8
 1245 26880 14
 1246 9600 5
 1247 23040 12
 1248 26880 14
 1249 30720 16
 1250 1920 1
 1251 23040 12
 1252 5760 3
 1253 1920 1
 1254 1920 1
 1255 32640 17
 1256 30720 16
 1257 36480 19
 1258 26880 14
 1259 9600 5
 1260 1920 1
 1261 3840 2
 1262 13440 7
 1263 34560 18
 1264 1920 1
 1265 28800 15
 1266 9600 5
 1267 38400 20
 1268 15360 8
 1269 15360 8
 1270 32640 17
 1271 21120 11
 1272 5760 3
 1273 30720 16
 1274 5760 3
 1275 15360 8
 1276 15360 8
 1277 13440 7
 1278 7680 4
 1279 32640 17
 1280 36480 19
 1281 24960 13
 1282 17280 9
 1283 13440 7
 1284 7680 4
 1285 36480 19
 1286 30720 16
 1287 13440 7
 1288 34560 18
 1289 28800 15
 1290 1920 1
 1291 24960 13
 1292 24960 13
 1293 32640 17
 1294 38400 20
 1295 9600 5
 1296 17280 9
 1297 11520 6
 1298 5760 3
 1299 30720 16
 1300 38400 20
 1301 30720 16
 1302 34560 18
 1303 7680 4
 1304 23040 12
 1305 21120 11
 1306 17280 9
 1307 30720 16
 1308 28800 15
 1309 23040 12
 1310 7680 4
 1311 36480 19
 1312 30720 16
 1313 32640 17
 1314 15360 8
 1315 13440 7
 1316 23040 12
 1317 13440 7
 1318 9600 5
 1319 17280 9
 1320 7680 4
 1321 36480 19
 1322 3840 2
 1323 34560 18
 1324 15360 8
 1325 19200 10
 1326 28800 15
 1327 5760 3
 1328 3840 2
 1329 9600 5
 1330 5760 3
 1331 30720 16
 1332 15360 8
 1333 24960 13
 1334 9600 5
 1335 5760 3
 1336 9600 5
 1337 30720 16
 1338 36480 19
 1339 24960 13
 1340 15360 8
 1341 21120 11
 1342 34560 18
 1343 11520 6
 1344 38400 20
 1345 7680 4
 1346 1920 1
 1347 17280 9
 1348 24960 13
 1349 3840 2
 1350 11520 6
 1351 3840 2
 1352 38400 20
 1353 17280 9
 1354 9600 5
 1355 11520 6
 1356 32640 17
 1357 5760 3
 1358 3840 2
 1359 23040 12
 1360 21120 11
 1361 28800 15
 1362 5760 3
 1363 17280 9
 1364 38400 20
 1365 7680 4
 1366 26880 14
 1367 24960 13
 1368 34560 18
 1369 3840 2
 1370 13440 7
 1371 30720 16
 1372 28800 15
 1373 15360 8
 1374 30720 16
 1375 32640 17
 1376 23040 12
 1377 34560 18
 1378 38400 20
 1379 9600 5
 1380 26880 14
 1381 1920 1
 1382 15360 8
 1383 11520 6
 1384 15360 8
 1385 32640 17
 1386 32640 17
 1387 21120 11
 1388 13440 7
 1389 23040 12
 1390 7680 4
 1391 9600 5
 1392 36480 19
 1393 11520 6
 1394 7680 4
 1395 17280 9
 1396 26880 14
 1397 19200 10
 1398 19200 10
 1399 30720 16
 1400 26880 14
 1401 19200 10
 1402 23040 12
 1403 7680 4
 1404 9600 5
 1405 19200 10
 1406 17280 9
 1407 30720 16
 1408 3840 2
 1409 38400 20
 1410 17280 9
 1411 5760 3
 1412 28800 15
 1413 1920 1
 1414 24960 13
 1415 34560 18
 1416 9600 5
 1417 17280 9
 1418 5760 3
 1419 24960 13
 1420 38400 20
 1421 13440 7
 1422 11520 6
 1423 9600 5
 1424 11520 6
 1425 9600 5
 1426 9600 5
 1427 17280 9
 1428 7680 4
 1429 9600 5
 1430 11520 6
 1431 19200 10
 1432 36480 19
 1433 21120 11
 1434 3840 2
 1435 11520 6
 1436 13440 7
 1437 7680 4
 1438 21120 11
 1439 21120 11
 1440 23040 12
 1441 19200 10
 1442 5760 3
 1443 11520 6
 1444 19200 10
 1445 38400 20
 1446 13440 7
 1447 7680 4
 1448 38400 20
 1449 11520 6
 1450 38400 20
 1451 28800 15
 1452 36480 19
 1453 32640 17
 1454 26880 14
 1455 21120 11
 1456 17280 9
 1457 7680 4
 1458 11520 6
 1459 24960 13
 1460 3840 2
 1461 11520 6
 1462 19200 10
 1463 1920 1
 1464 26880 14
 1465 15360 8
 1466 28800 15
 1467 28800 15
 1468 36480 19
 1469 28800 15
 1470 3840 2
 1471 1920 1
 1472 34560 18
 1473 13440 7
 1474 38400 20
 1475 38400 20
 1476 34560 18
 1477 3840 2
 1478 34560 18
 1479 26880 14
 1480 15360 8
 1481 19200 10
 1482 28800 15
 1483 28800 15
 1484 19200 10
 1485 15360 8
 1486 21120 11
 1487 26880 14
 1488 17280 9
 1489 15360 8
 1490 17280 9
 1491 23040 12
 1492 36480 19
 1493 19200 10
 1494 38400 20
 1495 1920 1
 1496 9600 5
 1497 5760 3
 1498 32640 17
 1499 28800 15
 1500 38400 20
 1501 17280 9
 1502 24960 13
 1503 26880 14
 1504 5760 3
 1505 13440 7
 1506 24960 13
 1507 9600 5
 1508 36480 19
 1509 9600 5
 1510 13440 7
 1511 9600 5
 1512 17280 9
 1513 24960 13
 1514 28800 15
 1515 19200 10
 1516 17280 9
 1517 7680 4
 1518 5760 3
 1519 9600 5
 1520 24960 13
 1521 24960 13
 1522 34560 18
 1523 7680 4
 1524 5760 3
 1525 7680 4
 1526 34560 18
 1527 11520 6
 1528 26880 14
 1529 24960 13
 1530 21120 11
 1531 1920 1
 1532 36480 19
 1533 26880 14
 1534 1920 1
 1535 21120 11
 1536 19200 10
 1537 17280 9
 1538 11520 6
 1539 15360 8
 1540 5760 3
 1541 3840 2
 1542 3840 2
 1543 38400 20
 1544 7680 4
 1545 32640 17
 1546 38400 20
 1547 36480 19
 1548 17280 9
 1549 11520 6
 1550 36480 19
 1551 32640 17
 1552 32640 17
 1553 30720 16
 1554 36480 19
 1555 19200 10
 1556 23040 12
 1557 23040 12
 1558 17280 9
 1559 28800 15
 1560 36480 19
 1561 30720 16
 1562 24960 13
 1563 15360 8
 1564 36480 19
 1565 24960 13
 1566 26880 14
 1567 26880 14
 1568 3840 2
 1569 38400 20
 1570 3840 2
 1571 26880 14
 1572 13440 7
 1573 28800 15
 1574 32640 17
 1575 24960 13
 1576 19200 10
 1577 5760 3
 1578 24960 13
 1579 5760 3
 1580 3840 2
 1581 24960 13
 1582 34560 18
 1583 28800 15
 1584 30720 16
 1585 38400 20
 1586 15360 8
 1587 13440 7
 1588 36480 19
 1589 30720 16
 1590 38400 20
 1591 24960 13
 1592 19200 10
 1593 5760 3
 1594 11520 6
 1595 11520 6
 1596 34560 18
 1597 23040 12
 1598 5760 3
 1599 36480 19
 1600 15360 8
 1601 21120 11
 1602 32640 17
 1603 19200 10
 1604 17280 9
 1605 24960 13
 1606 5760 3
 1607 11520 6
 1608 15360 8
 1609 5760 3
 1610 34560 18
 1611 3840 2
 1612 21120 11
 1613 1920 1
 1614 5760 3
 1615 1920 1
 1616 13440 7
 1617 5760 3
 1618 36480 19
 1619 24960 13
 1620 3840 2
 1621 3840 2
 1622 13440 7
 1623 7680 4
 1624 34560 18
 1625 13440 7
 1626 28800 15
 1627 3840 2
 1628 5760 3
 1629 17280 9
 1630 13440 7
 1631 36480 19
 1632 30720 16
 1633 9600 5
 1634 13440 7
 1635 30720 16
 1636 1920 1
 1637 30720 16
 1638 17280 9
 1639 11520 6
 1640 3840 2
 1641 15360 8
 1642 11520 6
 1643 17280 9
 1644 23040 12
 1645 13440 7
 1646 9600 5
 1647 32640 17
 1648 1920 1
 1649 32640 17
 1650 13440 7
 1651 24960 13
 1652 23040 12
 1653 26880 14
 1654 15360 8
 1655 28800 15
 1656 7680 4
 1657 17280 9
 1658 3840 2
 1659 26880 14
 1660 21120 11
 1661 26880 14
 1662 1920 1
 1663 3840 2
 1664 15360 8
 1665 7680 4
 1666 5760 3
 1667 11520 6
 1668 36480 19
 1669 1920 1
 1670 5760 3
 1671 24960 13
 1672 19200 10
 1673 21120 11
 1674 11520 6
 1675 23040 12
 1676 19200 10
 1677 28800 15
 1678 36480 19
 1679 1920 1
 1680 9600 5
 1681 32640 17
 1682 30720 16
 1683 23040 12
 1684 13440 7
 1685 28800 15
 1686 13440 7
 1687 32640 17
 1688 13440 7
 1689 21120 11
 1690 23040 12
 1691 5760 3
 1692 34560 18
 1693 15360 8
 1694 32640 17
 1695 3840 2
 1696 36480 19
 1697 7680 4
 1698 17280 9
 1699 30720 16
 1700 17280 9
 1701 15360 8
 1702 11520 6
 1703 1920 1
 1704 34560 18
 1705 9600 5
 1706 1920 1
 1707 13440 7
 1708 24960 13
 1709 3840 2
 1710 5760 3
 1711 7680 4
 1712 11520 6
 1713 7680 4
 1714 5760 3
 1715 9600 5
 1716 38400 20
 1717 3840 2
 1718 24960 13
 1719 11520 6
 1720 26880 14
 1721 7680 4
 1722 24960 13
 1723 15360 8
 1724 24960 13
 1725 21120 11
 1726 23040 12
 1727 9600 5
 1728 7680 4
 1729 30720 16
 1730 13440 7
 1731 28800 15
 1732 13440 7
 1733 5760 3
 1734 3840 2
 1735 13440 7
 1736 15360 8
 1737 32640 17
 1738 26880 14
 1739 9600 5
 1740 34560 18
 1741 9600 5
 1742 32640 17
 1743 38400 20
 1744 3840 2
 1745 19200 10
 1746 1920 1
 1747 34560 18
 1748 30720 16
 1749 19200 10
 1750 32640 17
 1751 26880 14
 1752 17280 9
 1753 9600 5
 1754 32640 17
 1755 19200 10
 1756 38400 20
 1757 23040 12
 1758 17280 9
 1759 13440 7
 1760 21120 11
 1761 26880 14
 1762 11520 6
 1763 15360 8
 1764 36480 19
 1765 28800 15
 1766 11520 6
 1767 23040 12
 1768 5760 3
 1769 17280 9
 1770 3840 2
 1771 19200 10
 1772 23040 12
 1773 34560 18
 1774 26880 14
 1775 38400 20
 1776 21120 11
 1777 36480 19
 1778 28800 15
 1779 17280 9
 1780 36480 19
 1781 28800 15
 1782 21120 11
 1783 30720 16
 1784 21120 11
 1785 3840 2
 1786 3840 2
 1787 38400 20
 1788 19200 10
 1789 21120 11
 1790 21120 11
 1791 3840 2
 1792 28800 15
 1793 7680 4
 1794 13440 7
 1795 17280 9
 1796 13440 7
 1797 30720 16
 1798 17280 9
 1799 11520 6
 1800 32640 17
 1801 38400 20
 1802 24960 13
 1803 3840 2
 1804 34560 18
 1805 36480 19
 1806 13440 7
 1807 26880 14
 1808 9600 5
 1809 23040 12
 1810 28800 15
 1811 19200 10
 1812 13440 7
 1813 30720 16
 1814 11520 6
 1815 13440 7
 1816 26880 14
 1817 26880 14
 1818 7680 4
 1819 1920 1
 1820 26880 14
 1821 38400 20
 1822 38400 20
 1823 38400 20
 1824 15360 8
 1825 28800 15
 1826 7680 4
 1827 34560 18
 1828 7680 4
 1829 1920 1
 1830 28800 15
 1831 30720 16
 1832 30720 16
 1833 13440 7
 1834 30720 16
 1835 21120 11
 1836 9600 5
 1837 32640 17
 1838 36480 19
 1839 13440 7
 1840 30720 16
 1841 7680 4
 1842 34560 18
 1843 5760 3
 1844 32640 17
 1845 9600 5
 1846 7680 4
 1847 3840 2
 1848 17280 9
 1849 15360 8
 1850 23040 12
 1851 1920 1
 1852 19200 10
 1853 9600 5
 1854 30720 16
 1855 5760 3
 1856 1920 1
 1857 15360 8
 1858 32640 17
 1859 21120 11
 1860 7680 4
 1861 34560 18
 1862 24960 13
 1863 19200 10
 1864 19200 10
 1865 9600 5
 1866 30720 16
 1867 3840 2
 1868 38400 20
 1869 28800 15
 1870 11520 6
 1871 21120 11
 1872 1920 1
 1873 34560 18
 1874 34560 18
 1875 11520 6
 1876 1920 1
 1877 5760 3
 1878 11520 6
 1879 9600 5
 1880 7680 4
 1881 5760 3
 1882 13440 7
 1883 11520 6
 1884 13440 7
 1885 15360 8
 1886 15360 8
 1887 3840 2
 1888 19200 10
 1889 28800 15
 1890 1920 1
 1891 24960 13
 1892 26880 14
 1893 38400 20
 1894 30720 16
 1895 17280 9
 1896 30720 16
 1897 26880 14
 1898 30720 16
 1899 15360 8
 1900 21120 11
 1901 13440 7
 1902 26880 14
 1903 9600 5
 1904 3840 2
 1905 7680 4
 1906 9600 5
 1907 19200 10
 1908 26880 14
 1909 7680 4
 1910 1920 1
 1911 34560 18
 1912 23040 12
 1913 17280 9
 1914 11520 6
 1915 17280 9
 1916 19200 10
 1917 13440 7
 1918 32640 17
 1919 1920 1
 1920 21120 11
30720