205
 1 820 4
 2 3075 15
 3 615 3
 4 2665 13
 5 1640 8
 6 410 2
 7 1025 5
 8 1025 5
 9 2665 13
 10 615 3
 11 4100 20
 12 2870 14
 13 615 3
 14 2050 10
 15 1435 7
 16 2255 11
 17 410 2
 18 3280 16
 19 3485 17
 20 205 1
 21 3485 17
 22 4100 20
 23 1845 9
 24 1230 6
 25 410 2
 26 3690 18
 27 615 3
 28 820 4
 29 2870 14
 30 820 4
 31 3690 18
 32 3895 19
 33 3485 17
 34 1230 6
 35 1435 7
 36 205 1
 37 3895 19
 38 1025 5
 39 1230 6
 40 4100 20
 41 1230 6
 42 1435 7
 43 3690 18
 44 1640 8
 45 2255 11
 46 3690 18
 47 2870 14
 48 3485 17
 49 615 3
 50 3690 18
 51 1230 6
 52 1640 8
 53 1025 5
 54 2050 10
 55 820 4
 56 3690 18
 57 820 4
 58 2255 11
 59 1845 9
 60 1640 8
 61 3485 17
 62 1435 7
 63 2665 13
 64 2665 13
 65 1435 7
 66 410 2
 67 615 3
 68 3280 16
 69 2050 10
 70 3485 17
 71 2665 13
 72 3485 17
 73 410 2
 74 615 3
 75 3895 19
 76 3690 18
 77 2050 10
 78 4100 20
 79 1845 9
 80 3075 15
 81 3485 17
 82 1025 5
 83 1435 7
 84 410 2
 85 2870 14
 86 2255 11
 87 3075 15
 88 1025 5
 89 1025 5
 90 2255 11
 91 1435 7
 92 3485 17
 93 820 4
 94 2050 10
 95 2050 10
 96 4100 20
 97 1025 5
 98 2665 13
 99 3075 15
 100 3690 18
 101 2050 10
 102 1230 6
 103 2050 10
 104 1640 8
 105 615 3
 106 2665 13
 107 3895 19
 108 3690 18
 109 2050 10
 110 2870 14
 111 1640 8
 112 3690 18
 113 1845 9
 114 820 4
 115 2460 12
 116 3690 18
 117 820 4
 118 205 1
 119 3485 17
 120 3485 17
 121 3280 16
 122 2665 13
 123 3485 17
 124 1640 8
 125 410 2
 126 2665 13
 127 2255 11
 128 2050 10
 129 2460 12
 130 3485 17
 131 410 2
 132 2255 11
 133 2665 13
 134 3485 17
 135 1435 7
 136 205 1
 137 3280 16
 138 205 1
 139 1230 6
 140 1230 6
 141 1435 7
 142 2460 12
 143 1845 9
 144 3895 19
 145 1640 8
 146 820 4
 147 3485 17
 148 4100 20
 149 2460 12
 150 3690 18
 151 3485 17
 152 1845 9
 153 2050 10
 154 2050 10
 155 205 1
 156 3690 18
 157 2050 10
 158 3280 16
 159 820 4
 160 1845 9
 161 3895 19
 162 2050 10
 163 1435 7
 164 3280 16
 165 205 1
 166 2050 10
 167 3485 17
 168 2460 12
 169 410 2
 170 3895 19
 171 1025 5
 172 3895 19
 173 205 1
 174 1640 8
 175 1640 8
 176 4100 20
 177 1435 7
 178 1640 8
 179 2665 13
 180 410 2
 181 1640 8
 182 3895 19
 183 3075 15
 184 2870 14
 185 2460 12
 186 3280 16
 187 3280 16
 188 2460 12
 189 1845 9
 190 3485 17
 191 2870 14
 192 615 3
 193 3690 18
 194 4100 20
 195 3485 17
 196 3075 15
 197 4100 20
 198 1435 7
 199 1025 5
 200 2050 10
 201 1025 5
 202 2870 14
 203 205 1
 204 1435 7
 205 4100 20
3895