2209
 1 4418 2
 2 37536 17
 3 11035 5
 4 35296 16
 5 28665 13
 6 15428 7
 7 19827 9
 8 26424 12
 9 39618 18
 10 28600 13
 11 6597 3
 12 26376 12
 13 17576 8
 14 8784 4
 15 19755 9
 16 17552 8
 17 30702 14
 18 41648 19
 19 37247 17
 20 10950 5
 21 4378 2
 22 13128 6
 23 28431 13
 24 30604 14
 25 4370 2
 26 6552 3
 27 6549 3
 28 19638 9
 29 26172 12
 30 43600 20
 31 32685 15
 32 23958 11
 33 6531 3
 34 8704 4
 35 26100 12
 36 19566 9
 37 17384 8
 38 19548 9
 39 2171 1
 40 6510 3
 41 30366 14
 42 30352 14
 43 36839 17
 44 34656 16
 45 41135 19
 46 25968 12
 47 17304 8
 48 10810 5
 49 10805 5
 50 15120 7
 51 30226 14
 52 43160 20
 53 30198 14
 54 8624 4
 55 28015 13
 56 30156 14
 57 10765 5
 58 36584 17
 59 27963 13
 60 6450 3
 61 8596 4
 62 6444 3
 63 23617 11
 64 38628 18
 65 25740 12
 66 32160 15
 67 8572 4
 68 17136 8
 69 14987 7
 70 36380 17
 71 25668 12
 72 25656 12
 73 6411 3
 74 42720 20
 75 21350 10
 76 21340 10
 77 12798 6
 78 42640 20
 79 40489 19
 80 40470 19
 81 12774 6
 82 38304 18
 83 10635 5
 84 2126 1
 85 40375 19
 86 29736 14
 87 21230 10
 88 14854 7
 89 8484 4
 90 21200 10
 91 38142 18
 92 12708 6
 93 19053 9
 94 21160 10
 95 4230 2
 96 14798 7
 97 35921 17
 98 25344 12
 99 21110 10
 100 8440 4
 101 25308 12
 102 40052 19
 103 33712 16
 104 16848 8
 105 33680 16
 106 31560 15
 107 27339 13
 108 16816 8
 109 2101 1
 110 4200 2
 111 39881 19
 112 12588 6
 113 33552 16
 114 8384 4
 115 10475 5
 116 2094 1
 117 39767 19
 118 33472 16
 119 39729 19
 120 31350 15
 121 6267 3
 122 18792 9
 123 18783 9
 124 10430 5
 125 2085 1
 126 14588 7
 127 22913 11
 128 10410 5
 129 10405 5
 130 18720 9
 131 31185 15
 132 31170 15
 133 35309 17
 134 8304 4
 135 22825 11
 136 10370 5
 137 35241 17
 138 8288 4
 139 12426 6
 140 16560 8
 141 31035 15
 142 22748 11
 143 24804 12
 144 16528 8
 145 22715 11
 146 14448 7
 147 37134 18
 148 2062 1
 149 4122 2
 150 32960 16
 151 30885 15
 152 28812 14
 153 30855 15
 154 8224 4
 155 2055 1
 156 4108 2
 157 2053 1
 158 10260 5
 159 26663 13
 160 26650 13
 161 10245 5
 162 24576 12
 163 22517 11
 164 38874 19
 165 12270 6
 166 18396 9
 167 30645 15
 168 38798 19
 169 24492 12
 170 38760 19
 171 24468 12
 172 18342 9
 173 2037 1
 174 38684 19
 175 24420 12
 176 4068 2
 177 34561 17
 178 28448 14
 179 8124 4
 180 40600 20
 181 14203 7
 182 28392 14
 183 4054 2
 184 40520 20
 185 34425 17
 186 24288 12
 187 18207 9
 188 12132 6
 189 28294 14
 190 14140 7
 191 20190 10
 192 14126 7
 193 8068 4
 194 14112 7
 195 22165 11
 196 24168 12
 197 34221 17
 198 2012 1
 199 16088 8
 200 20100 10
 201 32144 16
 202 10040 5
 203 24084 12
 204 22066 11
 205 18045 9
 206 26052 13
 207 4006 2
 208 34034 17
 209 2001 1
 210 32000 16
 211 17991 9
 212 23976 12
 213 37943 19
 214 15968 8
 215 7980 4
 216 39880 20
 217 13951 7
 218 3984 2
 219 23892 12
 220 27860 14
 221 23868 12
 222 1988 1
 223 29805 15
 224 29790 15
 225 27790 14
 226 5952 3
 227 5949 3
 228 35676 18
 229 35658 18
 230 7920 4
 231 11874 6
 232 15824 8
 233 1977 1
 234 9880 5
 235 33575 17
 236 33558 17
 237 33541 17
 238 25636 13
 239 5913 3
 240 27580 14
 241 15752 8
 242 21648 11
 243 23604 12
 244 19660 10
 245 25545 13
 246 1964 1
 247 39260 20
 248 21582 11
 249 19610 10
 250 29400 15
 251 15672 8
 252 13706 7
 253 35226 18
 254 21516 11
 255 33235 17
 256 39080 20
 257 29295 15
 258 23424 12
 259 33167 17
 260 3900 2
 261 3898 2
 262 35064 18
 263 23364 12
 264 1946 1
 265 27230 14
 266 33048 17
 267 33031 17
 268 21362 11
 269 11646 6
 270 21340 11
 271 23268 12
 272 36822 19
 273 7748 4
 274 34848 18
 275 5805 3
 276 38680 20
 277 7732 4
 278 9660 5
 279 23172 12
 280 13510 7
 281 36651 19
 282 38560 20
 283 17343 9
 284 19260 10
 285 1925 1
 286 36556 19
 287 3846 2
 288 1922 1
 289 9605 5
 290 32640 17
 291 32623 17
 292 34524 18
 293 9585 5
 294 5748 3
 295 34470 18
 296 13398 7
 297 32521 17
 298 3824 2
 299 30576 16
 300 26740 14
 301 13363 7
 302 30528 16
 303 20977 11
 304 17154 9
 305 24765 13
 306 20944 11
 307 9515 5
 308 34236 18
 309 7604 4
 310 11400 6
 311 11394 6
 312 13286 7
 313 5691 3
 314 7584 4
 315 17055 9
 316 5682 3
 317 20823 11
 318 11352 6
 319 5673 3
 320 24570 13
 321 34002 18
 322 20768 11
 323 16983 9
 324 13202 7
 325 20735 11
 326 22608 12
 327 16947 9
 328 9410 5
 329 30096 16
 330 5640 3
 331 5637 3
 332 13146 7
 333 5631 3
 334 11256 6
 335 22500 12
 336 22488 12
 337 20603 11
 338 11232 6
 339 28065 15
 340 28050 15
 341 22428 12
 342 18680 10
 343 26138 14
 344 33588 18
 345 1865 1
 346 5592 3
 347 35397 19
 348 24206 13
 349 18610 10
 350 20460 11
 351 37180 20
 352 22296 12
 353 33426 18
 354 12992 7
 355 31535 17
 356 12978 7
 357 31501 17
 358 12964 7
 359 1851 1
 360 24050 13
 361 18490 10
 362 24024 13
 363 1847 1
 364 20306 11
 365 5535 3
 366 33192 18
 367 35017 19
 368 11052 6
 369 7364 4
 370 9200 5
 371 9195 5
 372 9190 5
 373 11022 6
 374 23868 13
 375 5505 3
 376 11004 6
 377 34827 19
 378 3664 2
 379 27465 15
 380 16470 9
 381 25606 14
 382 36560 20
 383 14616 8
 384 36520 20
 385 25550 14
 386 7296 4
 387 25522 14
 388 7288 4
 389 36420 20
 390 18200 10
 391 3638 2
 392 12726 7
 393 21804 12
 394 1816 1
 395 21780 12
 396 32652 18
 397 1813 1
 398 19932 11
 399 18110 10
 400 36200 20
 401 5427 3
 402 27120 15
 403 10842 6
 404 34314 19
 405 16245 9
 406 36080 20
 407 27045 15
 408 5406 3
 409 10806 6
 410 9000 5
 411 25186 14
 412 19778 11
 413 17970 10
 414 35920 20
 415 1795 1
 416 30498 17
 417 5379 3
 418 8960 5
 419 25074 14
 420 34010 19
 421 33991 19
 422 30396 17
 423 3574 2
 424 10716 6
 425 26775 15
 426 24976 14
 427 3566 2
 428 12474 7
 429 7124 4
 430 30260 17
 431 5337 3
 432 24892 14
 433 23101 13
 434 24864 14
 435 14200 8
 436 19514 11
 437 14184 8
 438 23036 13
 439 14168 8
 440 23010 13
 441 8845 5
 442 26520 15
 443 5301 3
 444 35320 20
 445 7060 4
 446 17640 10
 447 19393 11
 448 35240 20
 449 21132 12
 450 35200 20
 451 17590 10
 452 14064 8
 453 5271 3
 454 21072 12
 455 14040 8
 456 22802 13
 457 35060 20
 458 10512 6
 459 7004 4
 460 1750 1
 461 34980 20
 462 19228 11
 463 24458 14
 464 5238 3
 465 22685 13
 466 19184 11
 467 19173 11
 468 22646 13
 469 15669 9
 470 8700 5
 471 8695 5
 472 13904 8
 473 8685 5
 474 22568 13
 475 15615 9
 476 19074 11
 477 27728 16
 478 31176 18
 479 29427 17
 480 34600 20
 481 31122 18
 482 34560 20
 483 12089 7
 484 8630 5
 485 5175 3
 486 13792 8
 487 31014 18
 488 10332 6
 489 25815 15
 490 30960 18
 491 29223 17
 492 3436 2
 493 29189 17
 494 13728 8
 495 17150 10
 496 10284 6
 497 32547 19
 498 1712 1
 499 22243 13
 500 34200 20
 501 10254 6
 502 18788 11
 503 6828 4
 504 8530 5
 505 20460 12
 506 23856 14
 507 20436 12
 508 1702 1
 509 32319 19
 510 11900 7
 511 18689 11
 512 23772 14
 513 8485 5
 514 32224 19
 515 6780 4
 516 1694 1
 517 25395 15
 518 8460 5
 519 32129 19
 520 21970 13
 521 21957 13
 522 5064 3
 523 18557 11
 524 26976 16
 525 28645 17
 526 25260 15
 527 26928 16
 528 23548 14
 529 16810 10
 530 5040 3
 531 21827 13
 532 11746 7
 533 10062 6
 534 13408 8
 535 26800 16
 536 26784 16
 537 10038 6
 538 18392 11
 539 3342 2
 540 1670 1
 541 20028 12
 542 15012 9
 543 10002 6
 544 9996 6
 545 28305 17
 546 29952 18
 547 6652 4
 548 9972 6
 549 3322 2
 550 11620 7
 551 33180 20
 552 4974 3
 553 19884 12
 554 26496 16
 555 28135 17
 556 4962 3
 557 28101 17
 558 4956 3
 559 21463 13
 560 3300 2
 561 16490 10
 562 19776 12
 563 11529 7
 564 11522 7
 565 23030 14
 566 9864 6
 567 1643 1
 568 13136 8
 569 3282 2
 570 22960 14
 571 19668 12
 572 8190 5
 573 29466 18
 574 6544 4
 575 21255 13
 576 24510 15
 577 19596 12
 578 8160 5
 579 17941 11
 580 30970 19
 581 14661 9
 582 22792 14
 583 4881 3
 584 11382 7
 585 16250 10
 586 29232 18
 587 14607 9
 588 11354 7
 589 9726 6
 590 12960 8
 591 16190 10
 592 30742 19
 593 4851 3
 594 27472 17
 595 3230 2
 596 9684 6
 597 16130 10
 598 4836 3
 599 11277 7
 600 25760 16
 601 17699 11
 602 17688 11
 603 8035 5
 604 25696 16
 605 32100 20
 606 12832 8
 607 12824 8
 608 28836 18
 609 11207 7
 610 28800 18
 611 4797 3
 612 11186 7
 613 25552 16
 614 27132 17
 615 3190 2
 616 17534 11
 617 30267 19
 618 20696 13
 619 19092 12
 620 19080 12
 621 22246 14
 622 19056 12
 623 20631 13
 624 28548 18
 625 9510 6
 626 30096 19
 627 26911 17
 628 20566 13
 629 22134 14
 630 28440 18
 631 14211 9
 632 25248 16
 633 29963 19
 634 9456 6
 635 6300 4
 636 25184 16
 637 29887 19
 638 17292 11
 639 31420 20
 640 3140 2
 641 14121 9
 642 10976 7
 643 28206 18
 644 15660 10
 645 25040 16
 646 1564 1
 647 15630 10
 648 31240 20
 649 4683 3
 650 31200 20
 651 12472 8
 652 20254 13
 653 18684 12
 654 6224 4
 655 29545 19
 656 29526 19
 657 13977 9
 658 3104 2
 659 31020 20
 660 4650 3
 661 9294 6
 662 27864 18
 663 1547 1
 664 17006 11
 665 13905 9
 666 30880 20
 667 29317 19
 668 27756 18
 669 26197 17
 670 16940 11
 671 15390 10
 672 19994 13
 673 23055 15
 674 7680 5
 675 10745 7
 676 4602 3
 677 1533 1
 678 27576 18
 679 12248 8
 680 19890 13
 681 30580 20
 682 25976 17
 683 25959 17
 684 27468 18
 685 6100 4
 686 9144 6
 687 16753 11
 688 12176 8
 689 4563 3
 690 30400 20
 691 12152 8
 692 15180 10
 693 7585 5
 694 7580 5
 695 19695 13
 696 1514 1
 697 16643 11
 698 3024 2
 699 19643 13
 700 22650 15
 701 19617 13
 702 28652 19
 703 28633 19
 704 16566 11
 705 9030 6
 706 25568 17
 707 21042 14
 708 30040 20
 709 24016 16
 710 1500 1
 711 4497 3
 712 10486 7
 713 13473 9
 714 29920 20
 715 2990 2
 716 29880 20
 717 5972 4
 718 1492 1
 719 25347 17
 720 23840 16
 721 8934 6
 722 25296 17
 723 10409 7
 724 8916 6
 725 19305 13
 726 5936 4
 727 7415 5
 728 7410 5
 729 20734 14
 730 20720 14
 731 2958 2
 732 8868 6
 733 20678 14
 734 28044 19
 735 14750 10
 736 5896 4
 737 14730 10
 738 22080 15
 739 27949 19
 740 11760 8
 741 11752 8
 742 11744 8
 743 26406 18
 744 4398 3
 745 20510 14
 746 13176 9
 747 2926 2
 748 14620 10
 749 7305 5
 750 24820 17
 751 1459 1
 752 8748 6
 753 11656 8
 754 7280 5
 755 14550 10
 756 29080 20
 757 29060 20
 758 4356 3
 759 15961 11
 760 10150 7
 761 10143 7
 762 26064 18
 763 8682 6
 764 1446 1
 765 2890 2
 766 12996 9
 767 4329 3
 768 11536 8
 769 20174 14
 770 7200 5
 771 10073 7
 772 28760 20
 773 11496 8
 774 18668 13
 775 2870 2
 776 4302 3
 777 1433 1
 778 5728 4
 779 4293 3
 780 12870 9
 781 27151 19
 782 18564 13
 783 25686 18
 784 9982 7
 785 14250 10
 786 21360 15
 787 18499 13
 788 25596 18
 789 14210 10
 790 14200 10
 791 8514 6
 792 7090 5
 793 22672 16
 794 22656 16
 795 8490 6
 796 25452 18
 797 9891 7
 798 19768 14
 799 12699 9
 800 5640 4
 801 18317 13
 802 9856 7
 803 22512 16
 804 22496 16
 805 28100 20
 806 23868 17
 807 25254 18
 808 16824 12
 809 11208 8
 810 2800 2
 811 18187 13
 812 8388 6
 813 22352 16
 814 16752 12
 815 15345 11
 816 27880 20
 817 13930 10
 818 2784 2
 819 26429 19
 820 20850 15
 821 18057 13
 822 27760 20
 823 27740 20
 824 12474 9
 825 1385 1
 826 27680 20
 827 27660 20
 828 19348 14
 829 13810 10
 830 11040 8
 831 4137 3
 832 2756 2
 833 13770 10
 834 24768 18
 835 27500 20
 836 6870 5
 837 17849 13
 838 8232 6
 839 20565 15
 840 21920 16
 841 10952 8
 842 23256 17
 843 10936 8
 844 23222 17
 845 5460 4
 846 27280 20
 847 4089 3
 848 10896 8
 849 9527 7
 850 14960 11
 851 12231 9
 852 5432 4
 853 9499 7
 854 24408 18
 855 6775 5
 856 24372 18
 857 8118 6
 858 27040 20
 859 2702 2
 860 6750 5
 861 13490 10
 862 6740 5
 863 12123 9
 864 12114 9
 865 10760 8
 866 20160 15
 867 24174 18
 868 10736 8
 869 16092 12
 870 4020 3
 871 24102 18
 872 12042 9
 873 8022 6
 874 22712 17
 875 24030 18
 876 9338 7
 877 17329 13
 878 2664 2
 879 9317 7
 880 19950 15
 881 21264 16
 882 15936 12
 883 19905 15
 884 3978 3
 885 22525 17
 886 7944 6
 887 5292 4
 888 18508 14
 889 21136 16
 890 9240 7
 891 17147 13
 892 1318 1
 893 23706 18
 894 13160 10
 895 2630 2
 896 5256 4
 897 2626 2
 898 2624 2
 899 1311 1
 900 14410 11
 901 2618 2
 902 13080 10
 903 10456 8
 904 3918 3
 905 10440 8
 906 10432 8
 907 24757 19
 908 7812 6
 909 3903 3
 910 9100 7
 911 18186 14
 912 2596 2
 913 11673 9
 914 23328 18
 915 24605 19
 916 6470 5
 917 6465 5
 918 2584 2
 919 7746 6
 920 23220 18
 921 11601 9
 922 18032 14
 923 20592 16
 924 16718 13
 925 3855 3
 926 12840 10
 927 3849 3
 928 8974 7
 929 16653 13
 930 1280 1
 931 1279 1
 932 20448 16
 933 1277 1
 934 5104 4
 935 22950 18
 936 11466 9
 937 16549 13
 938 25440 20
 939 22878 18
 940 17780 14
 941 15228 12
 942 7608 6
 943 1267 1
 944 17724 14
 945 13915 11
 946 12640 10
 947 2526 2
 948 6310 5
 949 25220 20
 950 1260 1
 951 6295 5
 952 16354 13
 953 16341 13
 954 23864 19
 955 12550 10
 956 21318 17
 957 2506 2
 958 11268 9
 959 16263 13
 960 21250 17
 961 11241 9
 962 1248 1
 963 4988 4
 964 24920 20
 965 2490 2
 966 13684 11
 967 21131 17
 968 24840 20
 969 4964 4
 970 1240 1
 971 14868 12
 972 7428 6
 973 24740 20
 974 19776 16
 975 8645 7
 976 2468 2
 977 1233 1
 978 7392 6
 979 13541 11
 980 23370 19
 981 18435 15
 982 20876 17
 983 15951 13
 984 4904 4
 985 6125 5
 986 22032 18
 987 1223 1
 988 4888 4
 989 1221 1
 990 15860 13
 991 15847 13
 992 24360 20
 993 1217 1
 994 17024 14
 995 2430 2
 996 24280 20
 997 14556 12
 998 10908 9
 999 4844 4
 1000 19360 16
 1001 20553 17
 1002 13288 11
 1003 8449 7
 1004 16884 14
 1005 16870 14
 1006 24080 20
 1007 10827 9
 1008 13222 11
 1009 6005 5
 1010 24000 20
 1011 9592 8
 1012 23960 20
 1013 22743 19
 1014 3588 3
 1015 23900 20
 1016 16716 14
 1017 1193 1
 1018 8344 7
 1019 21438 18
 1020 1190 1
 1021 10701 9
 1022 14256 12
 1023 10683 9
 1024 23720 20
 1025 11850 10
 1026 1184 1
 1027 20111 17
 1028 14184 12
 1029 10629 9
 1030 20060 17
 1031 12969 11
 1032 20026 17
 1033 21186 18
 1034 12936 11
 1035 21150 18
 1036 7044 6
 1037 18768 16
 1038 15236 13
 1039 19907 17
 1040 22230 19
 1041 15197 13
 1042 4672 4
 1043 4668 4
 1044 18656 16
 1045 20970 18
 1046 5820 5
 1047 13956 12
 1048 23240 20
 1049 19737 17
 1050 2320 2
 1051 10431 9
 1052 9264 8
 1053 4628 4
 1054 4624 4
 1055 3465 3
 1056 3462 3
 1057 10377 9
 1058 23040 20
 1059 11510 10
 1060 16100 14
 1061 13788 12
 1062 11480 10
 1063 10323 9
 1064 3438 3
 1065 12595 11
 1066 13728 12
 1067 8001 7
 1068 14846 13
 1069 3423 3
 1070 3420 3
 1071 21641 19
 1072 18208 16
 1073 2274 2
 1074 4544 4
 1075 2270 2
 1076 6804 6
 1077 15862 14
 1078 14716 13
 1079 22620 20
 1080 18080 16
 1081 1129 1
 1082 2256 2
 1083 18032 16
 1084 20268 18
 1085 16875 15
 1086 6744 6
 1087 15722 14
 1088 21318 19
 1089 16815 15
 1090 14560 13
 1091 12309 11
 1092 22360 20
 1093 12287 11
 1094 13392 12
 1095 12265 11
 1096 5570 5
 1097 5565 5
 1098 12232 11
 1099 16665 15
 1100 22200 20
 1101 17744 16
 1102 18836 17
 1103 13284 12
 1104 2212 2
 1105 4420 4
 1106 22080 20
 1107 8824 8
 1108 1102 1
 1109 20919 19
 1110 19800 18
 1111 10990 10
 1112 9882 9
 1113 15358 14
 1114 6576 6
 1115 2190 2
 1116 14222 13
 1117 19674 18
 1118 4368 4
 1119 1091 1
 1120 5450 5
 1121 2178 2
 1122 8704 8
 1123 6522 6
 1124 19548 18
 1125 19530 18
 1126 10840 10
 1127 1083 1
 1128 11902 11
 1129 2162 2
 1130 18360 17
 1131 2158 2
 1132 4312 4
 1133 5385 5
 1134 2152 2
 1135 3225 3
 1136 3222 3
 1137 11803 11
 1138 12864 12
 1139 10710 10
 1140 2140 2
 1141 13897 13
 1142 17088 16
 1143 19206 18
 1144 9594 9
 1145 2130 2
 1146 10640 10
 1147 1063 1
 1148 20178 19
 1149 16976 16
 1150 21200 20
 1151 20121 19
 1152 6348 6
 1153 2114 2
 1154 8448 8
 1155 10550 10
 1156 16864 16
 1157 7371 7
 1158 1052 1
 1159 7357 7
 1160 7350 7
 1161 3147 3
 1162 20960 20
 1163 2094 2
 1164 3138 3
 1165 19855 19
 1166 13572 13
 1167 11473 11
 1168 18756 18
 1169 6246 6
 1170 9360 9
 1171 18702 18
 1172 11418 11
 1173 10370 10
 1174 5180 5
 1175 17595 17
 1176 19646 19
 1177 16528 16
 1178 15480 15
 1179 14434 14
 1180 10300 10
 1181 3087 3
 1182 1028 1
 1183 18486 18
 1184 13338 13
 1185 16400 16
 1186 9216 9
 1187 17391 17
 1188 20440 20
 1189 18378 18
 1190 3060 3
 1191 20380 20
 1192 14252 14
 1193 12204 12
 1194 18288 18
 1195 2030 2
 1196 2028 2
 1197 1013 1
 1198 4048 4
 1199 3033 3
 1200 11110 11
 1201 6054 6
 1202 16128 16
 1203 11077 11
 1204 19114 19
 1205 16080 16
 1206 18072 18
 1207 12036 12
 1208 11022 11
 1209 20020 20
 1210 16000 16
 1211 11988 12
 1212 15968 16
 1213 997 1
 1214 5976 6
 1215 13930 14
 1216 994 1
 1217 15888 16
 1218 3968 4
 1219 8919 9
 1220 10890 11
 1221 18791 19
 1222 11856 12
 1223 14805 15
 1224 6902 7
 1225 1970 2
 1226 7872 8
 1227 4915 5
 1228 10802 11
 1229 7848 8
 1230 12740 13
 1231 9790 10
 1232 4890 5
 1233 14655 15
 1234 10736 11
 1235 13650 14
 1236 2922 3
 1237 9730 10
 1238 7776 8
 1239 4855 5
 1240 10670 11
 1241 2907 3
 1242 9680 10
 1243 12571 13
 1244 10626 11
 1245 12545 13
 1246 4820 5
 1247 7704 8
 1248 6734 7
 1249 7688 8
 1250 3840 4
 1251 16303 17
 1252 1916 2
 1253 19140 20
 1254 8604 9
 1255 16235 17
 1256 5724 6
 1257 6671 7
 1258 6664 7
 1259 5706 6
 1260 2850 3
 1261 949 1
 1262 18960 20
 1263 5682 6
 1264 5676 6
 1265 13230 14
 1266 12272 13
 1267 4715 5
 1268 3768 4
 1269 12233 13
 1270 940 1
 1271 10329 11
 1272 2814 3
 1273 15929 17
 1274 17784 19
 1275 11220 12
 1276 16812 18
 1277 4665 5
 1278 15844 17
 1279 18620 20
 1280 13950 15
 1281 4645 5
 1282 11136 12
 1283 11124 12
 1284 11112 12
 1285 2775 3
 1286 14784 16
 1287 3692 4
 1288 7376 8
 1289 15657 17
 1290 3680 4
 1291 4595 5
 1292 18360 20
 1293 9170 10
 1294 14656 16
 1295 14640 16
 1296 12796 14
 1297 13695 15
 1298 8208 9
 1299 13665 15
 1300 3640 4
 1301 909 1
 1302 9080 10
 1303 10884 12
 1304 15402 17
 1305 4525 5
 1306 904 1
 1307 10836 12
 1308 6314 7
 1309 5406 6
 1310 7200 8
 1311 17081 19
 1312 14368 16
 1313 14352 16
 1314 8960 10
 1315 2685 3
 1316 4470 5
 1317 9823 11
 1318 8028 9
 1319 8910 10
 1320 8010 9
 1321 14224 16
 1322 2664 3
 1323 4435 5
 1324 13290 15
 1325 6195 7
 1326 3536 4
 1327 883 1
 1328 3528 4
 1329 14977 17
 1330 16720 19
 1331 17580 20
 1332 7024 8
 1333 11401 13
 1334 11388 13
 1335 11375 13
 1336 5244 6
 1337 10476 12
 1338 14824 17
 1339 6968 8
 1340 5220 6
 1341 1738 2
 1342 1736 2
 1343 12138 14
 1344 6062 7
 1345 13840 16
 1346 14688 17
 1347 10356 12
 1348 15516 18
 1349 6888 8
 1350 860 1
 1351 14603 17
 1352 6006 7
 1353 11998 14
 1354 10272 12
 1355 15390 18
 1356 13664 16
 1357 3412 4
 1358 9372 11
 1359 3404 4
 1360 17000 20
 1361 11037 13
 1362 11872 14
 1363 16093 19
 1364 16920 20
 1365 8450 10
 1366 9284 11
 1367 15174 18
 1368 14314 17
 1369 6728 8
 1370 9240 11
 1371 9229 11
 1372 7542 9
 1373 2511 3
 1374 10868 13
 1375 13360 16
 1376 11676 14
 1377 4165 5
 1378 2496 3
 1379 16620 20
 1380 15770 19
 1381 11606 14
 1382 11592 14
 1383 9924 12
 1384 8260 10
 1385 7425 9
 1386 12360 15
 1387 13168 16
 1388 2466 3
 1389 6568 8
 1390 12300 15
 1391 7371 9
 1392 8180 10
 1393 3268 4
 1394 11424 14
 1395 4075 5
 1396 10582 13
 1397 12195 15
 1398 1624 2
 1399 13787 17
 1400 810 1
 1401 4854 6
 1402 4040 5
 1403 5649 7
 1404 6448 8
 1405 13685 17
 1406 12864 16
 1407 12045 15
 1408 1604 2
 1409 801 1
 1410 1600 2
 1411 14382 18
 1412 2394 3
 1413 2391 3
 1414 796 1
 1415 6360 8
 1416 4764 6
 1417 3172 4
 1418 9504 12
 1419 3164 4
 1420 14220 18
 1421 4734 6
 1422 1576 2
 1423 1574 2
 1424 14148 18
 1425 3925 5
 1426 9408 12
 1427 6264 8
 1428 6256 8
 1429 11715 15
 1430 10920 14
 1431 7790 10
 1432 14004 18
 1433 7770 10
 1434 14744 19
 1435 1550 2
 1436 10836 14
 1437 7730 10
 1438 6948 9
 1439 13878 18
 1440 13860 18
 1441 3845 5
 1442 9984 13
 1443 7670 10
 1444 13022 17
 1445 2295 3
 1446 11460 15
 1447 2289 3
 1448 12954 17
 1449 761 1
 1450 8360 11
 1451 3036 4
 1452 2274 3
 1453 11355 15
 1454 6048 8
 1455 2265 3
 1456 14326 19
 1457 3765 5
 1458 13536 18
 1459 9763 13
 1460 1500 2
 1461 2996 4
 1462 2992 4
 1463 747 1
 1464 11936 16
 1465 11175 15
 1466 6696 9
 1467 5201 7
 1468 2226 3
 1469 2964 4
 1470 10360 14
 1471 11085 15
 1472 2214 3
 1473 5159 7
 1474 11776 16
 1475 9555 13
 1476 3670 5
 1477 13194 18
 1478 9516 13
 1479 9503 13
 1480 13140 18
 1481 13122 18
 1482 8736 12
 1483 10178 14
 1484 4356 6
 1485 2900 4
 1486 5792 8
 1487 3615 5
 1488 13718 19
 1489 12978 18
 1490 12960 18
 1491 4314 6
 1492 10770 15
 1493 10755 15
 1494 2148 3
 1495 11440 16
 1496 7140 10
 1497 2139 3
 1498 12104 17
 1499 9243 13
 1500 2130 3
 1501 12762 18
 1502 12036 17
 1503 11312 16
 1504 9884 14
 1505 4935 7
 1506 7040 10
 1507 6327 9
 1508 10530 15
 1509 14020 20
 1510 3500 5
 1511 7689 11
 1512 8376 12
 1513 4879 7
 1514 6264 9
 1515 12510 18
 1516 8328 12
 1517 6237 9
 1518 5536 8
 1519 3455 5
 1520 3450 5
 1521 6890 10
 1522 7568 11
 1523 3435 5
 1524 4802 7
 1525 8220 12
 1526 5472 8
 1527 12977 19
 1528 5456 8
 1529 681 1
 1530 12240 18
 1531 1358 2
 1532 5424 8
 1533 7447 11
 1534 13520 20
 1535 12150 18
 1536 4044 6
 1537 10095 15
 1538 6720 10
 1539 3355 5
 1540 7370 11
 1541 12042 18
 1542 668 1
 1543 10672 16
 1544 10656 16
 1545 1330 2
 1546 4648 7
 1547 1326 2
 1548 2648 4
 1549 7932 12
 1550 11220 17
 1551 3954 6
 1552 658 1
 1553 6570 10
 1554 13120 20
 1555 5240 8
 1556 3270 5
 1557 11101 17
 1558 8476 13
 1559 5208 8
 1560 11700 18
 1561 9735 15
 1562 7776 12
 1563 9058 14
 1564 9690 15
 1565 7095 11
 1566 5796 9
 1567 4501 7
 1568 3210 5
 1569 12179 19
 1570 7040 11
 1571 12780 20
 1572 11484 18
 1573 3822 6
 1574 1908 3
 1575 8890 14
 1576 9510 15
 1577 3798 6
 1578 10112 16
 1579 11358 18
 1580 7560 12
 1581 1258 2
 1582 11304 18
 1583 3135 5
 1584 8138 13
 1585 8750 14
 1586 3120 5
 1587 3738 6
 1588 9952 16
 1589 1242 2
 1590 12400 20
 1591 7428 12
 1592 2472 4
 1593 6787 11
 1594 8624 14
 1595 1845 3
 1596 11052 18
 1597 4904 8
 1598 3672 6
 1599 1222 2
 1600 10980 18
 1601 6090 10
 1602 11552 19
 1603 9105 15
 1604 10908 18
 1605 7865 13
 1606 9664 16
 1607 4221 7
 1608 1204 2
 1609 4808 8
 1610 11400 19
 1611 2995 5
 1612 5382 9
 1613 11343 19
 1614 2384 4
 1615 5355 9
 1616 6534 11
 1617 5337 9
 1618 5920 10
 1619 2364 4
 1620 5900 10
 1621 7068 12
 1622 7056 12
 1623 6457 11
 1624 8204 14
 1625 7020 12
 1626 11096 19
 1627 6996 12
 1628 4656 8
 1629 11039 19
 1630 9280 16
 1631 10422 18
 1632 10982 19
 1633 6924 12
 1634 10944 19
 1635 9200 16
 1636 4592 8
 1637 9168 16
 1638 1144 2
 1639 10849 19
 1640 5130 9
 1641 11380 20
 1642 9656 17
 1643 1701 3
 1644 5094 9
 1645 565 1
 1646 2820 5
 1647 5067 9
 1648 3934 7
 1649 6171 11
 1650 2240 4
 1651 5031 9
 1652 6696 12
 1653 8912 16
 1654 3336 6
 1655 6105 11
 1656 8310 15
 1657 6083 11
 1658 5520 10
 1659 4959 9
 1660 1100 2
 1661 8235 15
 1662 4932 9
 1663 8752 16
 1664 1638 3
 1665 7085 13
 1666 3808 7
 1667 2715 5
 1668 5420 10
 1669 2164 4
 1670 5940 11
 1671 5929 11
 1672 1614 3
 1673 9129 17
 1674 4824 9
 1675 3745 7
 1676 6942 13
 1677 7995 15
 1678 4256 8
 1679 6903 13
 1680 1060 2
 1681 10580 20
 1682 7920 15
 1683 2635 5
 1684 1052 2
 1685 10500 20
 1686 1572 3
 1687 3138 6
 1688 9396 18
 1689 8857 17
 1690 5200 10
 1691 8823 17
 1692 4662 9
 1693 5170 10
 1694 9804 19
 1695 3090 6
 1696 4626 9
 1697 513 1
 1698 1024 2
 1699 5110 10
 1700 4080 8
 1701 3563 7
 1702 7620 15
 1703 8619 17
 1704 1518 3
 1705 3030 6
 1706 1008 2
 1707 5030 10
 1708 4518 9
 1709 5010 10
 1710 1000 2
 1711 3992 8
 1712 1494 3
 1713 4970 10
 1714 496 1
 1715 3960 8
 1716 4446 9
 1717 6902 14
 1718 4920 10
 1719 3928 8
 1720 980 2
 1721 5868 12
 1722 4392 9
 1723 9740 20
 1724 2916 6
 1725 5335 11
 1726 2420 5
 1727 6762 14
 1728 1446 3
 1729 9139 19
 1730 480 1
 1731 2874 6
 1732 7170 15
 1733 8109 17
 1734 1904 4
 1735 1900 4
 1736 948 2
 1737 5203 11
 1738 2832 6
 1739 5652 12
 1740 8460 18
 1741 3752 8
 1742 9360 20
 1743 3269 7
 1744 6524 14
 1745 4650 10
 1746 1392 3
 1747 926 2
 1748 3234 7
 1749 3688 8
 1750 6440 14
 1751 3213 7
 1752 5954 13
 1753 8226 18
 1754 5472 12
 1755 5915 13
 1756 2270 5
 1757 7248 16
 1758 9040 20
 1759 5863 13
 1760 5850 13
 1761 5837 13
 1762 5376 12
 1763 3576 8
 1764 6244 14
 1765 6230 14
 1766 8880 20
 1767 886 2
 1768 8840 20
 1769 1764 4
 1770 7040 16
 1771 8780 20
 1772 4380 10
 1773 874 2
 1774 3052 7
 1775 435 1
 1776 8680 20
 1777 4330 10
 1778 4320 10
 1779 3448 8
 1780 1720 4
 1781 2145 5
 1782 8132 19
 1783 7686 18
 1784 1278 3
 1785 5950 14
 1786 6784 16
 1787 5499 13
 1788 2532 6
 1789 1684 4
 1790 7980 19
 1791 838 2
 1792 2926 7
 1793 1668 4
 1794 7072 17
 1795 5395 13
 1796 4140 10
 1797 5782 14
 1798 3708 9
 1799 411 1
 1800 5330 13
 1801 409 1
 1802 4080 10
 1803 1221 3
 1804 7714 19
 1805 5670 14
 1806 404 1
 1807 2418 6
 1808 4422 11
 1809 6416 16
 1810 1600 4
 1811 6783 17
 1812 3184 8
 1813 4764 12
 1814 1980 5
 1815 1185 3
 1816 5122 13
 1817 6681 17
 1818 2744 7
 1819 2737 7
 1820 5460 14
 1821 4668 12
 1822 2716 7
 1823 1161 3
 1824 6176 16
 1825 4235 11
 1826 2304 6
 1827 1915 5
 1828 7640 20
 1829 3429 9
 1830 2280 6
 1831 3790 10
 1832 3780 10
 1833 1508 4
 1834 7520 20
 1835 1875 5
 1836 3366 9
 1837 2984 8
 1838 744 2
 1839 5194 14
 1840 370 1
 1841 5535 15
 1842 368 1
 1843 6606 18
 1844 732 2
 1845 730 2
 1846 4732 13
 1847 3630 10
 1848 6154 17
 1849 6498 18
 1850 5040 14
 1851 2513 7
 1852 3938 11
 1853 4641 13
 1854 1068 3
 1855 4970 14
 1856 4248 12
 1857 5648 16
 1858 3168 9
 1859 6669 19
 1860 4200 12
 1861 3141 9
 1862 1044 3
 1863 1041 3
 1864 346 1
 1865 1035 3
 1866 344 1
 1867 6174 18
 1868 6840 20
 1869 6479 19
 1870 2040 6
 1871 4068 12
 1872 3042 9
 1873 3707 11
 1874 1008 3
 1875 5360 16
 1876 4676 14
 1877 1998 6
 1878 2656 8
 1879 3972 12
 1880 5280 16
 1881 3290 10
 1882 2296 7
 1883 3597 11
 1884 2934 9
 1885 5525 17
 1886 2592 8
 1887 6137 19
 1888 6440 20
 1889 2247 7
 1890 4800 15
 1891 3509 11
 1892 3180 10
 1893 3804 12
 1894 2844 9
 1895 2520 8
 1896 6280 20
 1897 2817 9
 1898 5616 18
 1899 4354 14
 1900 3720 12
 1901 6180 20
 1902 5236 17
 1903 4605 15
 1904 2448 8
 1905 3355 11
 1906 1520 5
 1907 1212 4
 1908 5134 17
 1909 3612 12
 1910 2100 7
 1911 4186 14
 1912 1490 5
 1913 3861 13
 1914 5032 17
 1915 4425 15
 1916 4410 15
 1917 2930 10
 1918 1752 6
 1919 5238 18
 1920 4060 14
 1921 2601 9
 1922 864 3
 1923 4305 15
 1924 4576 16
 1925 4560 16
 1926 3692 13
 1927 3679 13
 1928 564 2
 1929 1124 4
 1930 2240 8
 1931 2790 10
 1932 1112 4
 1933 1662 6
 1934 4140 15
 1935 3575 13
 1936 3836 14
 1937 4368 16
 1938 4080 15
 1939 2981 11
 1940 5130 19
 1941 1076 4
 1942 4288 16
 1943 801 3
 1944 266 1
 1945 2385 9
 1946 1320 5
 1947 1315 5
 1948 4716 18
 1949 2871 11
 1950 4940 19
 1951 3367 13
 1952 3096 12
 1953 2827 11
 1954 2560 10
 1955 2805 11
 1956 2540 10
 1957 253 1
 1958 252 1
 1959 1004 4
 1960 5000 20
 1961 4731 19
 1962 2480 10
 1963 988 4
 1964 492 2
 1965 3430 14
 1966 4880 20
 1967 3888 16
 1968 4114 17
 1969 3615 15
 1970 3840 16
 1971 1912 8
 1972 4760 20
 1973 3318 14
 1974 1416 6
 1975 4465 19
 1976 2574 11
 1977 4427 19
 1978 4176 18
 1979 3927 17
 1980 690 3
 1981 3435 15
 1982 912 4
 1983 4086 18
 1984 452 2
 1985 1350 6
 1986 2464 11
 1987 446 2
 1988 3552 16
 1989 442 2
 1990 1980 9
 1991 3066 14
 1992 2834 13
 1993 1736 8
 1994 3024 14
 1995 3225 15
 1996 214 1
 1997 4260 20
 1998 4240 20
 1999 3798 18
 2000 1680 8
 2001 4180 20
 2002 3120 15
 2003 2070 10
 2004 824 4
 2005 1230 6
 2006 1428 7
 2007 2030 10
 2008 202 1
 2009 3819 19
 2010 2000 10
 2011 2388 12
 2012 594 3
 2013 591 3
 2014 3136 16
 2015 1560 8
 2016 3298 17
 2017 1158 6
 2018 2496 13
 2019 573 3
 2020 1900 10
 2021 567 3
 2022 564 3
 2023 2431 13
 2024 2790 15
 2025 185 1
 2026 1472 8
 2027 2196 12
 2028 2548 14
 2029 1267 7
 2030 2700 15
 2031 1253 7
 2032 534 3
 2033 1062 6
 2034 2816 16
 2035 2100 12
 2036 522 3
 2037 1211 7
 2038 1376 8
 2039 2736 16
 2040 2210 13
 2041 3211 19
 2042 3192 19
 2043 1670 10
 2044 332 2
 2045 1155 7
 2046 1640 10
 2047 2445 15
 2048 1620 10
 2049 1610 10
 2050 2560 16
 2051 1590 10
 2052 790 5
 2053 2983 19
 2054 1092 7
 2055 1085 7
 2056 1386 9
 2057 1224 8
 2058 1672 11
 2059 906 6
 2060 1200 8
 2061 2384 16
 2062 740 5
 2063 2058 14
 2064 292 2
 2065 145 1
 2066 1440 10
 2067 715 5
 2068 284 2
 2069 423 3
 2070 1120 8
 2071 1946 14
 2072 1656 12
 2073 959 7
 2074 2448 18
 2075 2025 15
 2076 1742 13
 2077 1064 8
 2078 1716 13
 2079 1834 14
 2080 1300 10
 2081 1419 11
 2082 2048 16
 2083 1143 9
 2084 1386 11
 2085 1000 8
 2086 2232 18
 2087 984 8
 2088 1342 11
 2089 968 8
 2090 1440 12
 2091 119 1
 2092 1416 12
 2093 234 2
 2094 232 2
 2095 115 1
 2096 1026 9
 2097 2260 20
 2098 784 7
 2099 888 8
 2100 1540 14
 2101 109 1
 2102 1944 18
 2103 535 5
 2104 1378 13
 2105 1575 15
 2106 936 9
 2107 2060 20
 2108 510 5
 2109 101 1
 2110 1200 12
 2111 1683 17
 2112 490 5
 2113 1940 20
 2114 192 2
 2115 570 6
 2116 846 9
 2117 1302 14
 2118 1564 17
 2119 1456 16
 2120 1800 20
 2121 178 2
 2122 1320 15
 2123 783 9
 2124 1032 12
 2125 1530 18
 2126 672 8
 2127 1660 20
 2128 1230 15
 2129 1377 17
 2130 960 12
 2131 1343 17
 2132 1248 16
 2133 1309 17
 2134 228 3
 2135 750 10
 2136 222 3
 2137 1095 15
 2138 144 2
 2139 1349 19
 2140 910 13
 2141 1035 15
 2142 952 14
 2143 268 4
 2144 264 4
 2145 455 7
 2146 64 1
 2147 567 9
 2148 1116 18
 2149 244 4
 2150 780 13
 2151 1180 20
 2152 638 11
 2153 684 12
 2154 448 8
 2155 660 12
 2156 162 3
 2157 477 9
 2158 104 2
 2159 714 14
 2160 600 12
 2161 784 16
 2162 672 14
 2163 846 18
 2164 230 5
 2165 135 3
 2166 528 12
 2167 516 12
 2168 252 6
 2169 697 17
 2170 680 17
 2171 429 11
 2172 266 7
 2173 259 7
 2174 360 10
 2175 35 1
 2176 102 3
 2177 33 1
 2178 256 8
 2179 310 10
 2180 30 1
 2181 377 13
 2182 84 3
 2183 297 11
 2184 468 18
 2185 275 11
 2186 240 10
 2187 115 5
 2188 66 3
 2189 63 3
 2190 40 2
 2191 209 11
 2192 216 12
 2193 34 2
 2194 96 6
 2195 135 9
 2196 224 16
 2197 156 12
 2198 84 7
 2199 176 16
 2200 80 8
 2201 126 14
 2202 16 2
 2203 91 13
 2204 54 9
 2205 35 7
 2206 52 13
 2207 51 17
 2208 38 19
 2209 9 9
37553