236
 1 3304 14
 2 4720 20
 3 4720 20
 4 2360 10
 5 1652 7
 6 2832 12
 7 3540 15
 8 3776 16
 9 1416 6
 10 3304 14
 11 4484 19
 12 4012 17
 13 2596 11
 14 1888 8
 15 708 3
 16 2360 10
 17 4012 17
 18 3304 14
 19 472 2
 20 4720 20
 21 236 1
 22 2832 12
 23 1652 7
 24 4248 18
 25 3776 16
 26 1416 6
 27 1888 8
 28 3540 15
 29 1416 6
 30 2832 12
 31 3304 14
 32 4720 20
 33 4720 20
 34 236 1
 35 1652 7
 36 4248 18
 37 3776 16
 38 236 1
 39 3068 13
 40 2124 9
 41 4484 19
 42 3304 14
 43 4012 17
 44 2124 9
 45 3304 14
 46 4012 17
 47 944 4
 48 4248 18
 49 3776 16
 50 1416 6
 51 708 3
 52 3068 13
 53 1888 8
 54 708 3
 55 3304 14
 56 944 4
 57 1180 5
 58 3068 13
 59 1652 7
 60 708 3
 61 944 4
 62 2360 10
 63 2832 12
 64 2596 11
 65 4484 19
 66 3540 15
 67 4248 18
 68 944 4
 69 3540 15
 70 3776 16
 71 3776 16
 72 3068 13
 73 1180 5
 74 1652 7
 75 4720 20
 76 1180 5
 77 3304 14
 78 3068 13
 79 472 2
 80 4248 18
 81 4248 18
 82 1180 5
 83 236 1
 84 708 3
 85 3304 14
 86 1652 7
 87 2596 11
 88 708 3
 89 2124 9
 90 1180 5
 91 1888 8
 92 1652 7
 93 2360 10
 94 2360 10
 95 3304 14
 96 3068 13
 97 1652 7
 98 2124 9
 99 2360 10
 100 2360 10
 101 944 4
 102 4484 19
 103 708 3
 104 1180 5
 105 3304 14
 106 2124 9
 107 708 3
 108 4012 17
 109 2832 12
 110 4012 17
 111 4720 20
 112 236 1
 113 4720 20
 114 3776 16
 115 3776 16
 116 708 3
 117 2360 10
 118 1888 8
 119 3068 13
 120 236 1
 121 1180 5
 122 3540 15
 123 1180 5
 124 2360 10
 125 3068 13
 126 1416 6
 127 1416 6
 128 236 1
 129 4720 20
 130 2596 11
 131 2832 12
 132 4012 17
 133 236 1
 134 472 2
 135 4484 19
 136 4484 19
 137 4484 19
 138 944 4
 139 2596 11
 140 4012 17
 141 2124 9
 142 4248 18
 143 1652 7
 144 708 3
 145 1180 5
 146 3068 13
 147 4012 17
 148 2124 9
 149 4012 17
 150 3540 15
 151 2832 12
 152 4484 19
 153 3540 15
 154 1888 8
 155 2596 11
 156 944 4
 157 236 1
 158 2596 11
 159 944 4
 160 4012 17
 161 4720 20
 162 2360 10
 163 4720 20
 164 1652 7
 165 1416 6
 166 4484 19
 167 472 2
 168 3068 13
 169 1652 7
 170 236 1
 171 4012 17
 172 2832 12
 173 3304 14
 174 3776 16
 175 1888 8
 176 3776 16
 177 2124 9
 178 708 3
 179 1416 6
 180 1888 8
 181 3540 15
 182 1180 5
 183 3304 14
 184 3540 15
 185 944 4
 186 1888 8
 187 4720 20
 188 236 1
 189 236 1
 190 2124 9
 191 1888 8
 192 4720 20
 193 3540 15
 194 1888 8
 195 2596 11
 196 708 3
 197 4248 18
 198 3068 13
 199 2596 11
 200 2124 9
 201 1416 6
 202 4012 17
 203 1652 7
 204 4720 20
 205 2124 9
 206 3304 14
 207 944 4
 208 2596 11
 209 3776 16
 210 3068 13
 211 708 3
 212 4248 18
 213 944 4
 214 3540 15
 215 2832 12
 216 3304 14
 217 1652 7
 218 708 3
 219 3068 13
 220 708 3
 221 3068 13
 222 472 2
 223 4484 19
 224 708 3
 225 3304 14
 226 2124 9
 227 2596 11
 228 236 1
 229 944 4
 230 2124 9
 231 3068 13
 232 4484 19
 233 236 1
 234 4248 18
 235 4484 19
 236 4720 20
1180