2541
 1 45738 18
 2 10164 4
 3 15246 6
 4 38115 15
 5 40656 16
 6 45738 18
 7 48279 19
 8 17787 7
 9 10164 4
 10 5082 2
 11 17787 7
 12 33033 13
 13 30492 12
 14 12705 5
 15 2541 1
 16 15246 6
 17 12705 5
 18 5082 2
 19 2541 1
 20 45738 18
 21 40656 16
 22 35574 14
 23 50820 20
 24 20328 8
 25 35574 14
 26 12705 5
 27 45738 18
 28 35574 14
 29 12705 5
 30 7623 3
 31 5082 2
 32 20328 8
 33 40656 16
 34 15246 6
 35 25410 10
 36 33033 13
 37 30492 12
 38 33033 13
 39 25410 10
 40 15246 6
 41 25410 10
 42 48279 19
 43 27951 11
 44 45738 18
 45 33033 13
 46 2541 1
 47 20328 8
 48 25410 10
 49 5082 2
 50 12705 5
 51 5082 2
 52 10164 4
 53 27951 11
 54 5082 2
 55 22869 9
 56 35574 14
 57 33033 13
 58 48279 19
 59 12705 5
 60 33033 13
 61 5082 2
 62 48279 19
 63 43197 17
 64 30492 12
 65 20328 8
 66 27951 11
 67 43197 17
 68 22869 9
 69 35574 14
 70 35574 14
 71 22869 9
 72 38115 15
 73 12705 5
 74 25410 10
 75 20328 8
 76 45738 18
 77 27951 11
 78 12705 5
 79 20328 8
 80 17787 7
 81 45738 18
 82 10164 4
 83 40656 16
 84 7623 3
 85 25410 10
 86 22869 9
 87 12705 5
 88 10164 4
 89 12705 5
 90 20328 8
 91 48279 19
 92 50820 20
 93 10164 4
 94 40656 16
 95 27951 11
 96 48279 19
 97 27951 11
 98 35574 14
 99 20328 8
 100 17787 7
 101 48279 19
 102 17787 7
 103 50820 20
 104 48279 19
 105 17787 7
 106 15246 6
 107 5082 2
 108 12705 5
 109 5082 2
 110 7623 3
 111 27951 11
 112 7623 3
 113 10164 4
 114 27951 11
 115 48279 19
 116 20328 8
 117 5082 2
 118 17787 7
 119 45738 18
 120 25410 10
 121 7623 3
 122 27951 11
 123 22869 9
 124 25410 10
 125 2541 1
 126 12705 5
 127 12705 5
 128 2541 1
 129 20328 8
 130 5082 2
 131 15246 6
 132 22869 9
 133 38115 15
 134 33033 13
 135 17787 7
 136 33033 13
 137 27951 11
 138 30492 12
 139 25410 10
 140 40656 16
 141 35574 14
 142 40656 16
 143 40656 16
 144 2541 1
 145 30492 12
 146 10164 4
 147 50820 20
 148 33033 13
 149 10164 4
 150 10164 4
 151 50820 20
 152 7623 3
 153 20328 8
 154 30492 12
 155 40656 16
 156 17787 7
 157 43197 17
 158 43197 17
 159 33033 13
 160 15246 6
 161 38115 15
 162 27951 11
 163 27951 11
 164 33033 13
 165 15246 6
 166 30492 12
 167 45738 18
 168 43197 17
 169 43197 17
 170 7623 3
 171 35574 14
 172 5082 2
 173 40656 16
 174 22869 9
 175 43197 17
 176 10164 4
 177 20328 8
 178 15246 6
 179 48279 19
 180 12705 5
 181 48279 19
 182 5082 2
 183 38115 15
 184 38115 15
 185 17787 7
 186 33033 13
 187 50820 20
 188 15246 6
 189 45738 18
 190 20328 8
 191 35574 14
 192 27951 11
 193 48279 19
 194 48279 19
 195 35574 14
 196 25410 10
 197 5082 2
 198 5082 2
 199 2541 1
 200 50820 20
 201 17787 7
 202 30492 12
 203 35574 14
 204 22869 9
 205 2541 1
 206 45738 18
 207 33033 13
 208 25410 10
 209 38115 15
 210 50820 20
 211 30492 12
 212 20328 8
 213 12705 5
 214 50820 20
 215 12705 5
 216 5082 2
 217 25410 10
 218 30492 12
 219 27951 11
 220 35574 14
 221 12705 5
 222 10164 4
 223 40656 16
 224 2541 1
 225 43197 17
 226 30492 12
 227 22869 9
 228 17787 7
 229 25410 10
 230 38115 15
 231 10164 4
 232 50820 20
 233 38115 15
 234 5082 2
 235 2541 1
 236 43197 17
 237 15246 6
 238 7623 3
 239 33033 13
 240 22869 9
 241 12705 5
 242 12705 5
 243 5082 2
 244 35574 14
 245 40656 16
 246 20328 8
 247 35574 14
 248 40656 16
 249 30492 12
 250 33033 13
 251 5082 2
 252 48279 19
 253 45738 18
 254 12705 5
 255 20328 8
 256 20328 8
 257 35574 14
 258 35574 14
 259 27951 11
 260 48279 19
 261 30492 12
 262 35574 14
 263 33033 13
 264 48279 19
 265 2541 1
 266 30492 12
 267 20328 8
 268 48279 19
 269 12705 5
 270 48279 19
 271 15246 6
 272 38115 15
 273 45738 18
 274 38115 15
 275 27951 11
 276 48279 19
 277 40656 16
 278 48279 19
 279 27951 11
 280 45738 18
 281 17787 7
 282 35574 14
 283 12705 5
 284 15246 6
 285 7623 3
 286 50820 20
 287 38115 15
 288 10164 4
 289 50820 20
 290 5082 2
 291 5082 2
 292 30492 12
 293 33033 13
 294 15246 6
 295 35574 14
 296 15246 6
 297 43197 17
 298 38115 15
 299 43197 17
 300 17787 7
 301 7623 3
 302 2541 1
 303 35574 14
 304 48279 19
 305 38115 15
 306 43197 17
 307 27951 11
 308 2541 1
 309 27951 11
 310 50820 20
 311 12705 5
 312 20328 8
 313 30492 12
 314 2541 1
 315 35574 14
 316 40656 16
 317 45738 18
 318 25410 10
 319 20328 8
 320 20328 8
 321 35574 14
 322 20328 8
 323 5082 2
 324 40656 16
 325 10164 4
 326 33033 13
 327 7623 3
 328 15246 6
 329 22869 9
 330 25410 10
 331 27951 11
 332 2541 1
 333 2541 1
 334 2541 1
 335 20328 8
 336 48279 19
 337 12705 5
 338 33033 13
 339 27951 11
 340 20328 8
 341 12705 5
 342 45738 18
 343 43197 17
 344 22869 9
 345 10164 4
 346 27951 11
 347 45738 18
 348 43197 17
 349 5082 2
 350 30492 12
 351 25410 10
 352 40656 16
 353 27951 11
 354 17787 7
 355 48279 19
 356 12705 5
 357 17787 7
 358 2541 1
 359 7623 3
 360 22869 9
 361 40656 16
 362 50820 20
 363 38115 15
 364 10164 4
 365 15246 6
 366 48279 19
 367 45738 18
 368 12705 5
 369 15246 6
 370 5082 2
 371 10164 4
 372 2541 1
 373 43197 17
 374 35574 14
 375 5082 2
 376 5082 2
 377 40656 16
 378 50820 20
 379 48279 19
 380 10164 4
 381 45738 18
 382 17787 7
 383 45738 18
 384 50820 20
 385 30492 12
 386 50820 20
 387 35574 14
 388 27951 11
 389 10164 4
 390 38115 15
 391 12705 5
 392 38115 15
 393 25410 10
 394 25410 10
 395 25410 10
 396 48279 19
 397 38115 15
 398 50820 20
 399 2541 1
 400 43197 17
 401 12705 5
 402 25410 10
 403 17787 7
 404 7623 3
 405 2541 1
 406 22869 9
 407 22869 9
 408 5082 2
 409 12705 5
 410 48279 19
 411 25410 10
 412 17787 7
 413 38115 15
 414 15246 6
 415 22869 9
 416 40656 16
 417 5082 2
 418 45738 18
 419 40656 16
 420 22869 9
 421 17787 7
 422 17787 7
 423 15246 6
 424 2541 1
 425 35574 14
 426 48279 19
 427 17787 7
 428 30492 12
 429 7623 3
 430 33033 13
 431 43197 17
 432 2541 1
 433 25410 10
 434 38115 15
 435 2541 1
 436 30492 12
 437 38115 15
 438 17787 7
 439 40656 16
 440 17787 7
 441 40656 16
 442 35574 14
 443 12705 5
 444 5082 2
 445 30492 12
 446 30492 12
 447 50820 20
 448 10164 4
 449 27951 11
 450 10164 4
 451 45738 18
 452 15246 6
 453 2541 1
 454 2541 1
 455 5082 2
 456 48279 19
 457 38115 15
 458 27951 11
 459 17787 7
 460 30492 12
 461 20328 8
 462 15246 6
 463 25410 10
 464 27951 11
 465 30492 12
 466 17787 7
 467 2541 1
 468 45738 18
 469 35574 14
 470 15246 6
 471 5082 2
 472 45738 18
 473 38115 15
 474 10164 4
 475 33033 13
 476 25410 10
 477 12705 5
 478 22869 9
 479 35574 14
 480 27951 11
 481 25410 10
 482 2541 1
 483 5082 2
 484 38115 15
 485 43197 17
 486 27951 11
 487 10164 4
 488 15246 6
 489 25410 10
 490 33033 13
 491 43197 17
 492 17787 7
 493 17787 7
 494 25410 10
 495 30492 12
 496 7623 3
 497 20328 8
 498 30492 12
 499 45738 18
 500 15246 6
 501 43197 17
 502 10164 4
 503 7623 3
 504 40656 16
 505 10164 4
 506 33033 13
 507 7623 3
 508 20328 8
 509 10164 4
 510 40656 16
 511 10164 4
 512 27951 11
 513 38115 15
 514 10164 4
 515 7623 3
 516 38115 15
 517 35574 14
 518 2541 1
 519 38115 15
 520 17787 7
 521 35574 14
 522 22869 9
 523 7623 3
 524 45738 18
 525 12705 5
 526 25410 10
 527 17787 7
 528 20328 8
 529 25410 10
 530 12705 5
 531 45738 18
 532 27951 11
 533 45738 18
 534 27951 11
 535 45738 18
 536 43197 17
 537 33033 13
 538 45738 18
 539 35574 14
 540 45738 18
 541 48279 19
 542 50820 20
 543 27951 11
 544 10164 4
 545 33033 13
 546 48279 19
 547 27951 11
 548 30492 12
 549 43197 17
 550 7623 3
 551 50820 20
 552 38115 15
 553 45738 18
 554 25410 10
 555 38115 15
 556 43197 17
 557 10164 4
 558 30492 12
 559 22869 9
 560 12705 5
 561 15246 6
 562 12705 5
 563 10164 4
 564 20328 8
 565 50820 20
 566 35574 14
 567 2541 1
 568 33033 13
 569 17787 7
 570 25410 10
 571 5082 2
 572 5082 2
 573 20328 8
 574 17787 7
 575 10164 4
 576 12705 5
 577 25410 10
 578 33033 13
 579 43197 17
 580 20328 8
 581 17787 7
 582 45738 18
 583 20328 8
 584 15246 6
 585 10164 4
 586 40656 16
 587 22869 9
 588 30492 12
 589 48279 19
 590 25410 10
 591 22869 9
 592 17787 7
 593 35574 14
 594 5082 2
 595 33033 13
 596 30492 12
 597 12705 5
 598 48279 19
 599 10164 4
 600 12705 5
 601 10164 4
 602 17787 7
 603 20328 8
 604 38115 15
 605 17787 7
 606 25410 10
 607 22869 9
 608 27951 11
 609 5082 2
 610 25410 10
 611 10164 4
 612 48279 19
 613 12705 5
 614 10164 4
 615 35574 14
 616 12705 5
 617 22869 9
 618 10164 4
 619 15246 6
 620 38115 15
 621 12705 5
 622 35574 14
 623 50820 20
 624 30492 12
 625 27951 11
 626 45738 18
 627 40656 16
 628 17787 7
 629 43197 17
 630 10164 4
 631 50820 20
 632 38115 15
 633 35574 14
 634 50820 20
 635 17787 7
 636 50820 20
 637 10164 4
 638 27951 11
 639 27951 11
 640 40656 16
 641 27951 11
 642 7623 3
 643 50820 20
 644 43197 17
 645 50820 20
 646 38115 15
 647 48279 19
 648 38115 15
 649 50820 20
 650 43197 17
 651 17787 7
 652 27951 11
 653 27951 11
 654 30492 12
 655 35574 14
 656 43197 17
 657 22869 9
 658 10164 4
 659 35574 14
 660 43197 17
 661 48279 19
 662 12705 5
 663 22869 9
 664 5082 2
 665 50820 20
 666 35574 14
 667 30492 12
 668 15246 6
 669 48279 19
 670 7623 3
 671 15246 6
 672 15246 6
 673 25410 10
 674 17787 7
 675 45738 18
 676 5082 2
 677 40656 16
 678 45738 18
 679 17787 7
 680 22869 9
 681 12705 5
 682 43197 17
 683 50820 20
 684 22869 9
 685 35574 14
 686 22869 9
 687 12705 5
 688 40656 16
 689 48279 19
 690 38115 15
 691 12705 5
 692 10164 4
 693 25410 10
 694 2541 1
 695 22869 9
 696 20328 8
 697 38115 15
 698 40656 16
 699 45738 18
 700 30492 12
 701 27951 11
 702 35574 14
 703 7623 3
 704 17787 7
 705 30492 12
 706 15246 6
 707 38115 15
 708 7623 3
 709 43197 17
 710 12705 5
 711 38115 15
 712 5082 2
 713 7623 3
 714 10164 4
 715 27951 11
 716 33033 13
 717 2541 1
 718 25410 10
 719 27951 11
 720 43197 17
 721 7623 3
 722 30492 12
 723 10164 4
 724 12705 5
 725 33033 13
 726 38115 15
 727 50820 20
 728 12705 5
 729 22869 9
 730 48279 19
 731 2541 1
 732 48279 19
 733 17787 7
 734 27951 11
 735 2541 1
 736 2541 1
 737 17787 7
 738 10164 4
 739 30492 12
 740 5082 2
 741 38115 15
 742 5082 2
 743 15246 6
 744 17787 7
 745 2541 1
 746 5082 2
 747 25410 10
 748 12705 5
 749 2541 1
 750 43197 17
 751 10164 4
 752 43197 17
 753 35574 14
 754 12705 5
 755 35574 14
 756 48279 19
 757 5082 2
 758 22869 9
 759 20328 8
 760 43197 17
 761 30492 12
 762 22869 9
 763 17787 7
 764 50820 20
 765 12705 5
 766 5082 2
 767 30492 12
 768 12705 5
 769 25410 10
 770 27951 11
 771 43197 17
 772 43197 17
 773 12705 5
 774 48279 19
 775 43197 17
 776 2541 1
 777 15246 6
 778 33033 13
 779 50820 20
 780 10164 4
 781 48279 19
 782 38115 15
 783 12705 5
 784 43197 17
 785 33033 13
 786 43197 17
 787 15246 6
 788 12705 5
 789 7623 3
 790 50820 20
 791 17787 7
 792 25410 10
 793 5082 2
 794 48279 19
 795 48279 19
 796 20328 8
 797 43197 17
 798 22869 9
 799 50820 20
 800 7623 3
 801 43197 17
 802 35574 14
 803 50820 20
 804 15246 6
 805 7623 3
 806 2541 1
 807 20328 8
 808 10164 4
 809 33033 13
 810 22869 9
 811 40656 16
 812 33033 13
 813 25410 10
 814 30492 12
 815 30492 12
 816 33033 13
 817 43197 17
 818 25410 10
 819 22869 9
 820 2541 1
 821 25410 10
 822 25410 10
 823 25410 10
 824 50820 20
 825 7623 3
 826 33033 13
 827 33033 13
 828 50820 20
 829 15246 6
 830 15246 6
 831 43197 17
 832 50820 20
 833 2541 1
 834 22869 9
 835 43197 17
 836 40656 16
 837 7623 3
 838 50820 20
 839 22869 9
 840 43197 17
 841 48279 19
 842 20328 8
 843 22869 9
 844 25410 10
 845 5082 2
 846 30492 12
 847 15246 6
 848 38115 15
 849 43197 17
 850 7623 3
 851 33033 13
 852 30492 12
 853 25410 10
 854 38115 15
 855 48279 19
 856 38115 15
 857 7623 3
 858 10164 4
 859 38115 15
 860 7623 3
 861 15246 6
 862 25410 10
 863 5082 2
 864 17787 7
 865 38115 15
 866 17787 7
 867 35574 14
 868 50820 20
 869 35574 14
 870 40656 16
 871 43197 17
 872 50820 20
 873 2541 1
 874 45738 18
 875 15246 6
 876 33033 13
 877 7623 3
 878 20328 8
 879 40656 16
 880 10164 4
 881 48279 19
 882 45738 18
 883 12705 5
 884 50820 20
 885 7623 3
 886 38115 15
 887 12705 5
 888 20328 8
 889 22869 9
 890 25410 10
 891 50820 20
 892 30492 12
 893 5082 2
 894 38115 15
 895 27951 11
 896 27951 11
 897 48279 19
 898 17787 7
 899 30492 12
 900 38115 15
 901 30492 12
 902 10164 4
 903 22869 9
 904 2541 1
 905 40656 16
 906 2541 1
 907 15246 6
 908 22869 9
 909 30492 12
 910 7623 3
 911 35574 14
 912 45738 18
 913 15246 6
 914 10164 4
 915 30492 12
 916 43197 17
 917 10164 4
 918 40656 16
 919 22869 9
 920 30492 12
 921 2541 1
 922 12705 5
 923 17787 7
 924 27951 11
 925 22869 9
 926 33033 13
 927 10164 4
 928 30492 12
 929 27951 11
 930 22869 9
 931 22869 9
 932 48279 19
 933 7623 3
 934 38115 15
 935 40656 16
 936 27951 11
 937 17787 7
 938 45738 18
 939 22869 9
 940 25410 10
 941 7623 3
 942 2541 1
 943 35574 14
 944 7623 3
 945 45738 18
 946 25410 10
 947 7623 3
 948 50820 20
 949 43197 17
 950 5082 2
 951 22869 9
 952 48279 19
 953 30492 12
 954 27951 11
 955 15246 6
 956 15246 6
 957 20328 8
 958 33033 13
 959 7623 3
 960 25410 10
 961 48279 19
 962 45738 18
 963 2541 1
 964 25410 10
 965 12705 5
 966 12705 5
 967 15246 6
 968 12705 5
 969 17787 7
 970 25410 10
 971 12705 5
 972 33033 13
 973 35574 14
 974 38115 15
 975 38115 15
 976 48279 19
 977 50820 20
 978 50820 20
 979 50820 20
 980 30492 12
 981 45738 18
 982 30492 12
 983 38115 15
 984 15246 6
 985 25410 10
 986 12705 5
 987 40656 16
 988 12705 5
 989 30492 12
 990 17787 7
 991 25410 10
 992 22869 9
 993 20328 8
 994 50820 20
 995 40656 16
 996 50820 20
 997 22869 9
 998 15246 6
 999 20328 8
 1000 10164 4
 1001 38115 15
 1002 35574 14
 1003 48279 19
 1004 40656 16
 1005 48279 19
 1006 45738 18
 1007 12705 5
 1008 27951 11
 1009 2541 1
 1010 25410 10
 1011 17787 7
 1012 10164 4
 1013 40656 16
 1014 20328 8
 1015 45738 18
 1016 40656 16
 1017 15246 6
 1018 40656 16
 1019 20328 8
 1020 50820 20
 1021 50820 20
 1022 2541 1
 1023 15246 6
 1024 10164 4
 1025 7623 3
 1026 38115 15
 1027 22869 9
 1028 25410 10
 1029 20328 8
 1030 35574 14
 1031 38115 15
 1032 43197 17
 1033 45738 18
 1034 17787 7
 1035 27951 11
 1036 15246 6
 1037 20328 8
 1038 45738 18
 1039 17787 7
 1040 45738 18
 1041 38115 15
 1042 43197 17
 1043 33033 13
 1044 33033 13
 1045 35574 14
 1046 45738 18
 1047 2541 1
 1048 17787 7
 1049 35574 14
 1050 5082 2
 1051 17787 7
 1052 38115 15
 1053 40656 16
 1054 40656 16
 1055 10164 4
 1056 27951 11
 1057 15246 6
 1058 17787 7
 1059 22869 9
 1060 40656 16
 1061 38115 15
 1062 50820 20
 1063 22869 9
 1064 33033 13
 1065 7623 3
 1066 22869 9
 1067 5082 2
 1068 27951 11
 1069 40656 16
 1070 17787 7
 1071 5082 2
 1072 17787 7
 1073 38115 15
 1074 2541 1
 1075 2541 1
 1076 30492 12
 1077 27951 11
 1078 48279 19
 1079 15246 6
 1080 12705 5
 1081 12705 5
 1082 22869 9
 1083 48279 19
 1084 30492 12
 1085 7623 3
 1086 40656 16
 1087 40656 16
 1088 15246 6
 1089 7623 3
 1090 40656 16
 1091 22869 9
 1092 12705 5
 1093 2541 1
 1094 7623 3
 1095 27951 11
 1096 45738 18
 1097 35574 14
 1098 25410 10
 1099 15246 6
 1100 17787 7
 1101 25410 10
 1102 45738 18
 1103 48279 19
 1104 40656 16
 1105 22869 9
 1106 25410 10
 1107 48279 19
 1108 17787 7
 1109 30492 12
 1110 10164 4
 1111 35574 14
 1112 17787 7
 1113 50820 20
 1114 22869 9
 1115 17787 7
 1116 15246 6
 1117 27951 11
 1118 5082 2
 1119 33033 13
 1120 50820 20
 1121 50820 20
 1122 2541 1
 1123 38115 15
 1124 38115 15
 1125 10164 4
 1126 48279 19
 1127 22869 9
 1128 10164 4
 1129 25410 10
 1130 35574 14
 1131 25410 10
 1132 38115 15
 1133 20328 8
 1134 43197 17
 1135 27951 11
 1136 7623 3
 1137 15246 6
 1138 40656 16
 1139 17787 7
 1140 20328 8
 1141 15246 6
 1142 50820 20
 1143 48279 19
 1144 20328 8
 1145 10164 4
 1146 7623 3
 1147 15246 6
 1148 27951 11
 1149 50820 20
 1150 35574 14
 1151 38115 15
 1152 43197 17
 1153 22869 9
 1154 15246 6
 1155 22869 9
 1156 2541 1
 1157 25410 10
 1158 5082 2
 1159 30492 12
 1160 20328 8
 1161 50820 20
 1162 33033 13
 1163 43197 17
 1164 38115 15
 1165 45738 18
 1166 2541 1
 1167 25410 10
 1168 5082 2
 1169 33033 13
 1170 10164 4
 1171 30492 12
 1172 35574 14
 1173 33033 13
 1174 7623 3
 1175 10164 4
 1176 10164 4
 1177 48279 19
 1178 43197 17
 1179 50820 20
 1180 40656 16
 1181 15246 6
 1182 30492 12
 1183 40656 16
 1184 5082 2
 1185 40656 16
 1186 5082 2
 1187 17787 7
 1188 38115 15
 1189 38115 15
 1190 50820 20
 1191 43197 17
 1192 38115 15
 1193 10164 4
 1194 50820 20
 1195 33033 13
 1196 48279 19
 1197 15246 6
 1198 20328 8
 1199 38115 15
 1200 5082 2
 1201 25410 10
 1202 33033 13
 1203 7623 3
 1204 17787 7
 1205 35574 14
 1206 12705 5
 1207 50820 20
 1208 15246 6
 1209 7623 3
 1210 35574 14
 1211 17787 7
 1212 48279 19
 1213 50820 20
 1214 45738 18
 1215 40656 16
 1216 33033 13
 1217 38115 15
 1218 22869 9
 1219 40656 16
 1220 15246 6
 1221 38115 15
 1222 2541 1
 1223 38115 15
 1224 22869 9
 1225 40656 16
 1226 35574 14
 1227 50820 20
 1228 50820 20
 1229 30492 12
 1230 22869 9
 1231 33033 13
 1232 12705 5
 1233 22869 9
 1234 22869 9
 1235 27951 11
 1236 15246 6
 1237 43197 17
 1238 22869 9
 1239 20328 8
 1240 20328 8
 1241 45738 18
 1242 7623 3
 1243 22869 9
 1244 25410 10
 1245 15246 6
 1246 50820 20
 1247 30492 12
 1248 50820 20
 1249 33033 13
 1250 38115 15
 1251 2541 1
 1252 25410 10
 1253 45738 18
 1254 22869 9
 1255 50820 20
 1256 48279 19
 1257 12705 5
 1258 50820 20
 1259 38115 15
 1260 17787 7
 1261 33033 13
 1262 7623 3
 1263 38115 15
 1264 27951 11
 1265 22869 9
 1266 7623 3
 1267 12705 5
 1268 20328 8
 1269 48279 19
 1270 45738 18
 1271 5082 2
 1272 40656 16
 1273 27951 11
 1274 30492 12
 1275 12705 5
 1276 12705 5
 1277 5082 2
 1278 45738 18
 1279 15246 6
 1280 45738 18
 1281 2541 1
 1282 12705 5
 1283 27951 11
 1284 30492 12
 1285 30492 12
 1286 10164 4
 1287 5082 2
 1288 30492 12
 1289 27951 11
 1290 5082 2
 1291 27951 11
 1292 25410 10
 1293 30492 12
 1294 25410 10
 1295 10164 4
 1296 43197 17
 1297 20328 8
 1298 15246 6
 1299 38115 15
 1300 27951 11
 1301 30492 12
 1302 50820 20
 1303 7623 3
 1304 5082 2
 1305 22869 9
 1306 7623 3
 1307 25410 10
 1308 15246 6
 1309 22869 9
 1310 50820 20
 1311 43197 17
 1312 12705 5
 1313 43197 17
 1314 30492 12
 1315 43197 17
 1316 22869 9
 1317 33033 13
 1318 50820 20
 1319 20328 8
 1320 35574 14
 1321 25410 10
 1322 43197 17
 1323 48279 19
 1324 15246 6
 1325 48279 19
 1326 10164 4
 1327 20328 8
 1328 22869 9
 1329 10164 4
 1330 20328 8
 1331 35574 14
 1332 48279 19
 1333 12705 5
 1334 12705 5
 1335 15246 6
 1336 10164 4
 1337 15246 6
 1338 22869 9
 1339 2541 1
 1340 10164 4
 1341 27951 11
 1342 33033 13
 1343 45738 18
 1344 30492 12
 1345 30492 12
 1346 50820 20
 1347 15246 6
 1348 38115 15
 1349 15246 6
 1350 33033 13
 1351 22869 9
 1352 43197 17
 1353 5082 2
 1354 35574 14
 1355 45738 18
 1356 10164 4
 1357 22869 9
 1358 35574 14
 1359 27951 11
 1360 38115 15
 1361 50820 20
 1362 30492 12
 1363 50820 20
 1364 35574 14
 1365 30492 12
 1366 38115 15
 1367 10164 4
 1368 25410 10
 1369 43197 17
 1370 17787 7
 1371 22869 9
 1372 33033 13
 1373 7623 3
 1374 27951 11
 1375 38115 15
 1376 33033 13
 1377 10164 4
 1378 48279 19
 1379 2541 1
 1380 27951 11
 1381 43197 17
 1382 12705 5
 1383 2541 1
 1384 27951 11
 1385 33033 13
 1386 15246 6
 1387 35574 14
 1388 48279 19
 1389 22869 9
 1390 30492 12
 1391 30492 12
 1392 5082 2
 1393 22869 9
 1394 25410 10
 1395 25410 10
 1396 35574 14
 1397 17787 7
 1398 25410 10
 1399 25410 10
 1400 45738 18
 1401 12705 5
 1402 27951 11
 1403 22869 9
 1404 50820 20
 1405 7623 3
 1406 30492 12
 1407 22869 9
 1408 15246 6
 1409 15246 6
 1410 43197 17
 1411 43197 17
 1412 12705 5
 1413 43197 17
 1414 12705 5
 1415 10164 4
 1416 15246 6
 1417 17787 7
 1418 5082 2
 1419 15246 6
 1420 17787 7
 1421 2541 1
 1422 17787 7
 1423 35574 14
 1424 5082 2
 1425 33033 13
 1426 25410 10
 1427 2541 1
 1428 50820 20
 1429 40656 16
 1430 48279 19
 1431 15246 6
 1432 15246 6
 1433 7623 3
 1434 17787 7
 1435 20328 8
 1436 7623 3
 1437 50820 20
 1438 12705 5
 1439 27951 11
 1440 33033 13
 1441 15246 6
 1442 30492 12
 1443 33033 13
 1444 2541 1
 1445 50820 20
 1446 12705 5
 1447 38115 15
 1448 30492 12
 1449 27951 11
 1450 22869 9
 1451 27951 11
 1452 33033 13
 1453 45738 18
 1454 30492 12
 1455 35574 14
 1456 40656 16
 1457 15246 6
 1458 50820 20
 1459 27951 11
 1460 5082 2
 1461 12705 5
 1462 7623 3
 1463 10164 4
 1464 20328 8
 1465 48279 19
 1466 17787 7
 1467 2541 1
 1468 50820 20
 1469 27951 11
 1470 15246 6
 1471 27951 11
 1472 35574 14
 1473 2541 1
 1474 17787 7
 1475 20328 8
 1476 25410 10
 1477 17787 7
 1478 45738 18
 1479 30492 12
 1480 50820 20
 1481 50820 20
 1482 30492 12
 1483 17787 7
 1484 2541 1
 1485 7623 3
 1486 38115 15
 1487 17787 7
 1488 50820 20
 1489 5082 2
 1490 5082 2
 1491 12705 5
 1492 45738 18
 1493 30492 12
 1494 38115 15
 1495 30492 12
 1496 10164 4
 1497 5082 2
 1498 5082 2
 1499 22869 9
 1500 17787 7
 1501 38115 15
 1502 27951 11
 1503 33033 13
 1504 17787 7
 1505 43197 17
 1506 5082 2
 1507 25410 10
 1508 17787 7
 1509 7623 3
 1510 38115 15
 1511 40656 16
 1512 33033 13
 1513 15246 6
 1514 45738 18
 1515 30492 12
 1516 27951 11
 1517 20328 8
 1518 43197 17
 1519 27951 11
 1520 33033 13
 1521 7623 3
 1522 15246 6
 1523 45738 18
 1524 48279 19
 1525 20328 8
 1526 27951 11
 1527 17787 7
 1528 48279 19
 1529 5082 2
 1530 17787 7
 1531 25410 10
 1532 20328 8
 1533 12705 5
 1534 38115 15
 1535 27951 11
 1536 20328 8
 1537 12705 5
 1538 2541 1
 1539 17787 7
 1540 15246 6
 1541 33033 13
 1542 12705 5
 1543 17787 7
 1544 17787 7
 1545 50820 20
 1546 43197 17
 1547 30492 12
 1548 33033 13
 1549 5082 2
 1550 25410 10
 1551 35574 14
 1552 38115 15
 1553 12705 5
 1554 2541 1
 1555 38115 15
 1556 35574 14
 1557 20328 8
 1558 38115 15
 1559 40656 16
 1560 5082 2
 1561 38115 15
 1562 45738 18
 1563 10164 4
 1564 38115 15
 1565 10164 4
 1566 10164 4
 1567 30492 12
 1568 27951 11
 1569 35574 14
 1570 35574 14
 1571 40656 16
 1572 35574 14
 1573 27951 11
 1574 27951 11
 1575 33033 13
 1576 7623 3
 1577 33033 13
 1578 45738 18
 1579 40656 16
 1580 15246 6
 1581 12705 5
 1582 12705 5
 1583 35574 14
 1584 10164 4
 1585 27951 11
 1586 2541 1
 1587 7623 3
 1588 38115 15
 1589 38115 15
 1590 45738 18
 1591 38115 15
 1592 43197 17
 1593 45738 18
 1594 15246 6
 1595 40656 16
 1596 38115 15
 1597 45738 18
 1598 45738 18
 1599 20328 8
 1600 7623 3
 1601 33033 13
 1602 38115 15
 1603 27951 11
 1604 7623 3
 1605 2541 1
 1606 40656 16
 1607 43197 17
 1608 43197 17
 1609 15246 6
 1610 12705 5
 1611 35574 14
 1612 45738 18
 1613 10164 4
 1614 12705 5
 1615 15246 6
 1616 43197 17
 1617 20328 8
 1618 27951 11
 1619 45738 18
 1620 38115 15
 1621 48279 19
 1622 43197 17
 1623 5082 2
 1624 35574 14
 1625 30492 12
 1626 35574 14
 1627 22869 9
 1628 20328 8
 1629 15246 6
 1630 2541 1
 1631 15246 6
 1632 30492 12
 1633 45738 18
 1634 12705 5
 1635 10164 4
 1636 5082 2
 1637 7623 3
 1638 38115 15
 1639 35574 14
 1640 5082 2
 1641 43197 17
 1642 5082 2
 1643 30492 12
 1644 15246 6
 1645 35574 14
 1646 43197 17
 1647 2541 1
 1648 35574 14
 1649 10164 4
 1650 50820 20
 1651 12705 5
 1652 15246 6
 1653 25410 10
 1654 35574 14
 1655 17787 7
 1656 25410 10
 1657 5082 2
 1658 7623 3
 1659 50820 20
 1660 45738 18
 1661 40656 16
 1662 25410 10
 1663 12705 5
 1664 38115 15
 1665 17787 7
 1666 38115 15
 1667 27951 11
 1668 38115 15
 1669 15246 6
 1670 45738 18
 1671 10164 4
 1672 35574 14
 1673 2541 1
 1674 22869 9
 1675 5082 2
 1676 40656 16
 1677 40656 16
 1678 33033 13
 1679 33033 13
 1680 35574 14
 1681 10164 4
 1682 50820 20
 1683 38115 15
 1684 22869 9
 1685 10164 4
 1686 48279 19
 1687 20328 8
 1688 17787 7
 1689 17787 7
 1690 20328 8
 1691 10164 4
 1692 27951 11
 1693 17787 7
 1694 33033 13
 1695 5082 2
 1696 33033 13
 1697 12705 5
 1698 15246 6
 1699 25410 10
 1700 35574 14
 1701 40656 16
 1702 45738 18
 1703 43197 17
 1704 7623 3
 1705 22869 9
 1706 33033 13
 1707 17787 7
 1708 40656 16
 1709 7623 3
 1710 45738 18
 1711 10164 4
 1712 25410 10
 1713 25410 10
 1714 43197 17
 1715 40656 16
 1716 38115 15
 1717 2541 1
 1718 15246 6
 1719 15246 6
 1720 45738 18
 1721 45738 18
 1722 27951 11
 1723 43197 17
 1724 38115 15
 1725 35574 14
 1726 45738 18
 1727 50820 20
 1728 7623 3
 1729 2541 1
 1730 45738 18
 1731 7623 3
 1732 43197 17
 1733 50820 20
 1734 45738 18
 1735 50820 20
 1736 12705 5
 1737 12705 5
 1738 7623 3
 1739 20328 8
 1740 12705 5
 1741 20328 8
 1742 15246 6
 1743 27951 11
 1744 35574 14
 1745 5082 2
 1746 30492 12
 1747 10164 4
 1748 2541 1
 1749 50820 20
 1750 38115 15
 1751 30492 12
 1752 5082 2
 1753 12705 5
 1754 38115 15
 1755 25410 10
 1756 2541 1
 1757 38115 15
 1758 50820 20
 1759 43197 17
 1760 43197 17
 1761 22869 9
 1762 27951 11
 1763 38115 15
 1764 27951 11
 1765 30492 12
 1766 30492 12
 1767 7623 3
 1768 20328 8
 1769 12705 5
 1770 43197 17
 1771 20328 8
 1772 22869 9
 1773 15246 6
 1774 50820 20
 1775 35574 14
 1776 45738 18
 1777 15246 6
 1778 2541 1
 1779 33033 13
 1780 22869 9
 1781 33033 13
 1782 22869 9
 1783 10164 4
 1784 48279 19
 1785 35574 14
 1786 15246 6
 1787 10164 4
 1788 35574 14
 1789 45738 18
 1790 50820 20
 1791 5082 2
 1792 43197 17
 1793 27951 11
 1794 20328 8
 1795 38115 15
 1796 30492 12
 1797 2541 1
 1798 27951 11
 1799 40656 16
 1800 22869 9
 1801 25410 10
 1802 35574 14
 1803 22869 9
 1804 45738 18
 1805 45738 18
 1806 15246 6
 1807 43197 17
 1808 22869 9
 1809 45738 18
 1810 25410 10
 1811 33033 13
 1812 35574 14
 1813 5082 2
 1814 38115 15
 1815 2541 1
 1816 17787 7
 1817 38115 15
 1818 38115 15
 1819 50820 20
 1820 30492 12
 1821 2541 1
 1822 40656 16
 1823 43197 17
 1824 43197 17
 1825 25410 10
 1826 25410 10
 1827 45738 18
 1828 43197 17
 1829 43197 17
 1830 48279 19
 1831 12705 5
 1832 5082 2
 1833 48279 19
 1834 5082 2
 1835 33033 13
 1836 12705 5
 1837 38115 15
 1838 12705 5
 1839 35574 14
 1840 43197 17
 1841 20328 8
 1842 22869 9
 1843 20328 8
 1844 10164 4
 1845 15246 6
 1846 20328 8
 1847 10164 4
 1848 33033 13
 1849 15246 6
 1850 45738 18
 1851 7623 3
 1852 27951 11
 1853 17787 7
 1854 2541 1
 1855 22869 9
 1856 30492 12
 1857 35574 14
 1858 30492 12
 1859 27951 11
 1860 25410 10
 1861 25410 10
 1862 12705 5
 1863 50820 20
 1864 12705 5
 1865 7623 3
 1866 5082 2
 1867 38115 15
 1868 20328 8
 1869 30492 12
 1870 50820 20
 1871 33033 13
 1872 7623 3
 1873 15246 6
 1874 17787 7
 1875 30492 12
 1876 12705 5
 1877 22869 9
 1878 40656 16
 1879 30492 12
 1880 17787 7
 1881 40656 16
 1882 35574 14
 1883 10164 4
 1884 50820 20
 1885 30492 12
 1886 48279 19
 1887 30492 12
 1888 17787 7
 1889 15246 6
 1890 5082 2
 1891 27951 11
 1892 30492 12
 1893 35574 14
 1894 15246 6
 1895 10164 4
 1896 25410 10
 1897 35574 14
 1898 33033 13
 1899 7623 3
 1900 43197 17
 1901 48279 19
 1902 25410 10
 1903 2541 1
 1904 45738 18
 1905 20328 8
 1906 40656 16
 1907 40656 16
 1908 12705 5
 1909 10164 4
 1910 2541 1
 1911 2541 1
 1912 45738 18
 1913 2541 1
 1914 45738 18
 1915 27951 11
 1916 30492 12
 1917 5082 2
 1918 43197 17
 1919 27951 11
 1920 27951 11
 1921 5082 2
 1922 17787 7
 1923 30492 12
 1924 43197 17
 1925 48279 19
 1926 35574 14
 1927 35574 14
 1928 17787 7
 1929 45738 18
 1930 20328 8
 1931 2541 1
 1932 38115 15
 1933 45738 18
 1934 35574 14
 1935 20328 8
 1936 25410 10
 1937 35574 14
 1938 33033 13
 1939 7623 3
 1940 30492 12
 1941 17787 7
 1942 40656 16
 1943 5082 2
 1944 27951 11
 1945 2541 1
 1946 43197 17
 1947 45738 18
 1948 50820 20
 1949 2541 1
 1950 25410 10
 1951 25410 10
 1952 7623 3
 1953 48279 19
 1954 48279 19
 1955 48279 19
 1956 12705 5
 1957 27951 11
 1958 17787 7
 1959 17787 7
 1960 35574 14
 1961 50820 20
 1962 33033 13
 1963 17787 7
 1964 40656 16
 1965 17787 7
 1966 40656 16
 1967 40656 16
 1968 2541 1
 1969 45738 18
 1970 17787 7
 1971 27951 11
 1972 2541 1
 1973 40656 16
 1974 30492 12
 1975 45738 18
 1976 22869 9
 1977 12705 5
 1978 7623 3
 1979 33033 13
 1980 45738 18
 1981 5082 2
 1982 2541 1
 1983 2541 1
 1984 43197 17
 1985 22869 9
 1986 30492 12
 1987 7623 3
 1988 15246 6
 1989 50820 20
 1990 30492 12
 1991 48279 19
 1992 50820 20
 1993 2541 1
 1994 48279 19
 1995 25410 10
 1996 7623 3
 1997 15246 6
 1998 12705 5
 1999 27951 11
 2000 38115 15
 2001 25410 10
 2002 12705 5
 2003 33033 13
 2004 15246 6
 2005 38115 15
 2006 7623 3
 2007 2541 1
 2008 35574 14
 2009 50820 20
 2010 20328 8
 2011 12705 5
 2012 12705 5
 2013 20328 8
 2014 40656 16
 2015 5082 2
 2016 30492 12
 2017 25410 10
 2018 33033 13
 2019 35574 14
 2020 25410 10
 2021 25410 10
 2022 25410 10
 2023 30492 12
 2024 12705 5
 2025 15246 6
 2026 22869 9
 2027 15246 6
 2028 43197 17
 2029 12705 5
 2030 12705 5
 2031 10164 4
 2032 27951 11
 2033 2541 1
 2034 22869 9
 2035 43197 17
 2036 10164 4
 2037 45738 18
 2038 50820 20
 2039 5082 2
 2040 33033 13
 2041 25410 10
 2042 33033 13
 2043 40656 16
 2044 17787 7
 2045 43197 17
 2046 2541 1
 2047 20328 8
 2048 27951 11
 2049 15246 6
 2050 38115 15
 2051 10164 4
 2052 10164 4
 2053 7623 3
 2054 12705 5
 2055 5082 2
 2056 12705 5
 2057 7623 3
 2058 7623 3
 2059 17787 7
 2060 38115 15
 2061 45738 18
 2062 43197 17
 2063 50820 20
 2064 22869 9
 2065 25410 10
 2066 25410 10
 2067 45738 18
 2068 12705 5
 2069 35574 14
 2070 45738 18
 2071 27951 11
 2072 2541 1
 2073 33033 13
 2074 50820 20
 2075 50820 20
 2076 2541 1
 2077 15246 6
 2078 27951 11
 2079 25410 10
 2080 10164 4
 2081 43197 17
 2082 48279 19
 2083 48279 19
 2084 27951 11
 2085 35574 14
 2086 2541 1
 2087 10164 4
 2088 38115 15
 2089 7623 3
 2090 35574 14
 2091 50820 20
 2092 35574 14
 2093 25410 10
 2094 7623 3
 2095 22869 9
 2096 2541 1
 2097 7623 3
 2098 7623 3
 2099 35574 14
 2100 38115 15
 2101 7623 3
 2102 20328 8
 2103 35574 14
 2104 25410 10
 2105 45738 18
 2106 50820 20
 2107 43197 17
 2108 25410 10
 2109 48279 19
 2110 7623 3
 2111 2541 1
 2112 25410 10
 2113 7623 3
 2114 5082 2
 2115 7623 3
 2116 5082 2
 2117 25410 10
 2118 27951 11
 2119 40656 16
 2120 5082 2
 2121 38115 15
 2122 43197 17
 2123 10164 4
 2124 22869 9
 2125 20328 8
 2126 2541 1
 2127 17787 7
 2128 50820 20
 2129 27951 11
 2130 48279 19
 2131 48279 19
 2132 2541 1
 2133 5082 2
 2134 10164 4
 2135 20328 8
 2136 17787 7
 2137 7623 3
 2138 22869 9
 2139 25410 10
 2140 25410 10
 2141 27951 11
 2142 40656 16
 2143 33033 13
 2144 48279 19
 2145 7623 3
 2146 33033 13
 2147 30492 12
 2148 22869 9
 2149 10164 4
 2150 50820 20
 2151 35574 14
 2152 25410 10
 2153 45738 18
 2154 33033 13
 2155 48279 19
 2156 17787 7
 2157 50820 20
 2158 20328 8
 2159 15246 6
 2160 30492 12
 2161 7623 3
 2162 25410 10
 2163 20328 8
 2164 12705 5
 2165 27951 11
 2166 50820 20
 2167 35574 14
 2168 15246 6
 2169 33033 13
 2170 5082 2
 2171 5082 2
 2172 22869 9
 2173 33033 13
 2174 45738 18
 2175 25410 10
 2176 7623 3
 2177 15246 6
 2178 45738 18
 2179 30492 12
 2180 12705 5
 2181 35574 14
 2182 17787 7
 2183 38115 15
 2184 10164 4
 2185 25410 10
 2186 30492 12
 2187 33033 13
 2188 20328 8
 2189 43197 17
 2190 25410 10
 2191 2541 1
 2192 50820 20
 2193 20328 8
 2194 43197 17
 2195 7623 3
 2196 25410 10
 2197 48279 19
 2198 48279 19
 2199 20328 8
 2200 17787 7
 2201 30492 12
 2202 40656 16
 2203 50820 20
 2204 43197 17
 2205 12705 5
 2206 38115 15
 2207 43197 17
 2208 17787 7
 2209 35574 14
 2210 50820 20
 2211 2541 1
 2212 45738 18
 2213 12705 5
 2214 20328 8
 2215 45738 18
 2216 10164 4
 2217 5082 2
 2218 25410 10
 2219 33033 13
 2220 40656 16
 2221 17787 7
 2222 50820 20
 2223 10164 4
 2224 5082 2
 2225 12705 5
 2226 7623 3
 2227 30492 12
 2228 35574 14
 2229 40656 16
 2230 15246 6
 2231 10164 4
 2232 45738 18
 2233 50820 20
 2234 50820 20
 2235 17787 7
 2236 40656 16
 2237 48279 19
 2238 40656 16
 2239 7623 3
 2240 43197 17
 2241 10164 4
 2242 27951 11
 2243 10164 4
 2244 7623 3
 2245 33033 13
 2246 15246 6
 2247 10164 4
 2248 15246 6
 2249 30492 12
 2250 33033 13
 2251 30492 12
 2252 45738 18
 2253 40656 16
 2254 48279 19
 2255 45738 18
 2256 12705 5
 2257 12705 5
 2258 2541 1
 2259 17787 7
 2260 10164 4
 2261 12705 5
 2262 50820 20
 2263 15246 6
 2264 38115 15
 2265 20328 8
 2266 5082 2
 2267 48279 19
 2268 30492 12
 2269 48279 19
 2270 27951 11
 2271 33033 13
 2272 5082 2
 2273 48279 19
 2274 15246 6
 2275 7623 3
 2276 17787 7
 2277 12705 5
 2278 5082 2
 2279 15246 6
 2280 17787 7
 2281 22869 9
 2282 30492 12
 2283 45738 18
 2284 50820 20
 2285 48279 19
 2286 30492 12
 2287 22869 9
 2288 7623 3
 2289 33033 13
 2290 22869 9
 2291 2541 1
 2292 27951 11
 2293 27951 11
 2294 50820 20
 2295 5082 2
 2296 12705 5
 2297 43197 17
 2298 40656 16
 2299 27951 11
 2300 22869 9
 2301 12705 5
 2302 43197 17
 2303 22869 9
 2304 20328 8
 2305 35574 14
 2306 40656 16
 2307 25410 10
 2308 27951 11
 2309 10164 4
 2310 5082 2
 2311 15246 6
 2312 45738 18
 2313 50820 20
 2314 45738 18
 2315 22869 9
 2316 30492 12
 2317 27951 11
 2318 38115 15
 2319 45738 18
 2320 45738 18
 2321 38115 15
 2322 12705 5
 2323 45738 18
 2324 10164 4
 2325 12705 5
 2326 40656 16
 2327 5082 2
 2328 10164 4
 2329 2541 1
 2330 38115 15
 2331 27951 11
 2332 12705 5
 2333 40656 16
 2334 45738 18
 2335 20328 8
 2336 43197 17
 2337 7623 3
 2338 45738 18
 2339 20328 8
 2340 17787 7
 2341 12705 5
 2342 43197 17
 2343 17787 7
 2344 25410 10
 2345 48279 19
 2346 2541 1
 2347 22869 9
 2348 22869 9
 2349 35574 14
 2350 43197 17
 2351 17787 7
 2352 22869 9
 2353 33033 13
 2354 35574 14
 2355 33033 13
 2356 7623 3
 2357 2541 1
 2358 15246 6
 2359 25410 10
 2360 35574 14
 2361 20328 8
 2362 7623 3
 2363 43197 17
 2364 40656 16
 2365 40656 16
 2366 38115 15
 2367 20328 8
 2368 43197 17
 2369 15246 6
 2370 30492 12
 2371 43197 17
 2372 38115 15
 2373 7623 3
 2374 15246 6
 2375 10164 4
 2376 15246 6
 2377 7623 3
 2378 22869 9
 2379 5082 2
 2380 27951 11
 2381 27951 11
 2382 27951 11
 2383 20328 8
 2384 2541 1
 2385 5082 2
 2386 27951 11
 2387 7623 3
 2388 10164 4
 2389 43197 17
 2390 30492 12
 2391 7623 3
 2392 15246 6
 2393 10164 4
 2394 22869 9
 2395 7623 3
 2396 40656 16
 2397 33033 13
 2398 27951 11
 2399 50820 20
 2400 27951 11
 2401 22869 9
 2402 15246 6
 2403 10164 4
 2404 2541 1
 2405 25410 10
 2406 7623 3
 2407 2541 1
 2408 45738 18
 2409 38115 15
 2410 15246 6
 2411 22869 9
 2412 7623 3
 2413 22869 9
 2414 5082 2
 2415 50820 20
 2416 17787 7
 2417 20328 8
 2418 5082 2
 2419 5082 2
 2420 30492 12
 2421 50820 20
 2422 48279 19
 2423 15246 6
 2424 40656 16
 2425 10164 4
 2426 5082 2
 2427 25410 10
 2428 5082 2
 2429 17787 7
 2430 25410 10
 2431 5082 2
 2432 48279 19
 2433 43197 17
 2434 25410 10
 2435 33033 13
 2436 48279 19
 2437 43197 17
 2438 2541 1
 2439 25410 10
 2440 43197 17
 2441 5082 2
 2442 48279 19
 2443 7623 3
 2444 22869 9
 2445 35574 14
 2446 50820 20
 2447 22869 9
 2448 10164 4
 2449 2541 1
 2450 7623 3
 2451 10164 4
 2452 25410 10
 2453 35574 14
 2454 50820 20
 2455 15246 6
 2456 15246 6
 2457 43197 17
 2458 22869 9
 2459 30492 12
 2460 40656 16
 2461 48279 19
 2462 38115 15
 2463 2541 1
 2464 48279 19
 2465 33033 13
 2466 35574 14
 2467 15246 6
 2468 17787 7
 2469 50820 20
 2470 12705 5
 2471 30492 12
 2472 7623 3
 2473 22869 9
 2474 15246 6
 2475 5082 2
 2476 45738 18
 2477 2541 1
 2478 5082 2
 2479 20328 8
 2480 2541 1
 2481 30492 12
 2482 48279 19
 2483 43197 17
 2484 17787 7
 2485 33033 13
 2486 27951 11
 2487 2541 1
 2488 2541 1
 2489 35574 14
 2490 40656 16
 2491 50820 20
 2492 5082 2
 2493 10164 4
 2494 40656 16
 2495 35574 14
 2496 25410 10
 2497 17787 7
 2498 10164 4
 2499 33033 13
 2500 15246 6
 2501 10164 4
 2502 12705 5
 2503 7623 3
 2504 27951 11
 2505 12705 5
 2506 25410 10
 2507 40656 16
 2508 12705 5
 2509 50820 20
 2510 50820 20
 2511 25410 10
 2512 25410 10
 2513 45738 18
 2514 20328 8
 2515 35574 14
 2516 2541 1
 2517 2541 1
 2518 2541 1
 2519 7623 3
 2520 20328 8
 2521 48279 19
 2522 48279 19
 2523 27951 11
 2524 2541 1
 2525 5082 2
 2526 30492 12
 2527 45738 18
 2528 2541 1
 2529 43197 17
 2530 30492 12
 2531 7623 3
 2532 5082 2
 2533 33033 13
 2534 17787 7
 2535 2541 1
 2536 25410 10
 2537 35574 14
 2538 15246 6
 2539 15246 6
 2540 50820 20
 2541 38115 15
27951