2541
 1 50820 20
 2 22860 9
 3 12695 5
 4 30456 12
 5 48203 19
 6 32968 13
 7 30420 12
 8 12670 5
 9 43061 17
 10 40512 16
 11 32903 13
 12 10120 4
 13 17703 7
 14 2528 1
 15 27797 11
 16 47994 19
 17 15150 6
 18 45432 18
 19 25230 10
 20 40352 16
 21 20168 8
 22 50400 20
 23 32747 13
 24 10072 4
 25 7551 3
 26 50320 20
 27 15090 6
 28 15084 6
 29 15078 6
 30 45216 18
 31 25110 10
 32 5020 2
 33 7527 3
 34 25080 10
 35 47633 19
 36 22554 9
 37 7515 3
 38 25040 10
 39 20024 8
 40 2502 1
 41 12505 5
 42 47500 19
 43 47481 19
 44 32474 13
 45 29964 12
 46 14976 6
 47 17465 7
 48 4988 2
 49 2493 1
 50 34888 14
 51 29892 12
 52 42330 17
 53 17423 7
 54 4976 2
 55 49740 20
 56 44748 18
 57 39760 16
 58 17388 7
 59 19864 8
 60 12410 5
 61 27291 11
 62 4960 2
 63 4958 2
 64 37170 15
 65 9908 4
 66 9904 4
 67 17325 7
 68 12370 5
 69 19784 8
 70 42024 17
 71 9884 4
 72 46930 19
 73 37035 15
 74 12340 5
 75 37005 15
 76 36990 15
 77 32045 13
 78 27104 11
 79 12315 5
 80 12310 5
 81 39376 16
 82 24600 10
 83 24590 10
 84 2458 1
 85 27027 11
 86 7368 3
 87 34370 14
 88 14724 6
 89 24530 10
 90 36780 15
 91 9804 4
 92 34300 14
 93 17143 7
 94 48960 20
 95 14682 6
 96 9784 4
 97 34230 14
 98 4888 2
 99 48860 20
 100 21978 9
 101 19528 8
 102 12200 5
 103 48780 20
 104 2438 1
 105 24370 10
 106 19488 8
 107 48700 20
 108 19472 8
 109 9732 4
 110 41344 17
 111 7293 3
 112 34020 14
 113 43722 18
 114 4856 2
 115 33978 14
 116 48520 20
 117 7275 3
 118 48480 20
 119 12115 5
 120 19376 8
 121 43578 18
 122 43560 18
 123 26609 11
 124 19344 8
 125 24170 10
 126 16912 7
 127 38640 16
 128 21726 9
 129 16891 7
 130 45828 19
 131 14466 6
 132 38560 16
 133 12045 5
 134 2408 1
 135 7221 3
 136 48120 20
 137 43290 18
 138 36060 15
 139 21627 9
 140 40834 17
 141 24010 10
 142 26400 11
 143 11995 5
 144 23980 10
 145 38352 16
 146 4792 2
 147 16765 7
 148 43092 18
 149 9572 4
 150 11960 5
 151 31083 13
 152 38240 16
 153 43002 18
 154 33432 14
 155 33418 14
 156 4772 2
 157 16695 7
 158 23840 10
 159 42894 18
 160 16674 7
 161 23810 10
 162 4760 2
 163 19032 8
 164 21402 9
 165 40409 17
 166 9504 4
 167 21375 9
 168 45106 19
 169 2373 1
 170 42696 18
 171 2371 1
 172 42660 18
 173 4738 2
 174 23680 10
 175 9468 4
 176 42588 18
 177 14190 6
 178 23640 10
 179 14178 6
 180 4724 2
 181 44859 19
 182 25960 11
 183 7077 3
 184 47160 20
 185 9428 4
 186 30628 13
 187 35325 15
 188 21186 9
 189 9412 4
 190 16464 7
 191 39967 17
 192 35250 15
 193 25839 11
 194 39916 17
 195 28164 12
 196 11730 5
 197 39865 17
 198 25784 11
 199 42174 18
 200 30446 13
 201 14046 6
 202 18720 8
 203 25729 11
 204 16366 7
 205 42066 18
 206 35040 15
 207 16345 7
 208 4668 2
 209 18664 8
 210 37312 16
 211 39627 17
 212 46600 20
 213 13974 6
 214 2328 1
 215 32578 14
 216 39542 17
 217 39525 17
 218 44156 19
 219 6969 3
 220 9288 4
 221 6963 3
 222 37120 16
 223 25509 11
 224 2318 1
 225 46340 20
 226 44004 19
 227 39355 17
 228 34710 15
 229 25443 11
 230 36992 16
 231 30043 13
 232 46200 20
 233 39253 17
 234 20772 9
 235 18456 8
 236 27672 12
 237 41490 18
 238 25344 11
 239 16121 7
 240 13812 6
 241 36816 16
 242 32200 14
 243 11495 5
 244 27576 12
 245 36752 16
 246 16072 7
 247 27540 12
 248 4588 2
 249 2293 1
 250 6876 3
 251 36656 16
 252 25190 11
 253 43491 19
 254 4576 2
 255 36592 16
 256 41148 18
 257 6855 3
 258 20556 9
 259 20547 9
 260 45640 20
 261 2281 1
 262 11400 5
 263 20511 9
 264 6834 3
 265 22770 10
 266 15932 7
 267 13650 6
 268 22740 10
 269 2273 1
 270 6816 3
 271 11355 5
 272 27240 12
 273 18152 8
 274 38556 17
 275 43073 19
 276 27192 12
 277 29445 13
 278 13584 6
 279 15841 7
 280 18096 8
 281 31654 14
 282 18080 8
 283 9036 4
 284 29354 13
 285 40626 18
 286 20304 9
 287 11275 5
 288 36064 16
 289 24783 11
 290 22520 10
 291 15757 7
 292 22500 10
 293 2249 1
 294 2248 1
 295 6741 3
 296 22460 10
 297 24695 11
 298 44880 20
 299 44860 20
 300 35872 16
 301 15687 7
 302 8960 4
 303 38063 17
 304 42522 19
 305 42503 19
 306 40248 18
 307 8940 4
 308 13404 6
 309 24563 11
 310 33480 15
 311 2231 1
 312 37910 17
 313 6687 3
 314 28964 13
 315 24497 11
 316 37842 17
 317 6675 3
 318 40032 18
 319 35568 16
 320 6666 3
 321 35536 16
 322 24420 11
 323 24409 11
 324 33270 15
 325 31038 14
 326 31024 14
 327 6645 3
 328 39852 18
 329 6639 3
 330 37604 17
 331 6633 3
 332 39780 18
 333 4418 2
 334 33120 15
 335 41933 19
 336 6618 3
 337 19845 9
 338 22040 10
 339 11015 5
 340 13212 6
 341 6603 3
 342 44000 20
 343 21990 10
 344 4396 2
 345 6591 3
 346 17568 8
 347 37315 17
 348 37298 17
 349 15351 7
 350 28496 13
 351 30674 14
 352 4380 2
 353 19701 9
 354 19692 9
 355 28431 13
 356 6558 3
 357 37145 17
 358 2184 1
 359 6549 3
 360 21820 10
 361 19629 9
 362 13080 6
 363 17432 8
 364 43560 20
 365 15239 7
 366 39168 18
 367 26100 12
 368 23914 11
 369 15211 7
 370 28236 13
 371 30394 14
 372 21700 10
 373 39042 18
 374 36856 17
 375 41173 19
 376 2166 1
 377 6495 3
 378 30296 14
 379 21630 10
 380 12972 6
 381 36737 17
 382 43200 20
 383 2159 1
 384 6474 3
 385 34512 16
 386 40964 19
 387 19395 9
 388 21540 10
 389 10765 5
 390 25824 12
 391 32265 15
 392 36550 17
 393 42980 20
 394 38664 18
 395 21470 10
 396 23606 11
 397 23595 11
 398 21440 10
 399 12858 6
 400 27846 13
 401 40679 19
 402 36380 17
 403 14973 7
 404 12828 6
 405 10685 5
 406 10680 5
 407 14945 7
 408 4268 2
 409 21330 10
 410 14924 7
 411 6393 3
 412 23430 11
 413 12774 6
 414 23408 11
 415 21270 10
 416 27638 13
 417 34000 16
 418 23364 11
 419 2123 1
 420 42440 20
 421 16968 8
 422 14840 7
 423 42380 20
 424 23298 11
 425 25404 12
 426 19044 9
 427 16920 8
 428 21140 10
 429 33808 16
 430 4224 2
 431 31665 15
 432 42200 20
 433 31635 15
 434 27404 13
 435 27391 13
 436 4212 2
 437 2105 1
 438 35768 17
 439 29442 14
 440 6306 3
 441 2101 1
 442 23100 11
 443 33584 16
 444 39862 19
 445 12582 6
 446 23056 11
 447 23045 11
 448 2094 1
 449 35581 17
 450 4184 2
 451 33456 16
 452 8360 4
 453 18801 9
 454 6264 3
 455 12522 6
 456 20860 10
 457 10425 5
 458 31260 15
 459 37494 18
 460 27066 13
 461 29134 14
 462 31200 15
 463 31185 15
 464 27014 13
 465 33232 16
 466 10380 5
 467 8300 4
 468 10370 5
 469 20730 10
 470 12432 6
 471 12426 6
 472 22770 11
 473 10345 5
 474 6204 3
 475 16536 8
 476 28924 14
 477 39235 19
 478 39216 19
 479 2063 1
 480 8248 4
 481 22671 11
 482 24720 12
 483 4118 2
 484 32928 16
 485 8228 4
 486 26728 13
 487 26715 13
 488 26702 13
 489 16424 8
 490 38988 19
 491 30765 15
 492 38950 19
 493 34833 17
 494 14336 7
 495 12282 6
 496 24552 12
 497 22495 11
 498 14308 7
 499 18387 9
 500 16336 8
 501 4082 2
 502 2040 1
 503 26507 13
 504 10190 5
 505 36666 18
 506 2036 1
 507 10175 5
 508 32544 16
 509 26429 13
 510 38608 19
 511 10155 5
 512 12180 6
 513 4058 2
 514 12168 6
 515 10135 5
 516 32416 16
 517 26325 13
 518 36432 18
 519 4046 2
 520 20220 10
 521 2021 1
 522 24240 12
 523 6057 3
 524 32288 16
 525 32272 16
 526 40320 20
 527 12090 6
 528 28196 14
 529 10065 5
 530 6036 3
 531 16088 8
 532 36180 18
 533 22099 11
 534 4016 2
 535 12042 6
 536 34102 17
 537 14035 7
 538 16032 8
 539 16024 8
 540 28028 14
 541 34017 17
 542 18000 9
 543 37981 19
 544 3996 2
 545 15976 8
 546 1996 1
 547 3990 2
 548 13958 7
 549 31888 16
 550 37848 19
 551 29865 15
 552 29850 15
 553 13923 7
 554 9940 5
 555 3974 2
 556 35748 18
 557 7940 4
 558 35712 18
 559 37677 19
 560 9910 5
 561 17829 9
 562 39600 20
 563 1979 1
 564 19780 10
 565 29655 15
 566 19760 10
 567 7900 4
 568 11844 6
 569 25649 13
 570 5916 3
 571 3942 2
 572 15760 8
 573 31504 16
 574 31488 16
 575 21637 11
 576 29490 15
 577 21615 11
 578 39280 20
 579 3926 2
 580 23544 12
 581 5883 3
 582 21560 11
 583 3918 2
 584 5874 3
 585 35226 18
 586 31296 16
 587 35190 18
 588 1954 1
 589 11718 6
 590 33184 17
 591 7804 4
 592 1950 1
 593 13643 7
 594 25324 13
 595 13629 7
 596 25298 13
 597 31120 16
 598 31104 16
 599 33031 17
 600 33014 17
 601 32997 17
 602 3880 2
 603 27146 14
 604 9690 5
 605 1937 1
 606 30976 16
 607 34830 18
 608 23208 12
 609 17397 9
 610 17388 9
 611 30896 16
 612 1930 1
 613 11574 6
 614 11568 6
 615 13489 7
 616 21186 11
 617 25025 13
 618 30784 16
 619 17307 9
 620 32674 17
 621 36499 19
 622 3840 2
 623 21109 11
 624 23016 12
 625 13419 7
 626 13412 7
 627 28725 15
 628 24882 13
 629 28695 15
 630 22944 12
 631 7644 4
 632 19100 10
 633 28635 15
 634 17172 9
 635 11442 6
 636 9530 5
 637 36195 19
 638 34272 18
 639 32351 17
 640 30432 16
 641 9505 5
 642 5700 3
 643 24687 13
 644 37960 20
 645 11382 6
 646 18960 10
 647 15160 8
 648 15152 8
 649 7572 4
 650 32164 17
 651 15128 8
 652 32130 17
 653 18890 10
 654 7552 4
 655 1887 1
 656 1886 1
 657 30160 16
 658 5652 3
 659 7532 4
 660 11292 6
 661 24453 13
 662 5640 3
 663 31943 17
 664 15024 8
 665 11262 6
 666 37520 20
 667 7500 4
 668 7496 4
 669 3746 2
 670 28080 15
 671 37420 20
 672 37400 20
 673 1869 1
 674 9340 5
 675 3734 2
 676 37320 20
 677 16785 9
 678 35416 19
 679 16767 9
 680 24206 13
 681 14888 8
 682 13020 7
 683 27885 15
 684 3716 2
 685 35283 19
 686 14848 8
 687 31535 17
 688 35226 19
 689 37060 20
 690 16668 9
 691 31467 17
 692 5550 3
 693 25886 14
 694 22176 12
 695 31399 17
 696 27690 15
 697 9225 5
 698 18440 10
 699 18430 10
 700 22104 12
 701 9205 5
 702 27600 15
 703 9195 5
 704 7352 4
 705 33066 18
 706 20196 11
 707 5505 3
 708 5502 3
 709 9165 5
 710 21984 12
 711 9155 5
 712 27450 15
 713 34751 19
 714 12796 7
 715 31059 17
 716 34694 19
 717 5475 3
 718 7296 4
 719 14584 8
 720 1822 1
 721 23673 13
 722 34580 19
 723 18190 10
 724 21816 12
 725 10902 6
 726 12712 7
 727 5445 3
 728 27210 15
 729 21756 12
 730 5436 3
 731 7244 4
 732 23530 13
 733 21708 12
 734 27120 15
 735 1807 1
 736 36120 20
 737 36100 20
 738 3608 2
 739 25242 14
 740 18020 10
 741 3602 2
 742 28800 16
 743 10794 6
 744 32364 18
 745 17970 10
 746 3592 2
 747 3590 2
 748 21528 12
 749 28688 16
 750 19712 11
 751 19701 11
 752 12530 7
 753 26835 15
 754 32184 18
 755 8935 5
 756 3572 2
 757 5355 3
 758 3568 2
 759 8915 5
 760 10692 6
 761 8905 5
 762 7120 4
 763 16011 9
 764 19558 11
 765 7108 4
 766 17760 10
 767 1775 1
 768 30158 17
 769 3546 2
 770 3544 2
 771 28336 16
 772 17700 10
 773 5307 3
 774 28288 16
 775 31806 18
 776 8830 5
 777 14120 8
 778 24696 14
 779 35260 20
 780 28192 16
 781 28176 16
 782 28160 16
 783 24626 14
 784 12306 7
 785 28112 16
 786 17560 10
 787 22815 13
 788 29818 17
 789 12271 7
 790 14016 8
 791 21012 12
 792 26250 15
 793 15741 9
 794 12236 7
 795 20964 12
 796 5238 3
 797 24430 14
 798 26160 15
 799 15687 9
 800 17420 10
 801 12187 7
 802 5220 3
 803 27824 16
 804 1738 1
 805 33003 19
 806 27776 16
 807 34700 20
 808 8670 5
 809 3466 2
 810 34640 20
 811 20772 12
 812 31140 18
 813 10374 6
 814 12096 7
 815 25905 15
 816 10356 6
 817 3450 2
 818 13792 8
 819 15507 9
 820 3444 2
 821 13768 8
 822 6880 4
 823 30942 18
 824 8590 5
 825 30906 18
 826 3432 2
 827 18865 11
 828 29138 17
 829 29121 17
 830 29104 17
 831 34220 20
 832 5130 3
 833 8545 5
 834 6832 4
 835 25605 15
 836 1706 1
 837 27280 16
 838 23856 14
 839 20436 12
 840 30636 18
 841 17010 10
 842 23800 14
 843 25485 15
 844 11886 7
 845 11879 7
 846 23744 14
 847 8475 5
 848 6776 4
 849 6772 4
 850 16920 10
 851 3382 2
 852 21970 13
 853 6756 4
 854 30384 18
 855 10122 6
 856 23604 14
 857 23590 14
 858 5052 3
 859 31977 19
 860 10092 6
 861 28577 17
 862 1680 1
 863 30222 18
 864 21814 13
 865 8385 5
 866 8380 5
 867 8375 5
 868 11718 7
 869 10038 6
 870 28424 17
 871 23394 14
 872 15030 9
 873 13352 8
 874 33360 20
 875 28339 17
 876 6664 4
 877 24975 15
 878 31616 19
 879 14967 9
 880 18282 11
 881 9966 6
 882 3320 2
 883 11613 7
 884 26528 16
 885 13256 8
 886 19872 12
 887 9930 6
 888 4962 3
 889 6612 4
 890 8260 5
 891 21463 13
 892 19800 12
 893 32980 20
 894 9888 6
 895 24705 15
 896 8230 5
 897 19740 12
 898 8220 5
 899 31217 19
 900 6568 4
 901 1641 1
 902 19680 12
 903 13112 8
 904 24570 15
 905 13096 8
 906 8180 5
 907 4905 3
 908 14706 9
 909 14697 9
 910 22848 14
 911 9786 6
 912 22820 14
 913 27693 17
 914 3256 2
 915 6508 4
 916 4878 3
 917 13000 8
 918 4872 3
 919 4869 3
 920 32440 20
 921 22694 14
 922 21060 13
 923 11333 7
 924 22652 14
 925 22638 14
 926 9696 6
 927 9690 6
 928 3228 2
 929 22582 14
 930 12896 8
 931 11277 7
 932 28980 18
 933 32180 20
 934 22512 14
 935 14463 9
 936 3212 2
 937 17655 11
 938 4812 3
 939 6412 4
 940 27234 17
 941 3202 2
 942 4800 3
 943 30381 19
 944 6392 4
 945 25552 16
 946 28728 18
 947 15950 10
 948 15940 10
 949 30267 19
 950 1592 1
 951 12728 8
 952 7950 5
 953 1589 1
 954 6352 4
 955 25392 16
 956 25376 16
 957 25360 16
 958 22176 14
 959 12664 8
 960 31640 20
 961 3162 2
 962 18960 12
 963 1579 1
 964 20514 13
 965 1577 1
 966 25216 16
 967 12600 8
 968 20462 13
 969 29887 19
 970 23580 15
 971 31420 20
 972 23550 15
 973 17259 11
 974 20384 13
 975 6268 4
 976 10962 7
 977 20345 13
 978 17204 11
 979 28134 18
 980 3124 2
 981 24976 16
 982 7800 5
 983 31180 20
 984 18696 12
 985 24912 16
 986 24896 16
 987 6220 4
 988 29526 19
 989 27954 18
 990 9312 6
 991 21714 14
 992 21700 14
 993 24784 16
 994 6192 4
 995 20111 13
 996 27828 18
 997 3090 2
 998 16984 11
 999 9258 6
 1000 15420 10
 1001 10787 7
 1002 29260 19
 1003 10773 7
 1004 23070 15
 1005 16907 11
 1006 10752 7
 1007 3070 2
 1008 16874 11
 1009 18396 12
 1010 7660 5
 1011 29089 19
 1012 12240 8
 1013 6116 4
 1014 6112 4
 1015 7635 5
 1016 30520 20
 1017 9150 6
 1018 19812 13
 1019 7615 5
 1020 21308 14
 1021 30420 20
 1022 7600 5
 1023 28861 19
 1024 24288 16
 1025 21238 14
 1026 30320 20
 1027 16665 11
 1028 30280 20
 1029 9078 6
 1030 12096 8
 1031 25687 17
 1032 1510 1
 1033 15090 10
 1034 25636 17
 1035 16577 11
 1036 1506 1
 1037 30100 20
 1038 15040 10
 1039 24048 16
 1040 27036 18
 1041 16511 11
 1042 16500 11
 1043 2998 2
 1044 29960 20
 1045 5988 4
 1046 19448 13
 1047 13455 9
 1048 8964 6
 1049 10451 7
 1050 7460 5
 1051 11928 8
 1052 13410 9
 1053 22335 15
 1054 26784 18
 1055 25279 17
 1056 7430 5
 1057 14850 10
 1058 26712 18
 1059 8898 6
 1060 10374 7
 1061 4443 3
 1062 23680 16
 1063 2958 2
 1064 23648 16
 1065 22155 15
 1066 13284 9
 1067 16225 11
 1068 20636 14
 1069 22095 15
 1070 1472 1
 1071 14710 10
 1072 11760 8
 1073 22035 15
 1074 16148 11
 1075 8802 6
 1076 20524 14
 1077 19045 13
 1078 13176 9
 1079 7315 5
 1080 27778 19
 1081 5844 4
 1082 16060 11
 1083 8754 6
 1084 24786 17
 1085 5828 4
 1086 20384 14
 1087 26190 18
 1088 26172 18
 1089 8718 6
 1090 13068 9
 1091 13059 9
 1092 5800 4
 1093 13041 9
 1094 1448 1
 1095 11576 8
 1096 18798 13
 1097 10115 7
 1098 10108 7
 1099 20202 14
 1100 1442 1
 1101 27379 19
 1102 10080 7
 1103 5756 4
 1104 15818 11
 1105 25866 18
 1106 28720 20
 1107 17220 12
 1108 27246 19
 1109 15763 11
 1110 2864 2
 1111 5724 4
 1112 17160 12
 1113 8574 6
 1114 22848 16
 1115 12843 9
 1116 9982 7
 1117 5700 4
 1118 27056 19
 1119 21345 15
 1120 1422 1
 1121 1421 1
 1122 7100 5
 1123 14190 10
 1124 22688 16
 1125 15587 11
 1126 12744 9
 1127 26885 19
 1128 1414 1
 1129 7065 5
 1130 16944 12
 1131 21165 15
 1132 26790 19
 1133 2818 2
 1134 15488 11
 1135 28140 20
 1136 8436 6
 1137 15455 11
 1138 21060 15
 1139 8418 6
 1140 4206 3
 1141 2802 2
 1142 26600 19
 1143 9793 7
 1144 8388 6
 1145 6985 5
 1146 27920 20
 1147 2790 2
 1148 27880 20
 1149 5572 4
 1150 9744 7
 1151 23647 17
 1152 25020 18
 1153 25002 18
 1154 4164 3
 1155 19418 14
 1156 4158 3
 1157 23545 17
 1158 27680 20
 1159 13830 10
 1160 4146 3
 1161 1381 1
 1162 4140 3
 1163 15169 11
 1164 22048 16
 1165 15147 11
 1166 11008 8
 1167 4125 3
 1168 10992 8
 1169 23341 17
 1170 23324 17
 1171 17823 13
 1172 4110 3
 1173 20535 15
 1174 23256 17
 1175 17771 13
 1176 24588 18
 1177 12285 9
 1178 2728 2
 1179 4089 3
 1180 23154 17
 1181 10888 8
 1182 17680 13
 1183 25821 19
 1184 12222 9
 1185 27140 20
 1186 16272 12
 1187 27100 20
 1188 21664 16
 1189 12177 9
 1190 1352 1
 1191 8106 6
 1192 8100 6
 1193 20235 15
 1194 22916 17
 1195 26940 20
 1196 9422 7
 1197 8070 6
 1198 14784 11
 1199 9401 7
 1200 4026 3
 1201 6705 5
 1202 5360 4
 1203 21424 16
 1204 6690 5
 1205 8022 6
 1206 17368 13
 1207 12015 9
 1208 9338 7
 1209 7998 6
 1210 6660 5
 1211 18634 14
 1212 10640 8
 1213 1329 1
 1214 11952 9
 1215 1327 1
 1216 17238 13
 1217 23850 18
 1218 10592 8
 1219 18522 14
 1220 25118 19
 1221 14531 11
 1222 6600 5
 1223 11871 9
 1224 13180 10
 1225 5268 4
 1226 13160 10
 1227 9205 7
 1228 2628 2
 1229 24947 19
 1230 7872 6
 1231 3933 3
 1232 1310 1
 1233 15708 12
 1234 13080 10
 1235 1307 1
 1236 6530 5
 1237 18270 14
 1238 11736 9
 1239 10424 8
 1240 11718 9
 1241 13010 10
 1242 13000 10
 1243 14289 11
 1244 6490 5
 1245 16861 13
 1246 23328 18
 1247 11655 9
 1248 15528 12
 1249 21981 17
 1250 5168 4
 1251 21947 17
 1252 20640 16
 1253 24491 19
 1254 12880 10
 1255 6435 5
 1256 23148 18
 1257 10280 8
 1258 8988 7
 1259 14113 11
 1260 8974 7
 1261 17934 14
 1262 10240 8
 1263 11511 9
 1264 1278 1
 1265 20432 16
 1266 1276 1
 1267 25500 20
 1268 2548 2
 1269 7638 6
 1270 17808 14
 1271 24149 19
 1272 12700 10
 1273 1269 1
 1274 24092 19
 1275 8869 7
 1276 8862 7
 1277 11385 9
 1278 7584 6
 1279 11367 9
 1280 1262 1
 1281 17654 14
 1282 23940 19
 1283 1259 1
 1284 8806 7
 1285 1257 1
 1286 22608 18
 1287 11295 9
 1288 6270 5
 1289 12530 10
 1290 7512 6
 1291 10008 8
 1292 18750 15
 1293 3747 3
 1294 13728 11
 1295 6235 5
 1296 4984 4
 1297 19920 16
 1298 23636 19
 1299 17402 14
 1300 8694 7
 1301 8687 7
 1302 2480 2
 1303 2478 2
 1304 24760 20
 1305 3711 3
 1306 6180 5
 1307 11115 9
 1308 23446 19
 1309 16029 13
 1310 4928 4
 1311 19696 16
 1312 4920 4
 1313 12290 10
 1314 3684 3
 1315 14724 12
 1316 11034 9
 1317 17150 14
 1318 20808 17
 1319 3669 3
 1320 23218 19
 1321 12210 10
 1322 6100 5
 1323 6095 5
 1324 8526 7
 1325 2434 2
 1326 21888 18
 1327 9720 8
 1328 16996 14
 1329 3639 3
 1330 7272 6
 1331 13321 11
 1332 1210 1
 1333 18135 15
 1334 19328 16
 1335 24140 20
 1336 16884 14
 1337 4820 4
 1338 24080 20
 1339 20451 17
 1340 21636 18
 1341 2402 2
 1342 8400 7
 1343 8393 7
 1344 21564 18
 1345 16758 14
 1346 2392 2
 1347 21510 18
 1348 23880 20
 1349 13123 11
 1350 14304 12
 1351 7146 6
 1352 20230 17
 1353 17835 15
 1354 16632 14
 1355 8309 7
 1356 14232 12
 1357 7110 6
 1358 17760 15
 1359 7098 6
 1360 4728 4
 1361 10629 9
 1362 21240 18
 1363 7074 6
 1364 14136 12
 1365 22363 19
 1366 7056 6
 1367 3525 3
 1368 10566 9
 1369 7038 6
 1370 18752 16
 1371 3513 3
 1372 16380 14
 1373 2338 2
 1374 4672 4
 1375 16338 14
 1376 23320 20
 1377 20970 18
 1378 2328 2
 1379 9304 8
 1380 16268 14
 1381 22059 19
 1382 4640 4
 1383 4636 4
 1384 22002 19
 1385 8099 7
 1386 1156 1
 1387 19635 17
 1388 4616 4
 1389 11530 10
 1390 13824 12
 1391 23020 20
 1392 11500 10
 1393 10341 9
 1394 21812 19
 1395 21793 19
 1396 10314 9
 1397 5725 5
 1398 19448 17
 1399 19431 17
 1400 9136 8
 1401 22820 20
 1402 7980 7
 1403 4556 4
 1404 14794 13
 1405 18192 16
 1406 11360 10
 1407 3405 3
 1408 6804 6
 1409 15862 14
 1410 4528 4
 1411 10179 9
 1412 6780 6
 1413 12419 11
 1414 13536 12
 1415 12397 11
 1416 9008 8
 1417 15750 14
 1418 8992 8
 1419 16845 15
 1420 22440 20
 1421 21299 19
 1422 12320 11
 1423 3357 3
 1424 3354 3
 1425 22340 20
 1426 10044 9
 1427 12265 11
 1428 5570 5
 1429 11130 10
 1430 12232 11
 1431 18887 17
 1432 7770 7
 1433 8872 8
 1434 3324 3
 1435 17712 16
 1436 8848 8
 1437 11050 10
 1438 12144 11
 1439 19854 18
 1440 22040 20
 1441 12111 11
 1442 11000 10
 1443 14287 13
 1444 14274 13
 1445 7679 7
 1446 20824 19
 1447 10950 10
 1448 21880 20
 1449 1093 1
 1450 7644 7
 1451 9819 9
 1452 21800 20
 1453 6534 6
 1454 4352 4
 1455 17392 16
 1456 7602 7
 1457 11935 11
 1458 20596 19
 1459 1083 1
 1460 20558 19
 1461 4324 4
 1462 11880 11
 1463 11869 11
 1464 14014 13
 1465 5385 5
 1466 5380 5
 1467 16125 15
 1468 4296 4
 1469 6438 6
 1470 1072 1
 1471 14994 14
 1472 10700 10
 1473 5345 5
 1474 14952 14
 1475 12804 12
 1476 13858 13
 1477 20235 19
 1478 15960 15
 1479 10630 10
 1480 9558 9
 1481 6366 6
 1482 8480 8
 1483 2118 2
 1484 5290 5
 1485 19026 18
 1486 12672 12
 1487 16880 16
 1488 1054 1
 1489 8424 8
 1490 10520 10
 1491 16816 16
 1492 13650 13
 1493 16784 16
 1494 11528 11
 1495 5235 5
 1496 4184 4
 1497 18810 18
 1498 6264 6
 1499 8344 8
 1500 8336 8
 1501 3123 3
 1502 20800 20
 1503 3117 3
 1504 5190 5
 1505 3111 3
 1506 7252 7
 1507 11385 11
 1508 13442 13
 1509 12396 12
 1510 6192 6
 1511 11341 11
 1512 10300 10
 1513 7203 7
 1514 17476 17
 1515 3081 3
 1516 11286 11
 1517 13325 13
 1518 8192 8
 1519 2046 2
 1520 5110 5
 1521 17357 17
 1522 16320 16
 1523 1019 1
 1524 9162 9
 1525 11187 11
 1526 1016 1
 1527 15225 15
 1528 16224 16
 1529 13169 13
 1530 8096 8
 1531 14154 14
 1532 1010 1
 1533 5045 5
 1534 14112 14
 1535 9063 9
 1536 8048 8
 1537 17085 17
 1538 9036 9
 1539 11033 11
 1540 11022 11
 1541 2002 2
 1542 6000 6
 1543 18981 19
 1544 18962 19
 1545 5982 6
 1546 1992 2
 1547 13930 14
 1548 8946 9
 1549 6951 7
 1550 4960 5
 1551 14865 15
 1552 14850 15
 1553 989 1
 1554 13832 14
 1555 13818 14
 1556 7888 8
 1557 10835 11
 1558 8856 9
 1559 7864 8
 1560 7856 8
 1561 14715 15
 1562 3920 4
 1563 19580 20
 1564 13692 14
 1565 10747 11
 1566 6832 7
 1567 9750 10
 1568 9740 10
 1569 14595 15
 1570 18468 19
 1571 1942 2
 1572 7760 8
 1573 10659 11
 1574 3872 4
 1575 3868 4
 1576 15456 16
 1577 12545 13
 1578 16388 17
 1579 5778 6
 1580 4810 5
 1581 11532 12
 1582 19200 20
 1583 5754 6
 1584 8622 9
 1585 14355 15
 1586 16252 17
 1587 1910 2
 1588 10494 11
 1589 19060 20
 1590 5712 6
 1591 16167 17
 1592 9500 10
 1593 4745 5
 1594 15168 16
 1595 14205 15
 1596 7568 8
 1597 11340 12
 1598 17936 19
 1599 10373 11
 1600 942 1
 1601 3764 4
 1602 7520 8
 1603 17841 19
 1604 7504 8
 1605 13118 14
 1606 14040 15
 1607 1870 2
 1608 9340 10
 1609 9330 10
 1610 12116 13
 1611 5586 6
 1612 11160 12
 1613 17651 19
 1614 17632 19
 1615 16686 18
 1616 6482 7
 1617 2775 3
 1618 9240 10
 1619 1846 2
 1620 922 1
 1621 1842 2
 1622 1840 2
 1623 4595 5
 1624 7344 8
 1625 6419 7
 1626 6412 7
 1627 12810 14
 1628 8226 9
 1629 11869 13
 1630 8208 9
 1631 18220 20
 1632 10920 12
 1633 15453 17
 1634 11804 13
 1635 12698 14
 1636 8154 9
 1637 7240 8
 1638 9944 11
 1639 6321 7
 1640 2706 3
 1641 4505 5
 1642 10800 12
 1643 9889 11
 1644 4490 5
 1645 17940 20
 1646 16128 18
 1647 17900 20
 1648 16092 18
 1649 3572 4
 1650 14272 16
 1651 16929 19
 1652 2670 3
 1653 16002 18
 1654 2664 3
 1655 17740 20
 1656 14176 16
 1657 11505 13
 1658 15028 17
 1659 7064 8
 1660 11466 13
 1661 17620 20
 1662 5280 6
 1663 12306 14
 1664 5268 6
 1665 1754 2
 1666 12264 14
 1667 7000 8
 1668 3496 4
 1669 4365 5
 1670 16568 19
 1671 16549 19
 1672 17400 20
 1673 10428 12
 1674 8680 10
 1675 15606 18
 1676 3464 4
 1677 6055 7
 1678 12960 15
 1679 12082 14
 1680 9482 11
 1681 6888 8
 1682 3440 4
 1683 9449 11
 1684 9438 11
 1685 13712 16
 1686 15408 18
 1687 6840 8
 1688 3416 4
 1689 4265 5
 1690 13632 16
 1691 3404 4
 1692 12750 15
 1693 13584 16
 1694 3392 4
 1695 8470 10
 1696 6768 8
 1697 10985 13
 1698 11816 14
 1699 5058 6
 1700 10946 13
 1701 11774 14
 1702 15960 19
 1703 6712 8
 1704 5028 6
 1705 2511 3
 1706 11704 14
 1707 14195 17
 1708 12510 15
 1709 14161 17
 1710 9152 11
 1711 13296 16
 1712 12450 15
 1713 829 1
 1714 4968 6
 1715 6616 8
 1716 4130 5
 1717 9900 12
 1718 9888 12
 1719 6584 8
 1720 4932 6
 1721 13957 17
 1722 9840 12
 1723 10647 13
 1724 4090 5
 1725 7353 9
 1726 12240 15
 1727 4890 6
 1728 2442 3
 1729 6504 8
 1730 2436 3
 1731 11354 14
 1732 12960 16
 1733 8899 11
 1734 7272 9
 1735 7263 9
 1736 16120 20
 1737 12880 16
 1738 6432 8
 1739 13651 17
 1740 15238 19
 1741 5607 7
 1742 4800 6
 1743 1598 2
 1744 7182 9
 1745 9564 12
 1746 14328 18
 1747 3975 5
 1748 9528 12
 1749 15860 20
 1750 15048 19
 1751 7910 10
 1752 3950 5
 1753 5523 7
 1754 3152 4
 1755 13379 17
 1756 2358 3
 1757 785 1
 1758 7840 10
 1759 8613 11
 1760 8602 11
 1761 4686 6
 1762 3120 4
 1763 3895 5
 1764 9336 12
 1765 777 1
 1766 10088 13
 1767 11625 15
 1768 10836 14
 1769 6184 8
 1770 14668 19
 1771 14649 19
 1772 5390 7
 1773 3076 4
 1774 3072 4
 1775 13806 18
 1776 9958 13
 1777 6885 9
 1778 10696 14
 1779 6867 9
 1780 6858 9
 1781 9132 12
 1782 6080 8
 1783 12903 17
 1784 11370 15
 1785 9841 13
 1786 10584 14
 1787 12080 16
 1788 12818 17
 1789 9789 13
 1790 5264 7
 1791 10514 14
 1792 12000 16
 1793 9737 13
 1794 9724 13
 1795 5229 7
 1796 11190 15
 1797 4470 6
 1798 12648 17
 1799 3715 5
 1800 11130 15
 1801 5928 8
 1802 9620 13
 1803 7390 10
 1804 11808 16
 1805 11792 16
 1806 13248 18
 1807 1470 2
 1808 734 1
 1809 12461 17
 1810 10980 15
 1811 5848 8
 1812 2920 4
 1813 2187 3
 1814 3640 5
 1815 5089 7
 1816 12342 17
 1817 13775 19
 1818 14480 20
 1819 8676 12
 1820 7942 11
 1821 9373 13
 1822 3600 5
 1823 5752 8
 1824 8616 12
 1825 7170 10
 1826 10740 15
 1827 12870 18
 1828 7854 11
 1829 5704 8
 1830 12104 17
 1831 9243 13
 1832 2840 4
 1833 4963 7
 1834 13452 19
 1835 12019 17
 1836 4236 6
 1837 4935 7
 1838 704 1
 1839 11951 17
 1840 2106 3
 1841 10515 15
 1842 9800 14
 1843 4893 7
 1844 8376 12
 1845 8364 12
 1846 9744 14
 1847 5560 8
 1848 12492 18
 1849 3465 5
 1850 2076 3
 1851 7601 11
 1852 9660 14
 1853 13780 20
 1854 5504 8
 1855 5496 8
 1856 10290 15
 1857 2055 3
 1858 4788 7
 1859 683 1
 1860 4774 7
 1861 12939 19
 1862 4760 7
 1863 8148 12
 1864 7458 11
 1865 9478 14
 1866 13520 20
 1867 2025 3
 1868 674 1
 1869 11441 17
 1870 2688 4
 1871 10736 16
 1872 6700 10
 1873 12711 19
 1874 12024 18
 1875 12673 19
 1876 1332 2
 1877 8645 13
 1878 10624 16
 1879 8619 13
 1880 4634 7
 1881 4627 7
 1882 1980 3
 1883 9885 15
 1884 7238 11
 1885 13140 20
 1886 6560 10
 1887 8515 13
 1888 11772 18
 1889 5224 8
 1890 2608 4
 1891 11718 18
 1892 12350 19
 1893 649 1
 1894 8424 13
 1895 3882 6
 1896 1938 3
 1897 6450 10
 1898 8372 13
 1899 5787 9
 1900 7704 12
 1901 11538 18
 1902 10880 17
 1903 7668 12
 1904 2552 4
 1905 2548 4
 1906 11448 18
 1907 635 1
 1908 5072 8
 1909 9495 15
 1910 10112 16
 1911 5048 8
 1912 6300 10
 1913 2516 4
 1914 5652 9
 1915 9405 15
 1916 2504 4
 1917 1875 3
 1918 1248 2
 1919 8722 14
 1920 10574 17
 1921 7452 12
 1922 6820 11
 1923 9904 16
 1924 8034 13
 1925 3702 6
 1926 4928 8
 1927 4920 8
 1928 3684 6
 1929 8582 14
 1930 11016 18
 1931 7332 12
 1932 10980 18
 1933 11571 19
 1934 608 1
 1935 4856 8
 1936 2424 4
 1937 6050 10
 1938 6644 11
 1939 11457 19
 1940 4816 8
 1941 10217 17
 1942 5400 9
 1943 4193 7
 1944 4784 8
 1945 11343 19
 1946 10728 18
 1947 7140 12
 1948 2970 5
 1949 1779 3
 1950 11248 19
 1951 3546 6
 1952 4720 8
 1953 2945 5
 1954 7056 12
 1955 11740 20
 1956 6446 11
 1957 3510 6
 1958 9344 16
 1959 4081 7
 1960 11640 20
 1961 9877 17
 1962 2900 5
 1963 2895 5
 1964 4046 7
 1965 10386 18
 1966 9792 17
 1967 3450 6
 1968 1148 2
 1969 5730 10
 1970 5148 9
 1971 2855 5
 1972 10830 19
 1973 9104 16
 1974 1704 3
 1975 1701 3
 1976 3396 6
 1977 10170 18
 1978 5640 10
 1979 8445 15
 1980 2810 5
 1981 6171 11
 1982 7840 14
 1983 5590 10
 1984 3906 7
 1985 2228 4
 1986 9452 17
 1987 5550 10
 1988 1108 2
 1989 6636 12
 1990 1656 3
 1991 6612 12
 1992 6600 12
 1993 10431 19
 1994 7124 13
 1995 8752 16
 1996 3276 6
 1997 10900 20
 1998 1088 2
 1999 1629 3
 2000 1084 2
 2001 2705 5
 2002 2160 4
 2003 539 1
 2004 7532 14
 2005 2685 5
 2006 2144 4
 2007 3210 6
 2008 534 1
 2009 2665 5
 2010 10108 19
 2011 6372 12
 2012 10070 19
 2013 5290 10
 2014 2640 5
 2015 5797 11
 2016 1578 3
 2017 4725 9
 2018 10480 20
 2019 3661 7
 2020 6264 12
 2021 4689 9
 2022 520 1
 2023 6228 12
 2024 8288 16
 2025 5687 11
 2026 2064 4
 2027 5665 11
 2028 8224 16
 2029 1539 3
 2030 4096 8
 2031 3066 6
 2032 3060 6
 2033 5090 10
 2034 508 1
 2035 10140 20
 2036 506 1
 2037 1010 2
 2038 8064 16
 2039 9054 18
 2040 1004 2
 2041 3006 6
 2042 6500 13
 2043 3493 7
 2044 5478 11
 2045 3479 7
 2046 7440 15
 2047 5940 12
 2048 6422 13
 2049 5916 12
 2050 4920 10
 2051 5401 11
 2052 1960 4
 2053 7824 16
 2054 488 1
 2055 6818 14
 2056 5346 11
 2057 1455 3
 2058 1936 4
 2059 483 1
 2060 2410 5
 2061 7696 16
 2062 6720 14
 2063 1916 4
 2064 9082 19
 2065 2862 6
 2066 2380 5
 2067 9500 20
 2068 948 2
 2069 3784 8
 2070 3776 8
 2071 7536 16
 2072 5170 11
 2073 938 2
 2074 7956 17
 2075 5604 12
 2076 7456 16
 2077 1395 3
 2078 928 2
 2079 1389 3
 2080 2310 5
 2081 6454 14
 2082 2300 5
 2083 6426 14
 2084 4122 9
 2085 8683 19
 2086 8664 19
 2087 1820 4
 2088 4994 11
 2089 3171 7
 2090 2712 6
 2091 4059 9
 2092 1800 4
 2093 3592 8
 2094 6720 15
 2095 5364 12
 2096 2230 5
 2097 8010 18
 2098 2220 5
 2099 1329 3
 2100 3536 8
 2101 7056 16
 2102 880 2
 2103 8780 20
 2104 438 1
 2105 7866 18
 2106 1744 4
 2107 3480 8
 2108 5208 12
 2109 6062 14
 2110 3888 9
 2111 8189 19
 2112 7740 18
 2113 2574 6
 2114 8560 20
 2115 2989 7
 2116 7668 18
 2117 7650 18
 2118 4240 10
 2119 7614 18
 2120 5486 13
 2121 1684 4
 2122 4200 10
 2123 1676 4
 2124 7524 18
 2125 1251 3
 2126 416 1
 2127 6225 15
 2128 5796 14
 2129 413 1
 2130 412 1
 2131 3699 9
 2132 2870 7
 2133 7362 18
 2134 3264 8
 2135 4477 11
 2136 812 2
 2137 2430 6
 2138 7676 19
 2139 8060 20
 2140 5628 14
 2141 3609 9
 2142 4400 11
 2143 1995 5
 2144 1194 3
 2145 1985 5
 2146 2772 7
 2147 1580 4
 2148 1970 5
 2149 6681 17
 2150 6272 16
 2151 3128 8
 2152 7800 20
 2153 7002 18
 2154 4268 11
 2155 4257 11
 2156 2316 6
 2157 6545 17
 2158 3072 8
 2159 4596 12
 2160 4966 13
 2161 381 1
 2162 2280 6
 2163 4169 11
 2164 1890 5
 2165 7540 20
 2166 1504 4
 2167 3750 10
 2168 3366 9
 2169 4849 13
 2170 2232 6
 2171 1113 3
 2172 1850 5
 2173 6273 17
 2174 6992 19
 2175 7340 20
 2176 5856 16
 2177 365 1
 2178 1092 3
 2179 3993 11
 2180 3982 11
 2181 361 1
 2182 7200 20
 2183 5026 14
 2184 1790 5
 2185 7140 20
 2186 5696 16
 2187 5680 16
 2188 708 2
 2189 3883 11
 2190 5280 15
 2191 2457 7
 2192 1400 4
 2193 6631 19
 2194 1392 4
 2195 3123 9
 2196 4498 13
 2197 6210 18
 2198 2408 7
 2199 1029 3
 2200 5472 16
 2201 2728 8
 2202 2040 6
 2203 2712 8
 2204 5408 16
 2205 1685 5
 2206 4368 13
 2207 2345 7
 2208 6680 20
 2209 1665 5
 2210 5976 18
 2211 5627 17
 2212 3960 12
 2213 3619 11
 2214 656 2
 2215 6540 20
 2216 6520 20
 2217 4225 13
 2218 3564 11
 2219 5491 17
 2220 2898 9
 2221 2568 8
 2222 1600 5
 2223 5104 16
 2224 1272 4
 2225 1585 5
 2226 1896 6
 2227 1260 4
 2228 5652 18
 2229 313 1
 2230 2496 8
 2231 4665 15
 2232 310 1
 2233 309 1
 2234 5544 18
 2235 2456 8
 2236 4590 15
 2237 5185 17
 2238 2128 7
 2239 2121 7
 2240 4228 14
 2241 2709 9
 2242 3600 12
 2243 299 1
 2244 2682 9
 2245 2970 10
 2246 888 3
 2247 2655 9
 2248 4704 16
 2249 2051 7
 2250 5548 19
 2251 1455 5
 2252 290 1
 2253 578 2
 2254 3456 12
 2255 574 2
 2256 1430 5
 2257 2565 9
 2258 5112 18
 2259 1132 4
 2260 4512 16
 2261 5620 20
 2262 1680 6
 2263 3069 11
 2264 2502 9
 2265 3324 12
 2266 4692 17
 2267 4675 17
 2268 3562 13
 2269 3276 12
 2270 1632 6
 2271 4607 17
 2272 2970 11
 2273 3497 13
 2274 4020 15
 2275 4272 16
 2276 3458 13
 2277 3710 14
 2278 2112 8
 2279 3945 15
 2280 3930 15
 2281 1827 7
 2282 4420 17
 2283 1036 4
 2284 2064 8
 2285 2056 8
 2286 1280 5
 2287 3315 13
 2288 508 2
 2289 4554 18
 2290 5040 20
 2291 4518 18
 2292 3750 15
 2293 4980 20
 2294 992 4
 2295 4199 17
 2296 3936 16
 2297 3675 15
 2298 1708 7
 2299 3888 16
 2300 2904 12
 2301 3374 14
 2302 2880 12
 2303 4541 19
 2304 714 3
 2305 948 4
 2306 1652 7
 2307 4700 20
 2308 702 3
 2309 233 1
 2310 2320 10
 2311 4158 18
 2312 4140 18
 2313 2290 10
 2314 456 2
 2315 2951 13
 2316 2486 11
 2317 1575 7
 2318 448 2
 2319 2453 11
 2320 1998 9
 2321 4420 20
 2322 880 4
 2323 3285 15
 2324 1962 9
 2325 3255 15
 2326 4104 19
 2327 2365 11
 2328 642 3
 2329 2556 12
 2330 2756 13
 2331 4009 19
 2332 2940 14
 2333 3344 16
 2334 1664 8
 2335 3105 15
 2336 2060 10
 2337 3895 19
 2338 3468 17
 2339 609 3
 2340 808 4
 2341 804 4
 2342 600 3
 2343 2985 15
 2344 2772 14
 2345 1182 6
 2346 588 3
 2347 2340 12
 2348 1552 8
 2349 3667 19
 2350 1728 9
 2351 1146 6
 2352 380 2
 2353 3780 20
 2354 940 5
 2355 2805 15
 2356 186 1
 2357 555 3
 2358 920 5
 2359 1647 9
 2360 182 1
 2361 2715 15
 2362 3600 20
 2363 1611 9
 2364 890 5
 2365 1239 7
 2366 1936 11
 2367 1225 7
 2368 870 5
 2369 3287 19
 2370 2580 15
 2371 2394 14
 2372 2720 16
 2373 3211 19
 2374 1512 9
 2375 2338 14
 2376 498 3
 2377 2145 13
 2378 656 4
 2379 326 2
 2380 810 5
 2381 1449 9
 2382 960 6
 2383 2703 17
 2384 2844 18
 2385 1413 9
 2386 468 3
 2387 775 5
 2388 770 5
 2389 1377 9
 2390 1976 13
 2391 1057 7
 2392 2550 17
 2393 894 6
 2394 592 4
 2395 441 3
 2396 1898 13
 2397 2320 16
 2398 2880 20
 2399 1287 9
 2400 852 6
 2401 1974 14
 2402 280 2
 2403 1112 8
 2404 2346 17
 2405 1096 8
 2406 952 7
 2407 2565 19
 2408 2278 17
 2409 532 4
 2410 1584 12
 2411 1310 10
 2412 130 1
 2413 2322 18
 2414 1536 12
 2415 1143 9
 2416 2520 20
 2417 1250 10
 2418 1488 12
 2419 1968 16
 2420 732 6
 2421 2299 19
 2422 2280 19
 2423 1190 10
 2424 472 4
 2425 351 3
 2426 580 5
 2427 2070 18
 2428 1254 11
 2429 1243 11
 2430 1344 12
 2431 222 2
 2432 660 6
 2433 1635 15
 2434 1404 13
 2435 107 1
 2436 2120 20
 2437 2100 20
 2438 104 1
 2439 515 5
 2440 1632 16
 2441 1111 11
 2442 700 7
 2443 990 10
 2444 1078 11
 2445 1261 13
 2446 768 8
 2447 1045 11
 2448 1316 14
 2449 744 8
 2450 460 5
 2451 1729 19
 2452 180 2
 2453 1513 17
 2454 1760 20
 2455 261 3
 2456 172 2
 2457 1020 12
 2458 504 6
 2459 1411 17
 2460 984 12
 2461 810 10
 2462 640 8
 2463 948 12
 2464 1326 17
 2465 1155 15
 2466 1216 16
 2467 1500 20
 2468 74 1
 2469 1022 14
 2470 720 10
 2471 355 5
 2472 70 1
 2473 345 5
 2474 952 14
 2475 268 4
 2476 462 7
 2477 650 10
 2478 704 11
 2479 1260 20
 2480 124 2
 2481 793 13
 2482 600 10
 2483 826 14
 2484 464 8
 2485 399 7
 2486 56 1
 2487 660 12
 2488 1080 20
 2489 742 14
 2490 832 16
 2491 306 6
 2492 250 5
 2493 588 12
 2494 768 16
 2495 141 3
 2496 368 8
 2497 855 19
 2498 132 3
 2499 731 17
 2500 126 3
 2501 615 15
 2502 120 3
 2503 468 12
 2504 76 2
 2505 444 12
 2506 396 11
 2507 245 7
 2508 646 19
 2509 297 9
 2510 640 20
 2511 341 11
 2512 150 5
 2513 174 6
 2514 196 7
 2515 486 18
 2516 364 14
 2517 400 16
 2518 408 17
 2519 414 18
 2520 396 18
 2521 399 19
 2522 100 5
 2523 38 2
 2524 126 7
 2525 323 19
 2526 208 13
 2527 165 11
 2528 140 10
 2529 208 16
 2530 36 3
 2531 11 1
 2532 70 7
 2533 108 12
 2534 144 18
 2535 98 14
 2536 30 5
 2537 15 3
 2538 76 19
 2539 24 8
 2540 28 14
 2541 10 10
10164