312
 1 1560 5
 2 311 1
 3 620 2
 4 5871 19
 5 1540 5
 6 921 3
 7 306 1
 8 1525 5
 9 4256 14
 10 4545 15
 11 4832 16
 12 5117 17
 13 5400 18
 14 1794 6
 15 1192 4
 16 1485 5
 17 5328 18
 18 1770 6
 19 588 2
 20 2930 10
 21 4380 15
 22 1455 5
 23 2320 8
 24 5780 20
 25 1440 5
 26 3444 12
 27 1430 5
 28 3420 12
 29 4828 17
 30 1132 4
 31 2820 10
 32 1686 6
 33 2520 9
 34 5022 18
 35 1946 7
 36 4155 15
 37 3036 11
 38 3300 12
 39 1644 6
 40 3276 12
 41 1632 6
 42 4607 17
 43 1080 4
 44 1614 6
 45 4556 17
 46 1068 4
 47 266 1
 48 4770 18
 49 264 1
 50 2367 9
 51 5240 20
 52 522 2
 53 520 2
 54 3885 15
 55 2580 10
 56 1799 7
 57 5120 20
 58 510 2
 59 4064 16
 60 2783 11
 61 2268 9
 62 2008 8
 63 2750 11
 64 498 2
 65 4960 20
 66 1729 7
 67 738 3
 68 1225 5
 69 4392 18
 70 2187 9
 71 2904 12
 72 1205 5
 73 3840 16
 74 4063 17
 75 238 1
 76 4740 20
 77 3540 15
 78 1410 6
 79 4680 20
 80 2796 12
 81 696 3
 82 4620 20
 83 4600 20
 84 229 1
 85 2508 11
 86 908 4
 87 2938 13
 88 1350 6
 89 2688 12
 90 3345 15
 91 3774 17
 92 3757 17
 93 1540 7
 94 3066 14
 95 4360 20
 96 434 2
 97 4104 19
 98 2795 13
 99 1712 8
 100 3621 17
 101 2756 13
 102 1899 9
 103 1260 6
 104 209 1
 105 624 3
 106 414 2
 107 618 3
 108 1845 9
 109 2448 12
 110 1827 9
 111 1616 8
 112 201 1
 113 2400 12
 114 1791 9
 115 1980 10
 116 2167 11
 117 2940 15
 118 1170 6
 119 194 1
 120 1737 9
 121 2688 14
 122 764 4
 123 3800 20
 124 3591 19
 125 2632 14
 126 2618 14
 127 2976 16
 128 1665 9
 129 1288 7
 130 3294 18
 131 364 2
 132 1086 6
 133 540 3
 134 2148 12
 135 2848 16
 136 3009 17
 137 1760 10
 138 2450 14
 139 3132 18
 140 2595 15
 141 3268 19
 142 3420 20
 143 2380 14
 144 1690 10
 145 336 2
 146 2338 14
 147 1494 9
 148 990 6
 149 1804 11
 150 1956 12
 151 324 2
 152 2093 13
 153 1120 7
 154 1590 10
 155 316 2
 156 1727 11
 157 1716 11
 158 1240 8
 159 2926 19
 160 2601 17
 161 1976 13
 162 755 5
 163 1500 10
 164 2384 16
 165 1628 11
 166 1323 9
 167 1314 9
 168 1305 9
 169 144 1
 170 715 5
 171 994 7
 172 705 5
 173 2800 20
 174 973 7
 175 1794 13
 176 822 6
 177 408 3
 178 2160 16
 179 804 6
 180 1596 12
 181 1584 12
 182 1703 13
 183 520 4
 184 2580 20
 185 2560 20
 186 1270 10
 187 2016 16
 188 1000 8
 189 124 1
 190 1230 10
 191 1830 15
 192 2178 18
 193 1440 12
 194 2023 17
 195 1062 9
 196 1638 14
 197 1044 9
 198 345 3
 199 1938 17
 200 791 7
 201 1232 11
 202 444 4
 203 1870 17
 204 1199 11
 205 648 6
 206 535 5
 207 954 9
 208 420 4
 209 1040 10
 210 206 2
 211 1428 14
 212 101 1
 213 500 5
 214 594 6
 215 392 4
 216 1940 20
 217 288 3
 218 285 3
 219 376 4
 220 1023 11
 221 1196 13
 222 819 9
 223 1170 13
 224 1246 14
 225 968 11
 226 1392 16
 227 946 11
 228 595 7
 229 1428 17
 230 415 5
 231 984 12
 232 567 7
 233 320 4
 234 1580 20
 235 1482 19
 236 1001 13
 237 532 7
 238 525 7
 239 1110 15
 240 438 6
 241 144 2
 242 497 7
 243 1330 19
 244 966 14
 245 680 10
 246 402 6
 247 990 15
 248 260 4
 249 1088 17
 250 126 2
 251 1240 20
 252 305 5
 253 660 11
 254 1003 17
 255 812 14
 256 57 1
 257 392 7
 258 880 16
 259 1026 19
 260 318 6
 261 520 10
 262 867 17
 263 100 2
 264 686 14
 265 96 2
 266 799 17
 267 230 5
 268 630 14
 269 792 18
 270 430 10
 271 210 5
 272 205 5
 273 200 5
 274 234 6
 275 570 15
 276 185 5
 277 180 5
 278 595 17
 279 646 19
 280 297 9
 281 448 14
 282 248 8
 283 330 11
 284 348 12
 285 336 12
 286 405 15
 287 52 2
 288 400 16
 289 96 4
 290 46 2
 291 132 6
 292 210 10
 293 120 6
 294 323 17
 295 18 1
 296 170 10
 297 192 12
 298 165 11
 299 252 18
 300 195 15
 301 240 20
 302 220 20
 303 80 8
 304 108 12
 305 24 3
 306 35 5
 307 108 18
 308 10 2
 309 52 13
 310 30 10
 311 30 15
 312 20 20
5616