358
 1 3580 10
 2 4296 12
 3 3938 11
 4 7160 20
 5 5370 15
 6 4296 12
 7 4654 13
 8 1074 3
 9 6086 17
 10 1432 4
 11 3580 10
 12 3938 11
 13 716 2
 14 7160 20
 15 4654 13
 16 6444 18
 17 3580 10
 18 3938 11
 19 6086 17
 20 3222 9
 21 2148 6
 22 4654 13
 23 716 2
 24 358 1
 25 358 1
 26 2506 7
 27 6086 17
 28 7160 20
 29 6444 18
 30 1790 5
 31 6444 18
 32 1074 3
 33 6444 18
 34 6086 17
 35 716 2
 36 4296 12
 37 1432 4
 38 2864 8
 39 2148 6
 40 4296 12
 41 4296 12
 42 1074 3
 43 3580 10
 44 4296 12
 45 5370 15
 46 2864 8
 47 1432 4
 48 4654 13
 49 5370 15
 50 3580 10
 51 5370 15
 52 1074 3
 53 3580 10
 54 1432 4
 55 2506 7
 56 5012 14
 57 7160 20
 58 5728 16
 59 4654 13
 60 2148 6
 61 3938 11
 62 2148 6
 63 3222 9
 64 7160 20
 65 1432 4
 66 5012 14
 67 1790 5
 68 4296 12
 69 3580 10
 70 2864 8
 71 3222 9
 72 6444 18
 73 3938 11
 74 2506 7
 75 1074 3
 76 2864 8
 77 5370 15
 78 7160 20
 79 2506 7
 80 4654 13
 81 1074 3
 82 2864 8
 83 716 2
 84 1432 4
 85 1790 5
 86 2148 6
 87 1074 3
 88 3580 10
 89 5012 14
 90 358 1
 91 1432 4
 92 6444 18
 93 2148 6
 94 4296 12
 95 3580 10
 96 3938 11
 97 6802 19
 98 6086 17
 99 1790 5
 100 1790 5
 101 358 1
 102 2506 7
 103 2506 7
 104 4296 12
 105 358 1
 106 1074 3
 107 6444 18
 108 5012 14
 109 3222 9
 110 1432 4
 111 2148 6
 112 4296 12
 113 1074 3
 114 6444 18
 115 3938 11
 116 5370 15
 117 1074 3
 118 1432 4
 119 6086 17
 120 4654 13
 121 7160 20
 122 6802 19
 123 5728 16
 124 7160 20
 125 1432 4
 126 2506 7
 127 2148 6
 128 2864 8
 129 2864 8
 130 1790 5
 131 2864 8
 132 3938 11
 133 3938 11
 134 1432 4
 135 6444 18
 136 2506 7
 137 3580 10
 138 358 1
 139 1432 4
 140 2864 8
 141 2864 8
 142 5370 15
 143 4654 13
 144 716 2
 145 7160 20
 146 2864 8
 147 7160 20
 148 1432 4
 149 3580 10
 150 4654 13
 151 6444 18
 152 3580 10
 153 2864 8
 154 358 1
 155 6444 18
 156 7160 20
 157 7160 20
 158 2864 8
 159 6444 18
 160 358 1
 161 358 1
 162 2148 6
 163 5728 16
 164 1790 5
 165 1432 4
 166 2506 7
 167 5728 16
 168 5370 15
 169 3938 11
 170 5370 15
 171 7160 20
 172 1432 4
 173 5728 16
 174 3580 10
 175 3222 9
 176 3938 11
 177 3222 9
 178 2148 6
 179 1074 3
 180 1790 5
 181 1074 3
 182 1790 5
 183 1432 4
 184 3222 9
 185 358 1
 186 1432 4
 187 6444 18
 188 1432 4
 189 716 2
 190 5728 16
 191 3580 10
 192 5370 15
 193 3938 11
 194 4654 13
 195 4654 13
 196 5728 16
 197 3938 11
 198 2506 7
 199 5728 16
 200 7160 20
 201 4296 12
 202 6086 17
 203 2864 8
 204 6444 18
 205 7160 20
 206 4296 12
 207 1432 4
 208 6802 19
 209 1790 5
 210 6802 19
 211 2864 8
 212 7160 20
 213 2506 7
 214 1432 4
 215 6802 19
 216 1432 4
 217 5012 14
 218 2506 7
 219 5012 14
 220 2148 6
 221 3222 9
 222 7160 20
 223 1790 5
 224 1790 5
 225 2864 8
 226 7160 20
 227 716 2
 228 4296 12
 229 4296 12
 230 5012 14
 231 358 1
 232 2148 6
 233 5728 16
 234 6802 19
 235 2864 8
 236 7160 20
 237 3580 10
 238 2864 8
 239 6802 19
 240 358 1
 241 716 2
 242 6802 19
 243 2506 7
 244 3938 11
 245 4654 13
 246 358 1
 247 3938 11
 248 7160 20
 249 7160 20
 250 716 2
 251 2148 6
 252 1790 5
 253 3222 9
 254 3222 9
 255 5012 14
 256 5370 15
 257 4296 12
 258 358 1
 259 6444 18
 260 716 2
 261 6802 19
 262 5728 16
 263 2506 7
 264 2864 8
 265 6444 18
 266 1790 5
 267 2506 7
 268 716 2
 269 716 2
 270 3938 11
 271 7160 20
 272 1432 4
 273 1074 3
 274 1790 5
 275 2506 7
 276 6444 18
 277 5728 16
 278 6802 19
 279 1432 4
 280 358 1
 281 7160 20
 282 5370 15
 283 1074 3
 284 1432 4
 285 4296 12
 286 6086 17
 287 1790 5
 288 716 2
 289 2506 7
 290 6086 17
 291 2506 7
 292 716 2
 293 6444 18
 294 3938 11
 295 5728 16
 296 1790 5
 297 4296 12
 298 1432 4
 299 1432 4
 300 5370 15
 301 3222 9
 302 2148 6
 303 5370 15
 304 358 1
 305 2148 6
 306 716 2
 307 6444 18
 308 5728 16
 309 2864 8
 310 716 2
 311 7160 20
 312 5370 15
 313 4654 13
 314 6444 18
 315 4654 13
 316 2148 6
 317 1074 3
 318 6444 18
 319 5012 14
 320 1790 5
 321 6802 19
 322 5012 14
 323 2148 6
 324 6444 18
 325 716 2
 326 5370 15
 327 1790 5
 328 1790 5
 329 3938 11
 330 6444 18
 331 5728 16
 332 7160 20
 333 1432 4
 334 1074 3
 335 5370 15
 336 5012 14
 337 6086 17
 338 2148 6
 339 5728 16
 340 2148 6
 341 6444 18
 342 1432 4
 343 2148 6
 344 358 1
 345 6444 18
 346 1432 4
 347 4654 13
 348 5370 15
 349 5370 15
 350 5370 15
 351 1790 5
 352 3580 10
 353 5728 16
 354 2864 8
 355 358 1
 356 3938 11
 357 5728 16
 358 1432 4
6802