358
 1 716 2
 2 4998 14
 3 3916 11
 4 2485 7
 5 3186 9
 6 3530 10
 7 1408 4
 8 1053 3
 9 5950 17
 10 2792 8
 11 696 2
 12 2082 6
 13 3806 11
 14 5175 15
 15 6536 19
 16 4459 13
 17 5472 16
 18 2728 8
 19 5780 17
 20 2373 7
 21 4394 13
 22 4718 14
 23 672 2
 24 2680 8
 25 5010 15
 26 3996 12
 27 1660 5
 28 993 3
 29 4950 15
 30 2632 8
 31 5904 18
 32 327 1
 33 4564 14
 34 3575 11
 35 324 1
 36 4199 13
 37 5796 18
 38 1926 6
 39 6080 19
 40 4466 14
 41 1908 6
 42 3804 12
 43 2844 9
 44 4095 13
 45 314 1
 46 3756 12
 47 5616 18
 48 311 1
 49 1240 4
 50 4017 13
 51 1540 5
 52 5219 17
 53 2448 8
 54 3660 12
 55 3952 13
 56 4242 14
 57 3322 11
 58 5117 17
 59 5100 17
 60 4186 14
 61 596 2
 62 3564 12
 63 5624 19
 64 3540 12
 65 1176 4
 66 2344 8
 67 3212 11
 68 5238 18
 69 5800 20
 70 2601 9
 71 4032 14
 72 4018 14
 73 1716 6
 74 855 3
 75 3692 13
 76 2547 9
 77 2256 8
 78 3653 13
 79 5040 18
 80 2511 9
 81 3336 12
 82 1662 6
 83 3864 14
 84 1100 4
 85 3836 14
 86 1365 5
 87 4080 15
 88 3794 14
 89 2430 9
 90 538 2
 91 804 3
 92 1869 7
 93 2394 9
 94 1855 7
 95 3432 13
 96 4997 19
 97 1572 6
 98 522 2
 99 3640 14
 100 518 2
 101 4644 18
 102 1799 7
 103 3328 13
 104 4845 19
 105 4064 16
 106 506 2
 107 2520 10
 108 3012 12
 109 2750 11
 110 996 4
 111 3968 16
 112 3211 13
 113 3198 13
 114 2450 10
 115 3416 14
 116 3159 13
 117 2662 11
 118 1928 8
 119 480 2
 120 4780 20
 121 476 2
 122 3555 15
 123 3540 15
 124 705 3
 125 2808 12
 126 4427 19
 127 2088 9
 128 3696 16
 129 460 2
 130 4351 19
 131 2508 11
 132 4313 19
 133 452 2
 134 2250 10
 135 1792 8
 136 223 1
 137 4218 19
 138 1989 9
 139 4400 20
 140 4380 20
 141 1744 8
 142 3255 15
 143 4104 19
 144 430 2
 145 856 4
 146 2982 14
 147 2968 14
 148 844 4
 149 3570 17
 150 1672 8
 151 2288 11
 152 2484 12
 153 2266 11
 154 2870 14
 155 408 2
 156 1015 5
 157 202 1
 158 1608 8
 159 3800 19
 160 1194 6
 161 1386 7
 162 1576 8
 163 588 3
 164 2145 11
 165 2134 11
 166 1158 6
 167 1536 8
 168 573 3
 169 2090 11
 170 945 5
 171 2632 14
 172 2992 16
 173 372 2
 174 2775 15
 175 3128 17
 176 1830 10
 177 1638 9
 178 724 4
 179 900 5
 180 1790 10
 181 3560 20
 182 354 2
 183 3520 20
 184 3150 18
 185 1392 8
 186 692 4
 187 1376 8
 188 684 4
 189 2210 13
 190 2366 14
 191 2184 13
 192 1670 10
 193 664 4
 194 2970 18
 195 2952 18
 196 2445 15
 197 648 4
 198 1932 12
 199 1760 11
 200 477 3
 201 2054 13
 202 2826 18
 203 2652 17
 204 620 4
 205 462 3
 206 2754 18
 207 456 3
 208 1510 10
 209 2250 15
 210 745 5
 211 2220 15
 212 1323 9
 213 2774 19
 214 145 1
 215 288 2
 216 1001 7
 217 1136 8
 218 564 4
 219 980 7
 220 1668 12
 221 138 1
 222 1644 12
 223 136 1
 224 405 3
 225 1072 8
 226 665 5
 227 2508 19
 228 655 5
 229 390 3
 230 2064 16
 231 1664 13
 232 2032 16
 233 1008 8
 234 2125 17
 235 1984 16
 236 246 2
 237 488 4
 238 2299 19
 239 2280 19
 240 238 2
 241 1416 12
 242 2223 19
 243 2088 18
 244 230 2
 245 570 5
 246 1582 14
 247 1792 16
 248 444 4
 249 1100 10
 250 1526 14
 251 324 3
 252 428 4
 253 424 4
 254 1470 14
 255 104 1
 256 824 8
 257 2040 20
 258 101 1
 259 1600 16
 260 297 3
 261 98 1
 262 970 10
 263 1824 19
 264 1330 14
 265 188 2
 266 1767 19
 267 552 6
 268 910 10
 269 540 6
 270 445 5
 271 528 6
 272 1305 15
 273 258 3
 274 595 7
 275 336 4
 276 996 12
 277 738 9
 278 1215 15
 279 480 6
 280 553 7
 281 1248 16
 282 231 3
 283 988 13
 284 1425 19
 285 148 2
 286 1314 18
 287 864 12
 288 568 8
 289 350 5
 290 966 14
 291 204 3
 292 67 1
 293 726 11
 294 1235 19
 295 832 13
 296 630 10
 297 310 5
 298 1098 18
 299 1020 17
 300 826 14
 301 348 6
 302 855 15
 303 616 11
 304 715 13
 305 1026 19
 306 689 13
 307 572 11
 308 561 11
 309 800 16
 310 931 19
 311 192 4
 312 658 14
 313 276 6
 314 405 9
 315 88 2
 316 516 12
 317 462 11
 318 287 7
 319 160 4
 320 429 11
 321 418 11
 322 555 15
 323 720 20
 324 70 2
 325 238 7
 326 495 15
 327 352 11
 328 248 8
 329 150 5
 330 87 3
 331 224 8
 332 324 12
 333 130 5
 334 350 14
 335 144 6
 336 92 4
 337 330 15
 338 84 4
 339 240 12
 340 209 11
 341 342 19
 342 85 5
 343 224 14
 344 285 19
 345 42 3
 346 260 20
 347 180 15
 348 198 18
 349 30 3
 350 171 19
 351 112 14
 352 98 14
 353 102 17
 354 20 4
 355 28 7
 356 30 10
 357 14 7
 358 15 15
716