3867
 1 7734 2
 2 58005 15
 3 61872 16
 4 30936 8
 5 23202 6
 6 3867 1
 7 27069 7
 8 23202 6
 9 77340 20
 10 58005 15
 11 69606 18
 12 54138 14
 13 42537 11
 14 54138 14
 15 77340 20
 16 19335 5
 17 42537 11
 18 27069 7
 19 46404 12
 20 77340 20
 21 58005 15
 22 11601 3
 23 54138 14
 24 73473 19
 25 19335 5
 26 19335 5
 27 11601 3
 28 50271 13
 29 54138 14
 30 73473 19
 31 61872 16
 32 11601 3
 33 34803 9
 34 54138 14
 35 19335 5
 36 46404 12
 37 27069 7
 38 46404 12
 39 23202 6
 40 11601 3
 41 27069 7
 42 19335 5
 43 73473 19
 44 42537 11
 45 27069 7
 46 38670 10
 47 19335 5
 48 46404 12
 49 50271 13
 50 58005 15
 51 19335 5
 52 50271 13
 53 3867 1
 54 61872 16
 55 65739 17
 56 27069 7
 57 23202 6
 58 42537 11
 59 11601 3
 60 50271 13
 61 19335 5
 62 7734 2
 63 69606 18
 64 23202 6
 65 58005 15
 66 38670 10
 67 23202 6
 68 42537 11
 69 30936 8
 70 58005 15
 71 58005 15
 72 42537 11
 73 77340 20
 74 30936 8
 75 27069 7
 76 61872 16
 77 54138 14
 78 15468 4
 79 15468 4
 80 77340 20
 81 11601 3
 82 73473 19
 83 23202 6
 84 73473 19
 85 77340 20
 86 30936 8
 87 58005 15
 88 46404 12
 89 19335 5
 90 42537 11
 91 50271 13
 92 50271 13
 93 3867 1
 94 19335 5
 95 11601 3
 96 19335 5
 97 30936 8
 98 7734 2
 99 27069 7
 100 27069 7
 101 54138 14
 102 3867 1
 103 61872 16
 104 27069 7
 105 73473 19
 106 50271 13
 107 54138 14
 108 19335 5
 109 65739 17
 110 34803 9
 111 73473 19
 112 58005 15
 113 58005 15
 114 54138 14
 115 46404 12
 116 11601 3
 117 11601 3
 118 58005 15
 119 42537 11
 120 58005 15
 121 54138 14
 122 77340 20
 123 42537 11
 124 65739 17
 125 61872 16
 126 54138 14
 127 15468 4
 128 38670 10
 129 58005 15
 130 11601 3
 131 19335 5
 132 73473 19
 133 50271 13
 134 7734 2
 135 23202 6
 136 42537 11
 137 42537 11
 138 30936 8
 139 30936 8
 140 65739 17
 141 3867 1
 142 42537 11
 143 61872 16
 144 27069 7
 145 50271 13
 146 61872 16
 147 54138 14
 148 77340 20
 149 65739 17
 150 30936 8
 151 3867 1
 152 73473 19
 153 46404 12
 154 61872 16
 155 7734 2
 156 58005 15
 157 42537 11
 158 54138 14
 159 61872 16
 160 46404 12
 161 77340 20
 162 7734 2
 163 34803 9
 164 30936 8
 165 23202 6
 166 61872 16
 167 38670 10
 168 38670 10
 169 77340 20
 170 50271 13
 171 11601 3
 172 11601 3
 173 30936 8
 174 38670 10
 175 19335 5
 176 15468 4
 177 73473 19
 178 61872 16
 179 54138 14
 180 30936 8
 181 54138 14
 182 54138 14
 183 77340 20
 184 65739 17
 185 30936 8
 186 69606 18
 187 50271 13
 188 50271 13
 189 30936 8
 190 7734 2
 191 30936 8
 192 27069 7
 193 42537 11
 194 34803 9
 195 7734 2
 196 34803 9
 197 77340 20
 198 7734 2
 199 46404 12
 200 38670 10
 201 58005 15
 202 34803 9
 203 34803 9
 204 54138 14
 205 19335 5
 206 38670 10
 207 23202 6
 208 77340 20
 209 15468 4
 210 3867 1
 211 46404 12
 212 42537 11
 213 23202 6
 214 69606 18
 215 46404 12
 216 38670 10
 217 7734 2
 218 7734 2
 219 15468 4
 220 46404 12
 221 3867 1
 222 27069 7
 223 50271 13
 224 23202 6
 225 3867 1
 226 7734 2
 227 58005 15
 228 34803 9
 229 50271 13
 230 69606 18
 231 38670 10
 232 11601 3
 233 50271 13
 234 65739 17
 235 50271 13
 236 54138 14
 237 61872 16
 238 46404 12
 239 34803 9
 240 30936 8
 241 19335 5
 242 58005 15
 243 69606 18
 244 11601 3
 245 69606 18
 246 65739 17
 247 7734 2
 248 58005 15
 249 34803 9
 250 65739 17
 251 61872 16
 252 3867 1
 253 19335 5
 254 50271 13
 255 27069 7
 256 58005 15
 257 11601 3
 258 61872 16
 259 3867 1
 260 27069 7
 261 30936 8
 262 50271 13
 263 54138 14
 264 69606 18
 265 27069 7
 266 77340 20
 267 19335 5
 268 73473 19
 269 19335 5
 270 77340 20
 271 61872 16
 272 11601 3
 273 77340 20
 274 73473 19
 275 73473 19
 276 73473 19
 277 7734 2
 278 38670 10
 279 54138 14
 280 34803 9
 281 73473 19
 282 19335 5
 283 11601 3
 284 54138 14
 285 23202 6
 286 50271 13
 287 7734 2
 288 3867 1
 289 34803 9
 290 30936 8
 291 46404 12
 292 19335 5
 293 7734 2
 294 58005 15
 295 61872 16
 296 50271 13
 297 77340 20
 298 65739 17
 299 15468 4
 300 19335 5
 301 27069 7
 302 61872 16
 303 27069 7
 304 65739 17
 305 7734 2
 306 50271 13
 307 11601 3
 308 58005 15
 309 27069 7
 310 15468 4
 311 61872 16
 312 50271 13
 313 50271 13
 314 54138 14
 315 19335 5
 316 54138 14
 317 73473 19
 318 61872 16
 319 3867 1
 320 77340 20
 321 30936 8
 322 69606 18
 323 65739 17
 324 61872 16
 325 61872 16
 326 65739 17
 327 65739 17
 328 42537 11
 329 3867 1
 330 69606 18
 331 11601 3
 332 15468 4
 333 46404 12
 334 3867 1
 335 77340 20
 336 42537 11
 337 23202 6
 338 27069 7
 339 73473 19
 340 30936 8
 341 27069 7
 342 11601 3
 343 15468 4
 344 61872 16
 345 38670 10
 346 54138 14
 347 3867 1
 348 34803 9
 349 23202 6
 350 65739 17
 351 3867 1
 352 15468 4
 353 69606 18
 354 58005 15
 355 3867 1
 356 3867 1
 357 38670 10
 358 38670 10
 359 23202 6
 360 69606 18
 361 30936 8
 362 46404 12
 363 11601 3
 364 42537 11
 365 42537 11
 366 3867 1
 367 27069 7
 368 11601 3
 369 73473 19
 370 73473 19
 371 54138 14
 372 46404 12
 373 23202 6
 374 54138 14
 375 19335 5
 376 38670 10
 377 77340 20
 378 27069 7
 379 7734 2
 380 77340 20
 381 23202 6
 382 42537 11
 383 77340 20
 384 46404 12
 385 54138 14
 386 11601 3
 387 61872 16
 388 3867 1
 389 61872 16
 390 15468 4
 391 34803 9
 392 65739 17
 393 77340 20
 394 73473 19
 395 38670 10
 396 38670 10
 397 3867 1
 398 61872 16
 399 34803 9
 400 11601 3
 401 42537 11
 402 27069 7
 403 77340 20
 404 34803 9
 405 30936 8
 406 15468 4
 407 23202 6
 408 27069 7
 409 54138 14
 410 61872 16
 411 58005 15
 412 30936 8
 413 65739 17
 414 30936 8
 415 42537 11
 416 58005 15
 417 23202 6
 418 34803 9
 419 15468 4
 420 54138 14
 421 58005 15
 422 73473 19
 423 38670 10
 424 3867 1
 425 46404 12
 426 11601 3
 427 30936 8
 428 61872 16
 429 77340 20
 430 61872 16
 431 73473 19
 432 19335 5
 433 42537 11
 434 3867 1
 435 3867 1
 436 7734 2
 437 54138 14
 438 23202 6
 439 46404 12
 440 23202 6
 441 34803 9
 442 30936 8
 443 7734 2
 444 38670 10
 445 23202 6
 446 15468 4
 447 65739 17
 448 3867 1
 449 7734 2
 450 23202 6
 451 42537 11
 452 61872 16
 453 7734 2
 454 77340 20
 455 54138 14
 456 7734 2
 457 3867 1
 458 77340 20
 459 65739 17
 460 23202 6
 461 61872 16
 462 58005 15
 463 69606 18
 464 54138 14
 465 42537 11
 466 38670 10
 467 58005 15
 468 27069 7
 469 50271 13
 470 11601 3
 471 3867 1
 472 7734 2
 473 27069 7
 474 46404 12
 475 23202 6
 476 3867 1
 477 58005 15
 478 77340 20
 479 77340 20
 480 30936 8
 481 11601 3
 482 46404 12
 483 19335 5
 484 7734 2
 485 27069 7
 486 38670 10
 487 27069 7
 488 19335 5
 489 54138 14
 490 11601 3
 491 42537 11
 492 50271 13
 493 58005 15
 494 3867 1
 495 34803 9
 496 34803 9
 497 15468 4
 498 7734 2
 499 54138 14
 500 38670 10
 501 7734 2
 502 42537 11
 503 7734 2
 504 42537 11
 505 38670 10
 506 15468 4
 507 23202 6
 508 69606 18
 509 61872 16
 510 23202 6
 511 69606 18
 512 50271 13
 513 19335 5
 514 77340 20
 515 30936 8
 516 73473 19
 517 58005 15
 518 19335 5
 519 54138 14
 520 3867 1
 521 23202 6
 522 38670 10
 523 73473 19
 524 23202 6
 525 34803 9
 526 58005 15
 527 77340 20
 528 58005 15
 529 30936 8
 530 46404 12
 531 54138 14
 532 38670 10
 533 54138 14
 534 23202 6
 535 7734 2
 536 77340 20
 537 46404 12
 538 38670 10
 539 27069 7
 540 61872 16
 541 42537 11
 542 34803 9
 543 46404 12
 544 15468 4
 545 7734 2
 546 38670 10
 547 38670 10
 548 15468 4
 549 7734 2
 550 69606 18
 551 69606 18
 552 50271 13
 553 3867 1
 554 19335 5
 555 11601 3
 556 34803 9
 557 61872 16
 558 23202 6
 559 23202 6
 560 7734 2
 561 54138 14
 562 73473 19
 563 69606 18
 564 23202 6
 565 3867 1
 566 42537 11
 567 3867 1
 568 30936 8
 569 15468 4
 570 38670 10
 571 58005 15
 572 7734 2
 573 58005 15
 574 11601 3
 575 42537 11
 576 65739 17
 577 19335 5
 578 7734 2
 579 30936 8
 580 7734 2
 581 42537 11
 582 46404 12
 583 61872 16
 584 73473 19
 585 73473 19
 586 65739 17
 587 3867 1
 588 11601 3
 589 42537 11
 590 46404 12
 591 54138 14
 592 3867 1
 593 54138 14
 594 50271 13
 595 65739 17
 596 11601 3
 597 42537 11
 598 50271 13
 599 11601 3
 600 27069 7
 601 69606 18
 602 61872 16
 603 50271 13
 604 61872 16
 605 23202 6
 606 58005 15
 607 34803 9
 608 23202 6
 609 15468 4
 610 15468 4
 611 42537 11
 612 54138 14
 613 11601 3
 614 34803 9
 615 69606 18
 616 69606 18
 617 19335 5
 618 11601 3
 619 50271 13
 620 73473 19
 621 19335 5
 622 15468 4
 623 30936 8
 624 65739 17
 625 38670 10
 626 7734 2
 627 7734 2
 628 38670 10
 629 19335 5
 630 73473 19
 631 34803 9
 632 73473 19
 633 69606 18
 634 54138 14
 635 3867 1
 636 3867 1
 637 69606 18
 638 27069 7
 639 19335 5
 640 65739 17
 641 30936 8
 642 50271 13
 643 54138 14
 644 7734 2
 645 65739 17
 646 7734 2
 647 77340 20
 648 34803 9
 649 54138 14
 650 15468 4
 651 11601 3
 652 77340 20
 653 58005 15
 654 34803 9
 655 65739 17
 656 3867 1
 657 38670 10
 658 69606 18
 659 73473 19
 660 15468 4
 661 30936 8
 662 77340 20
 663 65739 17
 664 38670 10
 665 30936 8
 666 11601 3
 667 27069 7
 668 19335 5
 669 73473 19
 670 54138 14
 671 19335 5
 672 15468 4
 673 23202 6
 674 58005 15
 675 11601 3
 676 23202 6
 677 38670 10
 678 23202 6
 679 38670 10
 680 11601 3
 681 65739 17
 682 7734 2
 683 50271 13
 684 7734 2
 685 42537 11
 686 69606 18
 687 38670 10
 688 77340 20
 689 38670 10
 690 42537 11
 691 3867 1
 692 54138 14
 693 27069 7
 694 30936 8
 695 65739 17
 696 77340 20
 697 15468 4
 698 58005 15
 699 65739 17
 700 42537 11
 701 3867 1
 702 65739 17
 703 69606 18
 704 19335 5
 705 69606 18
 706 30936 8
 707 65739 17
 708 38670 10
 709 23202 6
 710 34803 9
 711 11601 3
 712 15468 4
 713 42537 11
 714 58005 15
 715 30936 8
 716 19335 5
 717 38670 10
 718 38670 10
 719 42537 11
 720 38670 10
 721 34803 9
 722 3867 1
 723 3867 1
 724 50271 13
 725 34803 9
 726 54138 14
 727 27069 7
 728 38670 10
 729 38670 10
 730 69606 18
 731 42537 11
 732 11601 3
 733 54138 14
 734 34803 9
 735 15468 4
 736 23202 6
 737 65739 17
 738 61872 16
 739 7734 2
 740 42537 11
 741 19335 5
 742 61872 16
 743 69606 18
 744 65739 17
 745 65739 17
 746 38670 10
 747 38670 10
 748 19335 5
 749 38670 10
 750 11601 3
 751 42537 11
 752 15468 4
 753 46404 12
 754 46404 12
 755 73473 19
 756 38670 10
 757 38670 10
 758 30936 8
 759 34803 9
 760 15468 4
 761 30936 8
 762 77340 20
 763 23202 6
 764 19335 5
 765 73473 19
 766 69606 18
 767 58005 15
 768 7734 2
 769 73473 19
 770 61872 16
 771 65739 17
 772 77340 20
 773 50271 13
 774 73473 19
 775 54138 14
 776 77340 20
 777 3867 1
 778 61872 16
 779 65739 17
 780 11601 3
 781 3867 1
 782 50271 13
 783 7734 2
 784 23202 6
 785 19335 5
 786 27069 7
 787 30936 8
 788 30936 8
 789 61872 16
 790 54138 14
 791 50271 13
 792 38670 10
 793 69606 18
 794 77340 20
 795 19335 5
 796 61872 16
 797 61872 16
 798 50271 13
 799 61872 16
 800 30936 8
 801 42537 11
 802 30936 8
 803 42537 11
 804 61872 16
 805 50271 13
 806 54138 14
 807 50271 13
 808 30936 8
 809 73473 19
 810 50271 13
 811 77340 20
 812 27069 7
 813 34803 9
 814 23202 6
 815 65739 17
 816 11601 3
 817 50271 13
 818 73473 19
 819 46404 12
 820 30936 8
 821 27069 7
 822 61872 16
 823 38670 10
 824 77340 20
 825 42537 11
 826 30936 8
 827 11601 3
 828 46404 12
 829 54138 14
 830 46404 12
 831 65739 17
 832 7734 2
 833 23202 6
 834 46404 12
 835 7734 2
 836 27069 7
 837 46404 12
 838 3867 1
 839 61872 16
 840 61872 16
 841 11601 3
 842 30936 8
 843 34803 9
 844 19335 5
 845 38670 10
 846 69606 18
 847 30936 8
 848 69606 18
 849 38670 10
 850 7734 2
 851 27069 7
 852 19335 5
 853 61872 16
 854 7734 2
 855 58005 15
 856 77340 20
 857 11601 3
 858 15468 4
 859 69606 18
 860 54138 14
 861 15468 4
 862 30936 8
 863 38670 10
 864 46404 12
 865 54138 14
 866 73473 19
 867 3867 1
 868 65739 17
 869 15468 4
 870 23202 6
 871 3867 1
 872 23202 6
 873 11601 3
 874 73473 19
 875 46404 12
 876 65739 17
 877 7734 2
 878 65739 17
 879 15468 4
 880 46404 12
 881 19335 5
 882 58005 15
 883 73473 19
 884 46404 12
 885 30936 8
 886 7734 2
 887 19335 5
 888 15468 4
 889 15468 4
 890 11601 3
 891 69606 18
 892 73473 19
 893 27069 7
 894 3867 1
 895 34803 9
 896 58005 15
 897 7734 2
 898 7734 2
 899 27069 7
 900 27069 7
 901 23202 6
 902 46404 12
 903 50271 13
 904 3867 1
 905 50271 13
 906 54138 14
 907 69606 18
 908 61872 16
 909 58005 15
 910 27069 7
 911 65739 17
 912 61872 16
 913 19335 5
 914 50271 13
 915 65739 17
 916 23202 6
 917 65739 17
 918 73473 19
 919 58005 15
 920 77340 20
 921 58005 15
 922 7734 2
 923 46404 12
 924 7734 2
 925 19335 5
 926 7734 2
 927 46404 12
 928 77340 20
 929 50271 13
 930 34803 9
 931 23202 6
 932 69606 18
 933 19335 5
 934 7734 2
 935 65739 17
 936 38670 10
 937 11601 3
 938 30936 8
 939 77340 20
 940 54138 14
 941 11601 3
 942 23202 6
 943 34803 9
 944 61872 16
 945 69606 18
 946 77340 20
 947 15468 4
 948 73473 19
 949 27069 7
 950 65739 17
 951 54138 14
 952 46404 12
 953 77340 20
 954 58005 15
 955 7734 2
 956 38670 10
 957 58005 15
 958 42537 11
 959 65739 17
 960 3867 1
 961 38670 10
 962 19335 5
 963 15468 4
 964 27069 7
 965 73473 19
 966 69606 18
 967 46404 12
 968 34803 9
 969 58005 15
 970 27069 7
 971 11601 3
 972 19335 5
 973 3867 1
 974 73473 19
 975 19335 5
 976 77340 20
 977 77340 20
 978 15468 4
 979 58005 15
 980 65739 17
 981 42537 11
 982 3867 1
 983 38670 10
 984 50271 13
 985 42537 11
 986 58005 15
 987 46404 12
 988 38670 10
 989 30936 8
 990 34803 9
 991 61872 16
 992 77340 20
 993 11601 3
 994 46404 12
 995 46404 12
 996 65739 17
 997 61872 16
 998 50271 13
 999 34803 9
 1000 27069 7
 1001 23202 6
 1002 61872 16
 1003 38670 10
 1004 77340 20
 1005 19335 5
 1006 77340 20
 1007 77340 20
 1008 77340 20
 1009 50271 13
 1010 27069 7
 1011 77340 20
 1012 30936 8
 1013 54138 14
 1014 27069 7
 1015 38670 10
 1016 65739 17
 1017 58005 15
 1018 7734 2
 1019 23202 6
 1020 38670 10
 1021 3867 1
 1022 58005 15
 1023 77340 20
 1024 3867 1
 1025 73473 19
 1026 23202 6
 1027 7734 2
 1028 30936 8
 1029 54138 14
 1030 46404 12
 1031 30936 8
 1032 77340 20
 1033 54138 14
 1034 15468 4
 1035 15468 4
 1036 23202 6
 1037 46404 12
 1038 42537 11
 1039 15468 4
 1040 34803 9
 1041 46404 12
 1042 30936 8
 1043 73473 19
 1044 15468 4
 1045 46404 12
 1046 3867 1
 1047 65739 17
 1048 46404 12
 1049 73473 19
 1050 58005 15
 1051 77340 20
 1052 65739 17
 1053 54138 14
 1054 46404 12
 1055 77340 20
 1056 30936 8
 1057 69606 18
 1058 77340 20
 1059 38670 10
 1060 27069 7
 1061 19335 5
 1062 61872 16
 1063 77340 20
 1064 58005 15
 1065 61872 16
 1066 30936 8
 1067 61872 16
 1068 69606 18
 1069 54138 14
 1070 11601 3
 1071 46404 12
 1072 15468 4
 1073 42537 11
 1074 15468 4
 1075 42537 11
 1076 23202 6
 1077 34803 9
 1078 77340 20
 1079 38670 10
 1080 27069 7
 1081 46404 12
 1082 73473 19
 1083 30936 8
 1084 15468 4
 1085 77340 20
 1086 7734 2
 1087 61872 16
 1088 42537 11
 1089 3867 1
 1090 77340 20
 1091 7734 2
 1092 34803 9
 1093 46404 12
 1094 38670 10
 1095 58005 15
 1096 65739 17
 1097 3867 1
 1098 15468 4
 1099 23202 6
 1100 69606 18
 1101 61872 16
 1102 50271 13
 1103 69606 18
 1104 42537 11
 1105 23202 6
 1106 69606 18
 1107 3867 1
 1108 27069 7
 1109 42537 11
 1110 30936 8
 1111 58005 15
 1112 73473 19
 1113 27069 7
 1114 77340 20
 1115 7734 2
 1116 30936 8
 1117 65739 17
 1118 11601 3
 1119 19335 5
 1120 50271 13
 1121 34803 9
 1122 50271 13
 1123 69606 18
 1124 34803 9
 1125 65739 17
 1126 30936 8
 1127 15468 4
 1128 30936 8
 1129 11601 3
 1130 34803 9
 1131 38670 10
 1132 73473 19
 1133 69606 18
 1134 77340 20
 1135 50271 13
 1136 30936 8
 1137 42537 11
 1138 3867 1
 1139 3867 1
 1140 34803 9
 1141 42537 11
 1142 15468 4
 1143 15468 4
 1144 7734 2
 1145 65739 17
 1146 7734 2
 1147 42537 11
 1148 54138 14
 1149 73473 19
 1150 23202 6
 1151 34803 9
 1152 73473 19
 1153 65739 17
 1154 15468 4
 1155 50271 13
 1156 50271 13
 1157 3867 1
 1158 73473 19
 1159 42537 11
 1160 7734 2
 1161 69606 18
 1162 65739 17
 1163 19335 5
 1164 54138 14
 1165 7734 2
 1166 61872 16
 1167 77340 20
 1168 3867 1
 1169 77340 20
 1170 58005 15
 1171 69606 18
 1172 54138 14
 1173 11601 3
 1174 50271 13
 1175 3867 1
 1176 34803 9
 1177 11601 3
 1178 30936 8
 1179 19335 5
 1180 27069 7
 1181 27069 7
 1182 7734 2
 1183 50271 13
 1184 7734 2
 1185 27069 7
 1186 61872 16
 1187 54138 14
 1188 42537 11
 1189 61872 16
 1190 54138 14
 1191 58005 15
 1192 34803 9
 1193 23202 6
 1194 7734 2
 1195 50271 13
 1196 54138 14
 1197 77340 20
 1198 23202 6
 1199 34803 9
 1200 77340 20
 1201 69606 18
 1202 42537 11
 1203 42537 11
 1204 73473 19
 1205 50271 13
 1206 58005 15
 1207 42537 11
 1208 73473 19
 1209 77340 20
 1210 23202 6
 1211 69606 18
 1212 3867 1
 1213 11601 3
 1214 34803 9
 1215 3867 1
 1216 58005 15
 1217 54138 14
 1218 23202 6
 1219 46404 12
 1220 23202 6
 1221 61872 16
 1222 73473 19
 1223 73473 19
 1224 7734 2
 1225 54138 14
 1226 15468 4
 1227 65739 17
 1228 23202 6
 1229 77340 20
 1230 54138 14
 1231 38670 10
 1232 27069 7
 1233 61872 16
 1234 77340 20
 1235 34803 9
 1236 30936 8
 1237 42537 11
 1238 61872 16
 1239 27069 7
 1240 69606 18
 1241 27069 7
 1242 61872 16
 1243 42537 11
 1244 7734 2
 1245 42537 11
 1246 38670 10
 1247 19335 5
 1248 19335 5
 1249 30936 8
 1250 61872 16
 1251 30936 8
 1252 42537 11
 1253 42537 11
 1254 61872 16
 1255 30936 8
 1256 34803 9
 1257 7734 2
 1258 34803 9
 1259 38670 10
 1260 77340 20
 1261 46404 12
 1262 19335 5
 1263 69606 18
 1264 38670 10
 1265 7734 2
 1266 27069 7
 1267 42537 11
 1268 7734 2
 1269 34803 9
 1270 54138 14
 1271 15468 4
 1272 54138 14
 1273 7734 2
 1274 23202 6
 1275 19335 5
 1276 54138 14
 1277 15468 4
 1278 19335 5
 1279 54138 14
 1280 73473 19
 1281 69606 18
 1282 58005 15
 1283 61872 16
 1284 38670 10
 1285 58005 15
 1286 15468 4
 1287 11601 3
 1288 38670 10
 1289 19335 5
 1290 27069 7
 1291 58005 15
 1292 19335 5
 1293 73473 19
 1294 19335 5
 1295 54138 14
 1296 19335 5
 1297 19335 5
 1298 3867 1
 1299 58005 15
 1300 42537 11
 1301 69606 18
 1302 30936 8
 1303 11601 3
 1304 3867 1
 1305 11601 3
 1306 69606 18
 1307 19335 5
 1308 46404 12
 1309 38670 10
 1310 77340 20
 1311 73473 19
 1312 11601 3
 1313 3867 1
 1314 11601 3
 1315 30936 8
 1316 3867 1
 1317 30936 8
 1318 3867 1
 1319 58005 15
 1320 34803 9
 1321 77340 20
 1322 30936 8
 1323 19335 5
 1324 73473 19
 1325 54138 14
 1326 54138 14
 1327 15468 4
 1328 15468 4
 1329 42537 11
 1330 15468 4
 1331 30936 8
 1332 19335 5
 1333 69606 18
 1334 30936 8
 1335 77340 20
 1336 42537 11
 1337 42537 11
 1338 27069 7
 1339 54138 14
 1340 11601 3
 1341 30936 8
 1342 77340 20
 1343 30936 8
 1344 73473 19
 1345 58005 15
 1346 65739 17
 1347 50271 13
 1348 73473 19
 1349 58005 15
 1350 38670 10
 1351 42537 11
 1352 34803 9
 1353 65739 17
 1354 27069 7
 1355 46404 12
 1356 27069 7
 1357 50271 13
 1358 73473 19
 1359 34803 9
 1360 11601 3
 1361 77340 20
 1362 69606 18
 1363 7734 2
 1364 50271 13
 1365 19335 5
 1366 69606 18
 1367 34803 9
 1368 7734 2
 1369 50271 13
 1370 15468 4
 1371 23202 6
 1372 50271 13
 1373 34803 9
 1374 46404 12
 1375 19335 5
 1376 11601 3
 1377 7734 2
 1378 34803 9
 1379 7734 2
 1380 42537 11
 1381 42537 11
 1382 46404 12
 1383 50271 13
 1384 58005 15
 1385 42537 11
 1386 46404 12
 1387 27069 7
 1388 3867 1
 1389 7734 2
 1390 65739 17
 1391 50271 13
 1392 11601 3
 1393 65739 17
 1394 69606 18
 1395 30936 8
 1396 27069 7
 1397 34803 9
 1398 58005 15
 1399 3867 1
 1400 34803 9
 1401 46404 12
 1402 3867 1
 1403 23202 6
 1404 30936 8
 1405 42537 11
 1406 30936 8
 1407 54138 14
 1408 46404 12
 1409 42537 11
 1410 65739 17
 1411 65739 17
 1412 3867 1
 1413 11601 3
 1414 69606 18
 1415 38670 10
 1416 46404 12
 1417 19335 5
 1418 30936 8
 1419 69606 18
 1420 69606 18
 1421 34803 9
 1422 11601 3
 1423 46404 12
 1424 69606 18
 1425 11601 3
 1426 46404 12
 1427 42537 11
 1428 58005 15
 1429 38670 10
 1430 27069 7
 1431 27069 7
 1432 30936 8
 1433 61872 16
 1434 46404 12
 1435 42537 11
 1436 30936 8
 1437 65739 17
 1438 3867 1
 1439 77340 20
 1440 30936 8
 1441 23202 6
 1442 11601 3
 1443 65739 17
 1444 27069 7
 1445 30936 8
 1446 54138 14
 1447 23202 6
 1448 3867 1
 1449 34803 9
 1450 15468 4
 1451 38670 10
 1452 46404 12
 1453 73473 19
 1454 69606 18
 1455 15468 4
 1456 50271 13
 1457 46404 12
 1458 46404 12
 1459 54138 14
 1460 19335 5
 1461 38670 10
 1462 7734 2
 1463 54138 14
 1464 27069 7
 1465 27069 7
 1466 3867 1
 1467 23202 6
 1468 73473 19
 1469 73473 19
 1470 46404 12
 1471 42537 11
 1472 15468 4
 1473 7734 2
 1474 69606 18
 1475 7734 2
 1476 46404 12
 1477 34803 9
 1478 30936 8
 1479 42537 11
 1480 65739 17
 1481 34803 9
 1482 69606 18
 1483 30936 8
 1484 77340 20
 1485 73473 19
 1486 38670 10
 1487 3867 1
 1488 69606 18
 1489 77340 20
 1490 34803 9
 1491 46404 12
 1492 69606 18
 1493 23202 6
 1494 38670 10
 1495 54138 14
 1496 42537 11
 1497 15468 4
 1498 15468 4
 1499 54138 14
 1500 3867 1
 1501 27069 7
 1502 23202 6
 1503 61872 16
 1504 15468 4
 1505 7734 2
 1506 38670 10
 1507 23202 6
 1508 50271 13
 1509 65739 17
 1510 19335 5
 1511 73473 19
 1512 27069 7
 1513 58005 15
 1514 58005 15
 1515 65739 17
 1516 46404 12
 1517 19335 5
 1518 15468 4
 1519 11601 3
 1520 19335 5
 1521 38670 10
 1522 50271 13
 1523 11601 3
 1524 42537 11
 1525 27069 7
 1526 34803 9
 1527 34803 9
 1528 27069 7
 1529 46404 12
 1530 15468 4
 1531 34803 9
 1532 77340 20
 1533 65739 17
 1534 46404 12
 1535 3867 1
 1536 27069 7
 1537 15468 4
 1538 34803 9
 1539 73473 19
 1540 11601 3
 1541 27069 7
 1542 42537 11
 1543 77340 20
 1544 27069 7
 1545 27069 7
 1546 73473 19
 1547 42537 11
 1548 19335 5
 1549 30936 8
 1550 30936 8
 1551 61872 16
 1552 15468 4
 1553 69606 18
 1554 15468 4
 1555 19335 5
 1556 54138 14
 1557 27069 7
 1558 42537 11
 1559 42537 11
 1560 50271 13
 1561 3867 1
 1562 3867 1
 1563 27069 7
 1564 46404 12
 1565 7734 2
 1566 42537 11
 1567 3867 1
 1568 27069 7
 1569 46404 12
 1570 65739 17
 1571 46404 12
 1572 23202 6
 1573 58005 15
 1574 3867 1
 1575 30936 8
 1576 73473 19
 1577 69606 18
 1578 73473 19
 1579 46404 12
 1580 61872 16
 1581 23202 6
 1582 19335 5
 1583 7734 2
 1584 61872 16
 1585 77340 20
 1586 54138 14
 1587 38670 10
 1588 50271 13
 1589 34803 9
 1590 30936 8
 1591 27069 7
 1592 30936 8
 1593 7734 2
 1594 34803 9
 1595 42537 11
 1596 23202 6
 1597 58005 15
 1598 15468 4
 1599 58005 15
 1600 65739 17
 1601 58005 15
 1602 19335 5
 1603 73473 19
 1604 27069 7
 1605 11601 3
 1606 11601 3
 1607 42537 11
 1608 61872 16
 1609 30936 8
 1610 69606 18
 1611 38670 10
 1612 42537 11
 1613 34803 9
 1614 77340 20
 1615 73473 19
 1616 65739 17
 1617 46404 12
 1618 27069 7
 1619 65739 17
 1620 3867 1
 1621 69606 18
 1622 50271 13
 1623 19335 5
 1624 58005 15
 1625 69606 18
 1626 23202 6
 1627 38670 10
 1628 15468 4
 1629 61872 16
 1630 34803 9
 1631 54138 14
 1632 27069 7
 1633 19335 5
 1634 46404 12
 1635 42537 11
 1636 58005 15
 1637 19335 5
 1638 7734 2
 1639 38670 10
 1640 38670 10
 1641 73473 19
 1642 34803 9
 1643 46404 12
 1644 50271 13
 1645 11601 3
 1646 38670 10
 1647 23202 6
 1648 19335 5
 1649 65739 17
 1650 3867 1
 1651 69606 18
 1652 73473 19
 1653 46404 12
 1654 50271 13
 1655 50271 13
 1656 7734 2
 1657 42537 11
 1658 15468 4
 1659 34803 9
 1660 46404 12
 1661 46404 12
 1662 42537 11
 1663 23202 6
 1664 34803 9
 1665 3867 1
 1666 30936 8
 1667 27069 7
 1668 23202 6
 1669 19335 5
 1670 34803 9
 1671 58005 15
 1672 58005 15
 1673 50271 13
 1674 11601 3
 1675 3867 1
 1676 27069 7
 1677 38670 10
 1678 61872 16
 1679 50271 13
 1680 73473 19
 1681 23202 6
 1682 50271 13
 1683 42537 11
 1684 69606 18
 1685 34803 9
 1686 30936 8
 1687 77340 20
 1688 42537 11
 1689 69606 18
 1690 54138 14
 1691 77340 20
 1692 65739 17
 1693 34803 9
 1694 3867 1
 1695 23202 6
 1696 42537 11
 1697 61872 16
 1698 61872 16
 1699 54138 14
 1700 73473 19
 1701 7734 2
 1702 69606 18
 1703 19335 5
 1704 54138 14
 1705 23202 6
 1706 50271 13
 1707 38670 10
 1708 11601 3
 1709 61872 16
 1710 61872 16
 1711 77340 20
 1712 65739 17
 1713 34803 9
 1714 65739 17
 1715 61872 16
 1716 54138 14
 1717 69606 18
 1718 77340 20
 1719 42537 11
 1720 15468 4
 1721 65739 17
 1722 7734 2
 1723 69606 18
 1724 30936 8
 1725 58005 15
 1726 19335 5
 1727 3867 1
 1728 11601 3
 1729 42537 11
 1730 23202 6
 1731 23202 6
 1732 7734 2
 1733 11601 3
 1734 50271 13
 1735 30936 8
 1736 61872 16
 1737 73473 19
 1738 65739 17
 1739 15468 4
 1740 34803 9
 1741 42537 11
 1742 3867 1
 1743 50271 13
 1744 61872 16
 1745 30936 8
 1746 65739 17
 1747 54138 14
 1748 27069 7
 1749 54138 14
 1750 73473 19
 1751 3867 1
 1752 73473 19
 1753 46404 12
 1754 61872 16
 1755 30936 8
 1756 38670 10
 1757 30936 8
 1758 58005 15
 1759 61872 16
 1760 38670 10
 1761 3867 1
 1762 50271 13
 1763 30936 8
 1764 34803 9
 1765 42537 11
 1766 50271 13
 1767 27069 7
 1768 23202 6
 1769 15468 4
 1770 65739 17
 1771 27069 7
 1772 65739 17
 1773 58005 15
 1774 61872 16
 1775 65739 17
 1776 54138 14
 1777 34803 9
 1778 27069 7
 1779 27069 7
 1780 42537 11
 1781 38670 10
 1782 69606 18
 1783 58005 15
 1784 69606 18
 1785 34803 9
 1786 73473 19
 1787 65739 17
 1788 11601 3
 1789 34803 9
 1790 73473 19
 1791 7734 2
 1792 15468 4
 1793 7734 2
 1794 34803 9
 1795 54138 14
 1796 50271 13
 1797 11601 3
 1798 50271 13
 1799 58005 15
 1800 58005 15
 1801 69606 18
 1802 73473 19
 1803 65739 17
 1804 77340 20
 1805 38670 10
 1806 77340 20
 1807 69606 18
 1808 7734 2
 1809 42537 11
 1810 65739 17
 1811 46404 12
 1812 34803 9
 1813 11601 3
 1814 38670 10
 1815 23202 6
 1816 15468 4
 1817 3867 1
 1818 3867 1
 1819 7734 2
 1820 3867 1
 1821 65739 17
 1822 73473 19
 1823 77340 20
 1824 65739 17
 1825 3867 1
 1826 7734 2
 1827 50271 13
 1828 73473 19
 1829 30936 8
 1830 77340 20
 1831 46404 12
 1832 69606 18
 1833 3867 1
 1834 46404 12
 1835 77340 20
 1836 50271 13
 1837 73473 19
 1838 7734 2
 1839 23202 6
 1840 46404 12
 1841 19335 5
 1842 38670 10
 1843 7734 2
 1844 61872 16
 1845 38670 10
 1846 69606 18
 1847 54138 14
 1848 42537 11
 1849 73473 19
 1850 19335 5
 1851 30936 8
 1852 50271 13
 1853 7734 2
 1854 3867 1
 1855 11601 3
 1856 46404 12
 1857 15468 4
 1858 30936 8
 1859 50271 13
 1860 27069 7
 1861 46404 12
 1862 3867 1
 1863 19335 5
 1864 50271 13
 1865 54138 14
 1866 61872 16
 1867 19335 5
 1868 30936 8
 1869 34803 9
 1870 7734 2
 1871 54138 14
 1872 15468 4
 1873 46404 12
 1874 50271 13
 1875 69606 18
 1876 34803 9
 1877 61872 16
 1878 58005 15
 1879 77340 20
 1880 23202 6
 1881 58005 15
 1882 23202 6
 1883 69606 18
 1884 27069 7
 1885 34803 9
 1886 38670 10
 1887 65739 17
 1888 11601 3
 1889 30936 8
 1890 23202 6
 1891 30936 8
 1892 30936 8
 1893 46404 12
 1894 58005 15
 1895 73473 19
 1896 3867 1
 1897 7734 2
 1898 19335 5
 1899 11601 3
 1900 46404 12
 1901 69606 18
 1902 42537 11
 1903 34803 9
 1904 34803 9
 1905 69606 18
 1906 7734 2
 1907 69606 18
 1908 15468 4
 1909 11601 3
 1910 3867 1
 1911 3867 1
 1912 42537 11
 1913 34803 9
 1914 38670 10
 1915 30936 8
 1916 3867 1
 1917 38670 10
 1918 46404 12
 1919 54138 14
 1920 61872 16
 1921 34803 9
 1922 27069 7
 1923 19335 5
 1924 58005 15
 1925 58005 15
 1926 38670 10
 1927 50271 13
 1928 73473 19
 1929 7734 2
 1930 65739 17
 1931 38670 10
 1932 11601 3
 1933 11601 3
 1934 58005 15
 1935 23202 6
 1936 34803 9
 1937 23202 6
 1938 50271 13
 1939 23202 6
 1940 19335 5
 1941 7734 2
 1942 34803 9
 1943 23202 6
 1944 58005 15
 1945 23202 6
 1946 42537 11
 1947 15468 4
 1948 30936 8
 1949 58005 15
 1950 15468 4
 1951 42537 11
 1952 77340 20
 1953 3867 1
 1954 34803 9
 1955 42537 11
 1956 23202 6
 1957 58005 15
 1958 46404 12
 1959 69606 18
 1960 42537 11
 1961 50271 13
 1962 23202 6
 1963 61872 16
 1964 61872 16
 1965 38670 10
 1966 69606 18
 1967 19335 5
 1968 77340 20
 1969 50271 13
 1970 54138 14
 1971 50271 13
 1972 54138 14
 1973 34803 9
 1974 46404 12
 1975 54138 14
 1976 54138 14
 1977 7734 2
 1978 65739 17
 1979 7734 2
 1980 58005 15
 1981 54138 14
 1982 19335 5
 1983 61872 16
 1984 65739 17
 1985 3867 1
 1986 65739 17
 1987 42537 11
 1988 19335 5
 1989 11601 3
 1990 27069 7
 1991 65739 17
 1992 27069 7
 1993 65739 17
 1994 11601 3
 1995 7734 2
 1996 30936 8
 1997 7734 2
 1998 3867 1
 1999 46404 12
 2000 54138 14
 2001 27069 7
 2002 69606 18
 2003 19335 5
 2004 54138 14
 2005 38670 10
 2006 69606 18
 2007 50271 13
 2008 23202 6
 2009 61872 16
 2010 3867 1
 2011 50271 13
 2012 73473 19
 2013 7734 2
 2014 54138 14
 2015 11601 3
 2016 77340 20
 2017 46404 12
 2018 46404 12
 2019 54138 14
 2020 38670 10
 2021 3867 1
 2022 77340 20
 2023 58005 15
 2024 65739 17
 2025 69606 18
 2026 19335 5
 2027 58005 15
 2028 58005 15
 2029 65739 17
 2030 58005 15
 2031 34803 9
 2032 69606 18
 2033 7734 2
 2034 73473 19
 2035 30936 8
 2036 34803 9
 2037 54138 14
 2038 19335 5
 2039 7734 2
 2040 77340 20
 2041 58005 15
 2042 38670 10
 2043 54138 14
 2044 42537 11
 2045 50271 13
 2046 3867 1
 2047 38670 10
 2048 15468 4
 2049 42537 11
 2050 34803 9
 2051 19335 5
 2052 3867 1
 2053 42537 11
 2054 38670 10
 2055 3867 1
 2056 15468 4
 2057 46404 12
 2058 42537 11
 2059 54138 14
 2060 58005 15
 2061 77340 20
 2062 15468 4
 2063 58005 15
 2064 73473 19
 2065 38670 10
 2066 23202 6
 2067 54138 14
 2068 34803 9
 2069 15468 4
 2070 54138 14
 2071 58005 15
 2072 11601 3
 2073 50271 13
 2074 15468 4
 2075 30936 8
 2076 61872 16
 2077 3867 1
 2078 19335 5
 2079 42537 11
 2080 50271 13
 2081 77340 20
 2082 42537 11
 2083 19335 5
 2084 27069 7
 2085 65739 17
 2086 34803 9
 2087 34803 9
 2088 30936 8
 2089 61872 16
 2090 23202 6
 2091 46404 12
 2092 34803 9
 2093 19335 5
 2094 50271 13
 2095 15468 4
 2096 42537 11
 2097 11601 3
 2098 23202 6
 2099 54138 14
 2100 58005 15
 2101 65739 17
 2102 73473 19
 2103 46404 12
 2104 65739 17
 2105 19335 5
 2106 34803 9
 2107 61872 16
 2108 42537 11
 2109 50271 13
 2110 7734 2
 2111 61872 16
 2112 11601 3
 2113 34803 9
 2114 58005 15
 2115 69606 18
 2116 11601 3
 2117 3867 1
 2118 77340 20
 2119 3867 1
 2120 77340 20
 2121 15468 4
 2122 65739 17
 2123 61872 16
 2124 73473 19
 2125 23202 6
 2126 38670 10
 2127 58005 15
 2128 50271 13
 2129 42537 11
 2130 61872 16
 2131 11601 3
 2132 15468 4
 2133 27069 7
 2134 50271 13
 2135 7734 2
 2136 27069 7
 2137 73473 19
 2138 23202 6
 2139 42537 11
 2140 19335 5
 2141 38670 10
 2142 27069 7
 2143 46404 12
 2144 46404 12
 2145 46404 12
 2146 50271 13
 2147 54138 14
 2148 38670 10
 2149 7734 2
 2150 3867 1
 2151 11601 3
 2152 46404 12
 2153 30936 8
 2154 61872 16
 2155 19335 5
 2156 15468 4
 2157 50271 13
 2158 19335 5
 2159 23202 6
 2160 7734 2
 2161 65739 17
 2162 15468 4
 2163 38670 10
 2164 7734 2
 2165 50271 13
 2166 11601 3
 2167 65739 17
 2168 27069 7
 2169 69606 18
 2170 58005 15
 2171 27069 7
 2172 61872 16
 2173 30936 8
 2174 23202 6
 2175 65739 17
 2176 23202 6
 2177 34803 9
 2178 34803 9
 2179 30936 8
 2180 58005 15
 2181 65739 17
 2182 11601 3
 2183 3867 1
 2184 38670 10
 2185 11601 3
 2186 3867 1
 2187 73473 19
 2188 23202 6
 2189 54138 14
 2190 15468 4
 2191 69606 18
 2192 19335 5
 2193 34803 9
 2194 46404 12
 2195 69606 18
 2196 69606 18
 2197 42537 11
 2198 15468 4
 2199 65739 17
 2200 11601 3
 2201 61872 16
 2202 58005 15
 2203 65739 17
 2204 61872 16
 2205 69606 18
 2206 73473 19
 2207 11601 3
 2208 34803 9
 2209 42537 11
 2210 54138 14
 2211 15468 4
 2212 30936 8
 2213 42537 11
 2214 7734 2
 2215 30936 8
 2216 46404 12
 2217 77340 20
 2218 34803 9
 2219 54138 14
 2220 30936 8
 2221 61872 16
 2222 30936 8
 2223 19335 5
 2224 23202 6
 2225 46404 12
 2226 15468 4
 2227 38670 10
 2228 23202 6
 2229 11601 3
 2230 3867 1
 2231 46404 12
 2232 34803 9
 2233 54138 14
 2234 54138 14
 2235 46404 12
 2236 11601 3
 2237 27069 7
 2238 54138 14
 2239 65739 17
 2240 19335 5
 2241 54138 14
 2242 46404 12
 2243 65739 17
 2244 3867 1
 2245 58005 15
 2246 38670 10
 2247 54138 14
 2248 19335 5
 2249 11601 3
 2250 34803 9
 2251 65739 17
 2252 15468 4
 2253 38670 10
 2254 7734 2
 2255 7734 2
 2256 38670 10
 2257 54138 14
 2258 61872 16
 2259 11601 3
 2260 11601 3
 2261 3867 1
 2262 7734 2
 2263 23202 6
 2264 34803 9
 2265 23202 6
 2266 61872 16
 2267 73473 19
 2268 50271 13
 2269 61872 16
 2270 11601 3
 2271 34803 9
 2272 11601 3
 2273 50271 13
 2274 61872 16
 2275 69606 18
 2276 23202 6
 2277 23202 6
 2278 30936 8
 2279 58005 15
 2280 3867 1
 2281 58005 15
 2282 65739 17
 2283 11601 3
 2284 23202 6
 2285 19335 5
 2286 42537 11
 2287 58005 15
 2288 50271 13
 2289 3867 1
 2290 42537 11
 2291 77340 20
 2292 46404 12
 2293 42537 11
 2294 77340 20
 2295 58005 15
 2296 34803 9
 2297 30936 8
 2298 3867 1
 2299 50271 13
 2300 27069 7
 2301 46404 12
 2302 50271 13
 2303 23202 6
 2304 27069 7
 2305 73473 19
 2306 46404 12
 2307 61872 16
 2308 69606 18
 2309 27069 7
 2310 73473 19
 2311 15468 4
 2312 65739 17
 2313 77340 20
 2314 15468 4
 2315 34803 9
 2316 3867 1
 2317 58005 15
 2318 58005 15
 2319 65739 17
 2320 50271 13
 2321 11601 3
 2322 61872 16
 2323 65739 17
 2324 38670 10
 2325 19335 5
 2326 46404 12
 2327 19335 5
 2328 11601 3
 2329 19335 5
 2330 7734 2
 2331 46404 12
 2332 15468 4
 2333 65739 17
 2334 65739 17
 2335 27069 7
 2336 46404 12
 2337 30936 8
 2338 50271 13
 2339 11601 3
 2340 61872 16
 2341 3867 1
 2342 34803 9
 2343 23202 6
 2344 69606 18
 2345 38670 10
 2346 11601 3
 2347 7734 2
 2348 46404 12
 2349 46404 12
 2350 65739 17
 2351 42537 11
 2352 15468 4
 2353 38670 10
 2354 34803 9
 2355 7734 2
 2356 19335 5
 2357 50271 13
 2358 73473 19
 2359 38670 10
 2360 42537 11
 2361 58005 15
 2362 11601 3
 2363 65739 17
 2364 15468 4
 2365 46404 12
 2366 7734 2
 2367 23202 6
 2368 7734 2
 2369 65739 17
 2370 50271 13
 2371 27069 7
 2372 42537 11
 2373 54138 14
 2374 42537 11
 2375 58005 15
 2376 46404 12
 2377 65739 17
 2378 38670 10
 2379 58005 15
 2380 73473 19
 2381 11601 3
 2382 38670 10
 2383 34803 9
 2384 69606 18
 2385 38670 10
 2386 58005 15
 2387 38670 10
 2388 77340 20
 2389 3867 1
 2390 42537 11
 2391 15468 4
 2392 3867 1
 2393 69606 18
 2394 77340 20
 2395 69606 18
 2396 61872 16
 2397 69606 18
 2398 69606 18
 2399 58005 15
 2400 50271 13
 2401 54138 14
 2402 11601 3
 2403 30936 8
 2404 38670 10
 2405 27069 7
 2406 69606 18
 2407 23202 6
 2408 65739 17
 2409 58005 15
 2410 54138 14
 2411 61872 16
 2412 50271 13
 2413 65739 17
 2414 23202 6
 2415 46404 12
 2416 69606 18
 2417 30936 8
 2418 19335 5
 2419 34803 9
 2420 58005 15
 2421 19335 5
 2422 3867 1
 2423 7734 2
 2424 61872 16
 2425 50271 13
 2426 77340 20
 2427 19335 5
 2428 23202 6
 2429 54138 14
 2430 19335 5
 2431 65739 17
 2432 61872 16
 2433 61872 16
 2434 3867 1
 2435 23202 6
 2436 38670 10
 2437 19335 5
 2438 65739 17
 2439 23202 6
 2440 7734 2
 2441 42537 11
 2442 23202 6
 2443 73473 19
 2444 61872 16
 2445 61872 16
 2446 46404 12
 2447 7734 2
 2448 69606 18
 2449 38670 10
 2450 77340 20
 2451 61872 16
 2452 7734 2
 2453 3867 1
 2454 73473 19
 2455 42537 11
 2456 61872 16
 2457 7734 2
 2458 34803 9
 2459 15468 4
 2460 42537 11
 2461 69606 18
 2462 34803 9
 2463 7734 2
 2464 30936 8
 2465 73473 19
 2466 65739 17
 2467 54138 14
 2468 54138 14
 2469 7734 2
 2470 42537 11
 2471 42537 11
 2472 27069 7
 2473 7734 2
 2474 27069 7
 2475 73473 19
 2476 54138 14
 2477 19335 5
 2478 15468 4
 2479 42537 11
 2480 50271 13
 2481 46404 12
 2482 73473 19
 2483 27069 7
 2484 34803 9
 2485 38670 10
 2486 23202 6
 2487 30936 8
 2488 19335 5
 2489 50271 13
 2490 54138 14
 2491 65739 17
 2492 46404 12
 2493 54138 14
 2494 3867 1
 2495 69606 18
 2496 11601 3
 2497 11601 3
 2498 15468 4
 2499 19335 5
 2500 61872 16
 2501 15468 4
 2502 42537 11
 2503 46404 12
 2504 69606 18
 2505 27069 7
 2506 65739 17
 2507 50271 13
 2508 42537 11
 2509 34803 9
 2510 69606 18
 2511 50271 13
 2512 65739 17
 2513 61872 16
 2514 38670 10
 2515 54138 14
 2516 11601 3
 2517 58005 15
 2518 38670 10
 2519 69606 18
 2520 65739 17
 2521 15468 4
 2522 61872 16
 2523 42537 11
 2524 42537 11
 2525 11601 3
 2526 38670 10
 2527 65739 17
 2528 19335 5
 2529 50271 13
 2530 50271 13
 2531 65739 17
 2532 34803 9
 2533 34803 9
 2534 38670 10
 2535 23202 6
 2536 23202 6
 2537 61872 16
 2538 42537 11
 2539 73473 19
 2540 42537 11
 2541 77340 20
 2542 15468 4
 2543 15468 4
 2544 15468 4
 2545 54138 14
 2546 73473 19
 2547 42537 11
 2548 61872 16
 2549 11601 3
 2550 46404 12
 2551 69606 18
 2552 27069 7
 2553 73473 19
 2554 77340 20
 2555 3867 1
 2556 69606 18
 2557 54138 14
 2558 46404 12
 2559 7734 2
 2560 27069 7
 2561 15468 4
 2562 15468 4
 2563 73473 19
 2564 46404 12
 2565 11601 3
 2566 34803 9
 2567 19335 5
 2568 61872 16
 2569 3867 1
 2570 65739 17
 2571 30936 8
 2572 27069 7
 2573 15468 4
 2574 73473 19
 2575 54138 14
 2576 38670 10
 2577 23202 6
 2578 19335 5
 2579 42537 11
 2580 23202 6
 2581 46404 12
 2582 30936 8
 2583 42537 11
 2584 7734 2
 2585 50271 13
 2586 46404 12
 2587 23202 6
 2588 42537 11
 2589 50271 13
 2590 38670 10
 2591 73473 19
 2592 27069 7
 2593 15468 4
 2594 69606 18
 2595 3867 1
 2596 69606 18
 2597 38670 10
 2598 50271 13
 2599 23202 6
 2600 42537 11
 2601 15468 4
 2602 46404 12
 2603 27069 7
 2604 15468 4
 2605 50271 13
 2606 19335 5
 2607 38670 10
 2608 38670 10
 2609 11601 3
 2610 7734 2
 2611 7734 2
 2612 73473 19
 2613 65739 17
 2614 61872 16
 2615 42537 11
 2616 65739 17
 2617 58005 15
 2618 73473 19
 2619 15468 4
 2620 61872 16
 2621 58005 15
 2622 27069 7
 2623 11601 3
 2624 54138 14
 2625 11601 3
 2626 58005 15
 2627 58005 15
 2628 42537 11
 2629 77340 20
 2630 61872 16
 2631 69606 18
 2632 54138 14
 2633 38670 10
 2634 65739 17
 2635 69606 18
 2636 61872 16
 2637 38670 10
 2638 38670 10
 2639 30936 8
 2640 77340 20
 2641 61872 16
 2642 30936 8
 2643 58005 15
 2644 38670 10
 2645 34803 9
 2646 46404 12
 2647 54138 14
 2648 46404 12
 2649 3867 1
 2650 77340 20
 2651 7734 2
 2652 3867 1
 2653 19335 5
 2654 27069 7
 2655 11601 3
 2656 73473 19
 2657 7734 2
 2658 7734 2
 2659 69606 18
 2660 15468 4
 2661 50271 13
 2662 15468 4
 2663 58005 15
 2664 11601 3
 2665 38670 10
 2666 46404 12
 2667 34803 9
 2668 34803 9
 2669 61872 16
 2670 58005 15
 2671 7734 2
 2672 73473 19
 2673 50271 13
 2674 54138 14
 2675 73473 19
 2676 69606 18
 2677 19335 5
 2678 61872 16
 2679 77340 20
 2680 27069 7
 2681 65739 17
 2682 34803 9
 2683 7734 2
 2684 54138 14
 2685 46404 12
 2686 23202 6
 2687 30936 8
 2688 65739 17
 2689 15468 4
 2690 69606 18
 2691 73473 19
 2692 30936 8
 2693 50271 13
 2694 69606 18
 2695 46404 12
 2696 46404 12
 2697 61872 16
 2698 54138 14
 2699 23202 6
 2700 46404 12
 2701 19335 5
 2702 19335 5
 2703 50271 13
 2704 61872 16
 2705 77340 20
 2706 69606 18
 2707 15468 4
 2708 11601 3
 2709 69606 18
 2710 27069 7
 2711 61872 16
 2712 69606 18
 2713 30936 8
 2714 77340 20
 2715 23202 6
 2716 42537 11
 2717 58005 15
 2718 7734 2
 2719 42537 11
 2720 23202 6
 2721 54138 14
 2722 30936 8
 2723 73473 19
 2724 50271 13
 2725 54138 14
 2726 19335 5
 2727 38670 10
 2728 54138 14
 2729 50271 13
 2730 38670 10
 2731 77340 20
 2732 65739 17
 2733 38670 10
 2734 11601 3
 2735 50271 13
 2736 58005 15
 2737 77340 20
 2738 61872 16
 2739 61872 16
 2740 7734 2
 2741 34803 9
 2742 58005 15
 2743 69606 18
 2744 27069 7
 2745 65739 17
 2746 23202 6
 2747 34803 9
 2748 27069 7
 2749 54138 14
 2750 77340 20
 2751 58005 15
 2752 42537 11
 2753 73473 19
 2754 58005 15
 2755 61872 16
 2756 42537 11
 2757 27069 7
 2758 27069 7
 2759 69606 18
 2760 58005 15
 2761 61872 16
 2762 7734 2
 2763 19335 5
 2764 23202 6
 2765 42537 11
 2766 7734 2
 2767 77340 20
 2768 77340 20
 2769 54138 14
 2770 61872 16
 2771 7734 2
 2772 23202 6
 2773 19335 5
 2774 65739 17
 2775 69606 18
 2776 11601 3
 2777 3867 1
 2778 3867 1
 2779 19335 5
 2780 54138 14
 2781 50271 13
 2782 58005 15
 2783 27069 7
 2784 11601 3
 2785 34803 9
 2786 7734 2
 2787 46404 12
 2788 27069 7
 2789 19335 5
 2790 30936 8
 2791 11601 3
 2792 46404 12
 2793 50271 13
 2794 61872 16
 2795 30936 8
 2796 38670 10
 2797 7734 2
 2798 23202 6
 2799 77340 20
 2800 58005 15
 2801 15468 4
 2802 30936 8
 2803 27069 7
 2804 58005 15
 2805 54138 14
 2806 11601 3
 2807 30936 8
 2808 73473 19
 2809 15468 4
 2810 3867 1
 2811 15468 4
 2812 3867 1
 2813 7734 2
 2814 42537 11
 2815 65739 17
 2816 58005 15
 2817 7734 2
 2818 77340 20
 2819 15468 4
 2820 3867 1
 2821 30936 8
 2822 11601 3
 2823 34803 9
 2824 50271 13
 2825 27069 7
 2826 38670 10
 2827 34803 9
 2828 77340 20
 2829 23202 6
 2830 46404 12
 2831 65739 17
 2832 7734 2
 2833 46404 12
 2834 58005 15
 2835 23202 6
 2836 3867 1
 2837 23202 6
 2838 46404 12
 2839 61872 16
 2840 23202 6
 2841 19335 5
 2842 50271 13
 2843 69606 18
 2844 54138 14
 2845 61872 16
 2846 46404 12
 2847 46404 12
 2848 65739 17
 2849 23202 6
 2850 38670 10
 2851 19335 5
 2852 42537 11
 2853 65739 17
 2854 30936 8
 2855 58005 15
 2856 61872 16
 2857 69606 18
 2858 42537 11
 2859 38670 10
 2860 30936 8
 2861 77340 20
 2862 42537 11
 2863 65739 17
 2864 27069 7
 2865 11601 3
 2866 42537 11
 2867 7734 2
 2868 11601 3
 2869 3867 1
 2870 46404 12
 2871 3867 1
 2872 38670 10
 2873 65739 17
 2874 77340 20
 2875 42537 11
 2876 7734 2
 2877 7734 2
 2878 15468 4
 2879 58005 15
 2880 3867 1
 2881 42537 11
 2882 7734 2
 2883 7734 2
 2884 61872 16
 2885 61872 16
 2886 73473 19
 2887 30936 8
 2888 38670 10
 2889 23202 6
 2890 23202 6
 2891 34803 9
 2892 46404 12
 2893 54138 14
 2894 7734 2
 2895 30936 8
 2896 15468 4
 2897 38670 10
 2898 54138 14
 2899 54138 14
 2900 58005 15
 2901 11601 3
 2902 58005 15
 2903 11601 3
 2904 15468 4
 2905 11601 3
 2906 46404 12
 2907 27069 7
 2908 73473 19
 2909 15468 4
 2910 73473 19
 2911 46404 12
 2912 69606 18
 2913 15468 4
 2914 73473 19
 2915 3867 1
 2916 46404 12
 2917 42537 11
 2918 73473 19
 2919 15468 4
 2920 3867 1
 2921 54138 14
 2922 61872 16
 2923 58005 15
 2924 42537 11
 2925 11601 3
 2926 73473 19
 2927 46404 12
 2928 11601 3
 2929 30936 8
 2930 30936 8
 2931 30936 8
 2932 38670 10
 2933 27069 7
 2934 30936 8
 2935 15468 4
 2936 38670 10
 2937 42537 11
 2938 54138 14
 2939 69606 18
 2940 54138 14
 2941 69606 18
 2942 54138 14
 2943 23202 6
 2944 73473 19
 2945 54138 14
 2946 50271 13
 2947 34803 9
 2948 73473 19
 2949 38670 10
 2950 27069 7
 2951 3867 1
 2952 61872 16
 2953 65739 17
 2954 3867 1
 2955 77340 20
 2956 54138 14
 2957 30936 8
 2958 34803 9
 2959 73473 19
 2960 11601 3
 2961 58005 15
 2962 27069 7
 2963 65739 17
 2964 3867 1
 2965 54138 14
 2966 73473 19
 2967 65739 17
 2968 58005 15
 2969 15468 4
 2970 73473 19
 2971 50271 13
 2972 15468 4
 2973 38670 10
 2974 61872 16
 2975 54138 14
 2976 54138 14
 2977 3867 1
 2978 69606 18
 2979 27069 7
 2980 7734 2
 2981 27069 7
 2982 73473 19
 2983 7734 2
 2984 11601 3
 2985 42537 11
 2986 15468 4
 2987 30936 8
 2988 65739 17
 2989 77340 20
 2990 38670 10
 2991 77340 20
 2992 50271 13
 2993 73473 19
 2994 23202 6
 2995 7734 2
 2996 15468 4
 2997 54138 14
 2998 15468 4
 2999 34803 9
 3000 54138 14
 3001 3867 1
 3002 46404 12
 3003 65739 17
 3004 46404 12
 3005 34803 9
 3006 7734 2
 3007 34803 9
 3008 61872 16
 3009 3867 1
 3010 7734 2
 3011 73473 19
 3012 65739 17
 3013 54138 14
 3014 23202 6
 3015 65739 17
 3016 65739 17
 3017 3867 1
 3018 54138 14
 3019 34803 9
 3020 58005 15
 3021 38670 10
 3022 15468 4
 3023 15468 4
 3024 54138 14
 3025 42537 11
 3026 42537 11
 3027 19335 5
 3028 61872 16
 3029 65739 17
 3030 61872 16
 3031 3867 1
 3032 19335 5
 3033 54138 14
 3034 54138 14
 3035 77340 20
 3036 42537 11
 3037 42537 11
 3038 65739 17
 3039 61872 16
 3040 30936 8
 3041 34803 9
 3042 69606 18
 3043 27069 7
 3044 54138 14
 3045 77340 20
 3046 23202 6
 3047 50271 13
 3048 27069 7
 3049 19335 5
 3050 61872 16
 3051 77340 20
 3052 15468 4
 3053 34803 9
 3054 27069 7
 3055 11601 3
 3056 46404 12
 3057 73473 19
 3058 58005 15
 3059 23202 6
 3060 38670 10
 3061 3867 1
 3062 23202 6
 3063 30936 8
 3064 3867 1
 3065 11601 3
 3066 3867 1
 3067 65739 17
 3068 42537 11
 3069 73473 19
 3070 27069 7
 3071 23202 6
 3072 54138 14
 3073 19335 5
 3074 50271 13
 3075 50271 13
 3076 23202 6
 3077 50271 13
 3078 38670 10
 3079 19335 5
 3080 54138 14
 3081 34803 9
 3082 23202 6
 3083 65739 17
 3084 11601 3
 3085 30936 8
 3086 3867 1
 3087 77340 20
 3088 27069 7
 3089 30936 8
 3090 23202 6
 3091 3867 1
 3092 19335 5
 3093 7734 2
 3094 19335 5
 3095 73473 19
 3096 58005 15
 3097 11601 3
 3098 7734 2
 3099 38670 10
 3100 65739 17
 3101 27069 7
 3102 61872 16
 3103 65739 17
 3104 73473 19
 3105 34803 9
 3106 58005 15
 3107 30936 8
 3108 61872 16
 3109 73473 19
 3110 58005 15
 3111 65739 17
 3112 69606 18
 3113 15468 4
 3114 65739 17
 3115 3867 1
 3116 50271 13
 3117 15468 4
 3118 27069 7
 3119 34803 9
 3120 3867 1
 3121 69606 18
 3122 58005 15
 3123 58005 15
 3124 27069 7
 3125 38670 10
 3126 46404 12
 3127 23202 6
 3128 23202 6
 3129 73473 19
 3130 34803 9
 3131 7734 2
 3132 11601 3
 3133 50271 13
 3134 19335 5
 3135 3867 1
 3136 50271 13
 3137 19335 5
 3138 23202 6
 3139 7734 2
 3140 69606 18
 3141 23202 6
 3142 61872 16
 3143 73473 19
 3144 65739 17
 3145 7734 2
 3146 73473 19
 3147 58005 15
 3148 7734 2
 3149 7734 2
 3150 42537 11
 3151 27069 7
 3152 46404 12
 3153 34803 9
 3154 19335 5
 3155 23202 6
 3156 7734 2
 3157 3867 1
 3158 11601 3
 3159 27069 7
 3160 58005 15
 3161 19335 5
 3162 38670 10
 3163 42537 11
 3164 7734 2
 3165 61872 16
 3166 42537 11
 3167 7734 2
 3168 65739 17
 3169 42537 11
 3170 30936 8
 3171 11601 3
 3172 73473 19
 3173 50271 13
 3174 61872 16
 3175 3867 1
 3176 15468 4
 3177 34803 9
 3178 73473 19
 3179 11601 3
 3180 50271 13
 3181 7734 2
 3182 69606 18
 3183 69606 18
 3184 15468 4
 3185 73473 19
 3186 3867 1
 3187 54138 14
 3188 11601 3
 3189 77340 20
 3190 30936 8
 3191 30936 8
 3192 7734 2
 3193 46404 12
 3194 7734 2
 3195 19335 5
 3196 69606 18
 3197 34803 9
 3198 58005 15
 3199 27069 7
 3200 69606 18
 3201 27069 7
 3202 15468 4
 3203 3867 1
 3204 38670 10
 3205 50271 13
 3206 54138 14
 3207 42537 11
 3208 58005 15
 3209 69606 18
 3210 77340 20
 3211 27069 7
 3212 11601 3
 3213 65739 17
 3214 50271 13
 3215 50271 13
 3216 15468 4
 3217 23202 6
 3218 11601 3
 3219 19335 5
 3220 50271 13
 3221 58005 15
 3222 34803 9
 3223 34803 9
 3224 19335 5
 3225 73473 19
 3226 19335 5
 3227 15468 4
 3228 65739 17
 3229 7734 2
 3230 34803 9
 3231 3867 1
 3232 30936 8
 3233 46404 12
 3234 38670 10
 3235 3867 1
 3236 61872 16
 3237 46404 12
 3238 50271 13
 3239 30936 8
 3240 7734 2
 3241 3867 1
 3242 3867 1
 3243 50271 13
 3244 11601 3
 3245 54138 14
 3246 30936 8
 3247 11601 3
 3248 3867 1
 3249 3867 1
 3250 77340 20
 3251 34803 9
 3252 34803 9
 3253 73473 19
 3254 38670 10
 3255 46404 12
 3256 61872 16
 3257 11601 3
 3258 65739 17
 3259 30936 8
 3260 65739 17
 3261 27069 7
 3262 61872 16
 3263 30936 8
 3264 7734 2
 3265 50271 13
 3266 3867 1
 3267 34803 9
 3268 7734 2
 3269 69606 18
 3270 3867 1
 3271 34803 9
 3272 23202 6
 3273 19335 5
 3274 61872 16
 3275 65739 17
 3276 61872 16
 3277 30936 8
 3278 69606 18
 3279 38670 10
 3280 58005 15
 3281 27069 7
 3282 77340 20
 3283 42537 11
 3284 3867 1
 3285 54138 14
 3286 27069 7
 3287 7734 2
 3288 42537 11
 3289 42537 11
 3290 3867 1
 3291 42537 11
 3292 58005 15
 3293 15468 4
 3294 23202 6
 3295 34803 9
 3296 34803 9
 3297 19335 5
 3298 46404 12
 3299 61872 16
 3300 15468 4
 3301 11601 3
 3302 73473 19
 3303 50271 13
 3304 42537 11
 3305 30936 8
 3306 61872 16
 3307 61872 16
 3308 15468 4
 3309 30936 8
 3310 7734 2
 3311 54138 14
 3312 65739 17
 3313 23202 6
 3314 23202 6
 3315 15468 4
 3316 34803 9
 3317 54138 14
 3318 58005 15
 3319 11601 3
 3320 46404 12
 3321 61872 16
 3322 3867 1
 3323 50271 13
 3324 38670 10
 3325 11601 3
 3326 73473 19
 3327 58005 15
 3328 27069 7
 3329 15468 4
 3330 54138 14
 3331 69606 18
 3332 30936 8
 3333 73473 19
 3334 23202 6
 3335 11601 3
 3336 73473 19
 3337 15468 4
 3338 34803 9
 3339 30936 8
 3340 23202 6
 3341 23202 6
 3342 38670 10
 3343 3867 1
 3344 7734 2
 3345 23202 6
 3346 54138 14
 3347 77340 20
 3348 11601 3
 3349 27069 7
 3350 69606 18
 3351 50271 13
 3352 42537 11
 3353 73473 19
 3354 34803 9
 3355 73473 19
 3356 54138 14
 3357 42537 11
 3358 42537 11
 3359 38670 10
 3360 34803 9
 3361 27069 7
 3362 65739 17
 3363 73473 19
 3364 61872 16
 3365 30936 8
 3366 3867 1
 3367 54138 14
 3368 15468 4
 3369 7734 2
 3370 23202 6
 3371 77340 20
 3372 54138 14
 3373 46404 12
 3374 19335 5
 3375 61872 16
 3376 19335 5
 3377 69606 18
 3378 38670 10
 3379 77340 20
 3380 46404 12
 3381 38670 10
 3382 61872 16
 3383 73473 19
 3384 73473 19
 3385 50271 13
 3386 50271 13
 3387 50271 13
 3388 34803 9
 3389 3867 1
 3390 38670 10
 3391 19335 5
 3392 23202 6
 3393 15468 4
 3394 7734 2
 3395 38670 10
 3396 23202 6
 3397 46404 12
 3398 23202 6
 3399 73473 19
 3400 11601 3
 3401 11601 3
 3402 30936 8
 3403 69606 18
 3404 38670 10
 3405 11601 3
 3406 34803 9
 3407 15468 4
 3408 7734 2
 3409 27069 7
 3410 3867 1
 3411 15468 4
 3412 50271 13
 3413 19335 5
 3414 3867 1
 3415 65739 17
 3416 54138 14
 3417 46404 12
 3418 27069 7
 3419 73473 19
 3420 27069 7
 3421 7734 2
 3422 19335 5
 3423 46404 12
 3424 65739 17
 3425 30936 8
 3426 58005 15
 3427 30936 8
 3428 30936 8
 3429 77340 20
 3430 19335 5
 3431 65739 17
 3432 69606 18
 3433 54138 14
 3434 50271 13
 3435 19335 5
 3436 54138 14
 3437 50271 13
 3438 73473 19
 3439 27069 7
 3440 61872 16
 3441 73473 19
 3442 19335 5
 3443 15468 4
 3444 42537 11
 3445 58005 15
 3446 54138 14
 3447 77340 20
 3448 77340 20
 3449 15468 4
 3450 15468 4
 3451 3867 1
 3452 46404 12
 3453 65739 17
 3454 34803 9
 3455 27069 7
 3456 65739 17
 3457 27069 7
 3458 34803 9
 3459 11601 3
 3460 42537 11
 3461 42537 11
 3462 58005 15
 3463 3867 1
 3464 19335 5
 3465 50271 13
 3466 38670 10
 3467 23202 6
 3468 7734 2
 3469 3867 1
 3470 27069 7
 3471 58005 15
 3472 11601 3
 3473 69606 18
 3474 54138 14
 3475 58005 15
 3476 34803 9
 3477 77340 20
 3478 77340 20
 3479 61872 16
 3480 19335 5
 3481 27069 7
 3482 46404 12
 3483 19335 5
 3484 19335 5
 3485 61872 16
 3486 19335 5
 3487 7734 2
 3488 38670 10
 3489 69606 18
 3490 54138 14
 3491 54138 14
 3492 3867 1
 3493 58005 15
 3494 7734 2
 3495 3867 1
 3496 58005 15
 3497 3867 1
 3498 23202 6
 3499 38670 10
 3500 34803 9
 3501 50271 13
 3502 30936 8
 3503 3867 1
 3504 19335 5
 3505 58005 15
 3506 65739 17
 3507 7734 2
 3508 54138 14
 3509 69606 18
 3510 11601 3
 3511 27069 7
 3512 7734 2
 3513 69606 18
 3514 65739 17
 3515 69606 18
 3516 73473 19
 3517 54138 14
 3518 15468 4
 3519 11601 3
 3520 34803 9
 3521 42537 11
 3522 61872 16
 3523 30936 8
 3524 54138 14
 3525 73473 19
 3526 7734 2
 3527 23202 6
 3528 77340 20
 3529 58005 15
 3530 58005 15
 3531 65739 17
 3532 58005 15
 3533 27069 7
 3534 23202 6
 3535 11601 3
 3536 77340 20
 3537 50271 13
 3538 7734 2
 3539 54138 14
 3540 42537 11
 3541 19335 5
 3542 27069 7
 3543 54138 14
 3544 11601 3
 3545 19335 5
 3546 38670 10
 3547 73473 19
 3548 30936 8
 3549 7734 2
 3550 23202 6
 3551 69606 18
 3552 65739 17
 3553 69606 18
 3554 42537 11
 3555 42537 11
 3556 19335 5
 3557 58005 15
 3558 50271 13
 3559 77340 20
 3560 34803 9
 3561 38670 10
 3562 42537 11
 3563 30936 8
 3564 3867 1
 3565 42537 11
 3566 15468 4
 3567 23202 6
 3568 3867 1
 3569 38670 10
 3570 30936 8
 3571 23202 6
 3572 27069 7
 3573 19335 5
 3574 42537 11
 3575 38670 10
 3576 34803 9
 3577 27069 7
 3578 34803 9
 3579 54138 14
 3580 11601 3
 3581 77340 20
 3582 73473 19
 3583 7734 2
 3584 30936 8
 3585 11601 3
 3586 27069 7
 3587 3867 1
 3588 30936 8
 3589 73473 19
 3590 38670 10
 3591 46404 12
 3592 61872 16
 3593 38670 10
 3594 73473 19
 3595 34803 9
 3596 15468 4
 3597 23202 6
 3598 69606 18
 3599 11601 3
 3600 19335 5
 3601 27069 7
 3602 19335 5
 3603 30936 8
 3604 19335 5
 3605 19335 5
 3606 73473 19
 3607 11601 3
 3608 11601 3
 3609 34803 9
 3610 3867 1
 3611 58005 15
 3612 54138 14
 3613 65739 17
 3614 73473 19
 3615 61872 16
 3616 34803 9
 3617 42537 11
 3618 77340 20
 3619 46404 12
 3620 58005 15
 3621 58005 15
 3622 50271 13
 3623 58005 15
 3624 27069 7
 3625 38670 10
 3626 58005 15
 3627 11601 3
 3628 38670 10
 3629 19335 5
 3630 11601 3
 3631 58005 15
 3632 23202 6
 3633 15468 4
 3634 34803 9
 3635 7734 2
 3636 3867 1
 3637 65739 17
 3638 54138 14
 3639 54138 14
 3640 77340 20
 3641 3867 1
 3642 7734 2
 3643 77340 20
 3644 73473 19
 3645 19335 5
 3646 61872 16
 3647 3867 1
 3648 19335 5
 3649 46404 12
 3650 7734 2
 3651 7734 2
 3652 34803 9
 3653 19335 5
 3654 23202 6
 3655 11601 3
 3656 27069 7
 3657 50271 13
 3658 3867 1
 3659 15468 4
 3660 27069 7
 3661 73473 19
 3662 7734 2
 3663 69606 18
 3664 19335 5
 3665 15468 4
 3666 69606 18
 3667 54138 14
 3668 50271 13
 3669 61872 16
 3670 30936 8
 3671 30936 8
 3672 19335 5
 3673 27069 7
 3674 46404 12
 3675 77340 20
 3676 11601 3
 3677 34803 9
 3678 15468 4
 3679 42537 11
 3680 50271 13
 3681 30936 8
 3682 30936 8
 3683 46404 12
 3684 65739 17
 3685 27069 7
 3686 38670 10
 3687 23202 6
 3688 58005 15
 3689 23202 6
 3690 42537 11
 3691 15468 4
 3692 38670 10
 3693 19335 5
 3694 61872 16
 3695 38670 10
 3696 42537 11
 3697 3867 1
 3698 42537 11
 3699 23202 6
 3700 54138 14
 3701 77340 20
 3702 46404 12
 3703 69606 18
 3704 77340 20
 3705 15468 4
 3706 73473 19
 3707 61872 16
 3708 73473 19
 3709 50271 13
 3710 58005 15
 3711 30936 8
 3712 38670 10
 3713 7734 2
 3714 15468 4
 3715 7734 2
 3716 30936 8
 3717 61872 16
 3718 42537 11
 3719 7734 2
 3720 19335 5
 3721 69606 18
 3722 65739 17
 3723 65739 17
 3724 42537 11
 3725 27069 7
 3726 38670 10
 3727 69606 18
 3728 34803 9
 3729 27069 7
 3730 54138 14
 3731 27069 7
 3732 34803 9
 3733 42537 11
 3734 77340 20
 3735 15468 4
 3736 23202 6
 3737 46404 12
 3738 19335 5
 3739 46404 12
 3740 19335 5
 3741 54138 14
 3742 65739 17
 3743 7734 2
 3744 7734 2
 3745 30936 8
 3746 50271 13
 3747 42537 11
 3748 58005 15
 3749 19335 5
 3750 58005 15
 3751 11601 3
 3752 65739 17
 3753 54138 14
 3754 7734 2
 3755 38670 10
 3756 65739 17
 3757 58005 15
 3758 3867 1
 3759 54138 14
 3760 42537 11
 3761 54138 14
 3762 27069 7
 3763 65739 17
 3764 11601 3
 3765 15468 4
 3766 54138 14
 3767 46404 12
 3768 58005 15
 3769 34803 9
 3770 27069 7
 3771 77340 20
 3772 61872 16
 3773 3867 1
 3774 38670 10
 3775 69606 18
 3776 38670 10
 3777 61872 16
 3778 27069 7
 3779 73473 19
 3780 3867 1
 3781 69606 18
 3782 23202 6
 3783 7734 2
 3784 65739 17
 3785 15468 4
 3786 38670 10
 3787 38670 10
 3788 3867 1
 3789 38670 10
 3790 19335 5
 3791 34803 9
 3792 11601 3
 3793 3867 1
 3794 73473 19
 3795 77340 20
 3796 58005 15
 3797 34803 9
 3798 69606 18
 3799 7734 2
 3800 69606 18
 3801 73473 19
 3802 54138 14
 3803 38670 10
 3804 11601 3
 3805 15468 4
 3806 7734 2
 3807 38670 10
 3808 3867 1
 3809 30936 8
 3810 73473 19
 3811 34803 9
 3812 42537 11
 3813 65739 17
 3814 27069 7
 3815 34803 9
 3816 15468 4
 3817 54138 14
 3818 46404 12
 3819 34803 9
 3820 58005 15
 3821 50271 13
 3822 34803 9
 3823 54138 14
 3824 65739 17
 3825 50271 13
 3826 27069 7
 3827 7734 2
 3828 77340 20
 3829 61872 16
 3830 46404 12
 3831 15468 4
 3832 3867 1
 3833 27069 7
 3834 38670 10
 3835 11601 3
 3836 3867 1
 3837 46404 12
 3838 34803 9
 3839 58005 15
 3840 7734 2
 3841 54138 14
 3842 58005 15
 3843 77340 20
 3844 65739 17
 3845 65739 17
 3846 46404 12
 3847 27069 7
 3848 11601 3
 3849 77340 20
 3850 61872 16
 3851 54138 14
 3852 34803 9
 3853 15468 4
 3854 19335 5
 3855 7734 2
 3856 23202 6
 3857 54138 14
 3858 54138 14
 3859 23202 6
 3860 34803 9
 3861 7734 2
 3862 50271 13
 3863 30936 8
 3864 65739 17
 3865 34803 9
 3866 19335 5
 3867 27069 7
7734