3867
 1 30936 8
 2 11598 3
 3 50245 13
 4 46368 12
 5 7726 2
 6 23172 6
 7 50193 13
 8 77200 20
 9 46308 12
 10 46296 12
 11 46284 12
 12 42416 11
 13 15420 4
 14 69372 18
 15 77060 20
 16 15408 4
 17 19255 5
 18 34650 9
 19 7698 2
 20 15392 4
 21 26929 7
 22 30768 8
 23 61520 16
 24 30752 8
 25 3843 1
 26 61472 16
 27 15364 4
 28 42240 11
 29 49907 13
 30 69084 18
 31 26859 7
 32 30688 8
 33 19175 5
 34 42174 11
 35 34497 9
 36 53648 14
 37 49803 13
 38 53620 14
 39 3829 1
 40 11484 3
 41 22962 6
 42 22956 6
 43 42075 11
 44 45888 12
 45 11469 3
 46 7644 2
 47 22926 6
 48 49660 13
 49 38190 10
 50 38180 10
 51 15268 4
 52 45792 12
 53 15260 4
 54 68652 18
 55 64821 17
 56 57180 15
 57 15244 4
 58 72390 19
 59 34281 9
 60 30464 8
 61 53298 14
 62 34254 9
 63 72295 19
 64 45648 12
 65 7606 2
 66 30416 8
 67 57015 15
 68 3800 1
 69 72181 19
 70 11394 3
 71 68346 18
 72 18980 5
 73 56925 15
 74 18970 5
 75 11379 3
 76 7584 2
 77 75820 20
 78 26530 7
 79 18945 5
 80 56820 15
 81 60592 16
 82 26502 7
 83 45420 12
 84 11352 3
 85 26481 7
 86 34038 9
 87 30248 8
 88 7560 2
 89 75580 20
 90 41558 11
 91 33993 9
 92 37760 10
 93 22650 6
 94 18870 5
 95 49049 13
 96 45264 12
 97 71649 19
 98 26390 7
 99 15076 4
 100 26376 7
 101 64039 17
 102 67788 18
 103 22590 6
 104 11292 3
 105 67734 18
 106 3762 1
 107 48893 13
 108 30080 8
 109 22554 6
 110 26306 7
 111 7514 2
 112 15024 4
 113 75100 20
 114 3754 1
 115 60048 16
 116 60032 16
 117 71269 19
 118 22500 6
 119 11247 3
 120 63716 17
 121 18735 5
 122 52444 14
 123 11235 3
 124 37440 10
 125 71117 19
 126 59872 16
 127 56115 15
 128 71060 19
 129 37390 10
 130 11214 3
 131 11211 3
 132 3736 1
 133 11205 3
 134 7468 2
 135 44796 12
 136 29856 8
 137 44772 12
 138 14920 4
 139 14916 4
 140 41008 11
 141 11181 3
 142 63342 17
 143 70775 19
 144 26068 7
 145 63291 17
 146 29776 8
 147 74420 20
 148 59520 16
 149 3719 1
 150 74360 20
 151 40887 11
 152 59456 16
 153 40865 11
 154 59424 16
 155 14852 4
 156 44544 12
 157 70509 19
 158 33390 9
 159 25963 7
 160 22248 6
 161 70433 19
 162 70414 19
 163 7410 2
 164 74080 20
 165 66654 18
 166 7404 2
 167 74020 20
 168 37000 10
 169 3699 1
 170 29584 8
 171 7394 2
 172 55440 15
 173 18475 5
 174 51716 14
 175 62781 17
 176 59072 16
 177 11073 3
 178 59040 16
 179 51646 14
 180 22128 6
 181 51618 14
 182 73720 20
 183 70015 19
 184 33156 9
 185 44196 12
 186 51548 14
 187 11043 3
 188 18400 5
 189 58864 16
 190 14712 4
 191 44124 12
 192 55140 15
 193 18375 5
 194 14696 4
 195 51422 14
 196 73440 20
 197 25697 7
 198 44040 12
 199 44028 12
 200 62356 17
 201 40337 11
 202 65988 18
 203 54975 15
 204 14656 4
 205 62271 17
 206 40282 11
 207 36610 10
 208 40260 11
 209 7318 2
 210 69502 19
 211 25599 7
 212 21936 6
 213 7310 2
 214 25578 7
 215 10959 3
 216 47476 13
 217 73020 20
 218 65700 18
 219 29192 8
 220 62016 17
 221 69293 19
 222 54690 15
 223 25515 7
 224 69236 19
 225 69217 19
 226 10926 3
 227 54615 15
 228 32760 9
 229 47307 13
 230 47294 13
 231 69103 19
 232 18180 5
 233 43620 12
 234 58144 16
 235 43596 12
 236 10896 3
 237 3631 1
 238 43560 12
 239 50806 14
 240 58048 16
 241 54405 15
 242 21756 6
 243 18125 5
 244 43488 12
 245 18115 5
 246 68818 19
 247 10863 3
 248 61540 17
 249 10857 3
 250 18090 5
 251 68723 19
 252 3616 1
 253 46995 13
 254 14456 4
 255 7226 2
 256 28896 8
 257 68609 19
 258 18050 5
 259 7218 2
 260 46904 13
 261 14428 4
 262 25242 7
 263 14420 4
 264 64872 18
 265 14412 4
 266 7204 2
 267 72020 20
 268 14400 4
 269 25193 7
 270 25186 7
 271 25179 7
 272 53940 15
 273 71900 20
 274 39534 11
 275 35930 10
 276 57472 16
 277 64638 18
 278 61030 17
 279 17945 5
 280 32292 9
 281 28696 8
 282 57376 16
 283 7170 2
 284 28672 8
 285 50162 14
 286 60894 17
 287 32229 9
 288 32220 9
 289 7158 2
 290 50092 14
 291 64386 18
 292 21456 6
 293 50050 14
 294 46462 13
 295 71460 20
 296 14288 4
 297 10713 3
 298 71400 20
 299 67811 19
 300 53520 15
 301 10701 3
 302 64188 18
 303 32085 9
 304 64152 18
 305 71260 20
 306 35620 10
 307 14244 4
 308 7120 2
 309 3559 1
 310 32022 9
 311 35570 10
 312 21336 6
 313 60435 17
 314 17770 5
 315 67507 19
 316 7104 2
 317 49714 14
 318 49700 14
 319 49686 14
 320 28384 8
 321 31923 9
 322 56736 16
 323 63810 18
 324 67336 19
 325 56688 16
 326 31878 9
 327 46033 13
 328 53100 15
 329 38929 11
 330 28304 8
 331 3537 1
 332 38896 11
 333 56560 16
 334 10602 3
 335 31797 9
 336 28256 8
 337 38841 11
 338 56480 16
 339 67051 19
 340 3528 1
 341 31743 9
 342 17630 5
 343 24675 7
 344 56384 16
 345 63414 18
 346 28176 8
 347 49294 14
 348 14080 4
 349 45747 13
 350 70360 20
 351 56272 16
 352 3516 1
 353 14060 4
 354 7028 2
 355 45669 13
 356 66728 19
 357 21066 6
 358 10530 3
 359 31581 9
 360 66652 19
 361 42084 12
 362 7012 2
 363 66595 19
 364 56064 16
 365 3503 1
 366 38522 11
 367 31509 9
 368 35000 10
 369 24493 7
 370 34980 10
 371 38467 11
 372 3496 1
 373 48930 14
 374 55904 16
 375 17465 5
 376 24444 7
 377 62838 18
 378 41880 12
 379 48846 14
 380 45344 13
 381 10461 3
 382 62748 18
 383 66215 19
 384 27872 8
 385 3483 1
 386 48748 14
 387 59177 17
 388 62640 18
 389 59143 17
 390 27824 8
 391 10431 3
 392 20856 6
 393 3475 1
 394 69480 20
 395 45149 13
 396 20832 6
 397 62478 18
 398 34700 10
 399 31221 9
 400 38148 11
 401 65873 19
 402 69320 20
 403 69300 20
 404 48496 14
 405 62334 18
 406 34620 10
 407 13844 4
 408 58820 17
 409 62262 18
 410 27664 8
 411 38027 11
 412 38016 11
 413 51825 15
 414 37994 11
 415 27624 8
 416 58684 17
 417 27608 8
 418 27600 8
 419 27592 8
 420 10344 3
 421 3447 1
 422 55136 16
 423 24115 7
 424 34440 10
 425 3443 1
 426 24094 7
 427 58497 17
 428 20640 6
 429 68780 20
 430 44694 13
 431 17185 5
 432 48104 14
 433 68700 20
 434 24038 7
 435 13732 4
 436 10296 3
 437 65189 19
 438 44590 13
 439 65151 19
 440 30852 9
 441 61686 18
 442 3426 1
 443 51375 15
 444 20544 6
 445 17115 5
 446 34220 10
 447 13684 4
 448 3420 1
 449 37609 11
 450 13672 4
 451 27336 8
 452 37576 11
 453 13660 4
 454 30726 9
 455 40956 12
 456 68240 20
 457 64809 19
 458 64790 19
 459 54544 16
 460 40896 12
 461 51105 15
 462 40872 12
 463 47670 14
 464 6808 2
 465 64657 19
 466 20412 6
 467 30609 9
 468 51000 15
 469 20394 6
 470 33980 10
 471 64543 19
 472 30564 9
 473 54320 16
 474 13576 4
 475 13572 4
 476 23744 7
 477 27128 8
 478 6780 2
 479 3389 1
 480 27104 8
 481 6774 2
 482 27088 8
 483 30465 9
 484 54144 16
 485 54128 16
 486 16910 5
 487 57477 17
 488 10140 3
 489 64201 19
 490 10134 3
 491 43901 13
 492 47264 14
 493 27000 8
 494 10122 3
 495 60714 18
 496 20232 6
 497 50565 15
 498 67400 20
 499 3369 1
 500 40416 12
 501 6734 2
 502 40392 12
 503 3365 1
 504 30276 9
 505 50445 15
 506 16810 5
 507 23527 7
 508 13440 4
 509 40308 12
 510 47012 14
 511 67140 20
 512 10068 3
 513 20130 6
 514 20124 6
 515 46942 14
 516 6704 2
 517 40212 12
 518 43550 13
 519 40188 12
 520 16740 5
 521 6694 2
 522 10038 3
 523 63555 19
 524 63536 19
 525 50145 15
 526 66840 20
 527 26728 8
 528 26720 8
 529 36729 11
 530 53408 16
 531 53392 16
 532 36696 11
 533 10005 3
 534 60012 18
 535 59994 18
 536 56644 17
 537 16655 5
 538 9990 3
 539 53264 16
 540 23296 7
 541 19962 6
 542 13304 4
 543 3325 1
 544 13296 4
 545 56491 17
 546 49830 15
 547 49815 15
 548 9960 3
 549 36509 11
 550 3318 1
 551 19902 6
 552 53056 16
 553 9945 3
 554 19884 6
 555 59634 18
 556 33120 10
 557 56287 17
 558 33100 10
 559 49635 15
 560 33080 10
 561 56219 17
 562 49590 15
 563 36355 11
 564 52864 16
 565 39636 12
 566 56134 17
 567 19806 6
 568 36300 11
 569 13196 4
 570 9894 3
 571 26376 8
 572 32960 10
 573 46130 14
 574 42822 13
 575 9879 3
 576 52672 16
 577 6582 2
 578 42770 13
 579 59202 18
 580 65760 20
 581 52592 16
 582 59148 18
 583 6570 2
 584 49260 15
 585 22981 7
 586 55794 17
 587 59058 18
 588 49200 15
 589 59022 18
 590 49170 15
 591 39324 12
 592 9828 3
 593 52400 16
 594 62206 19
 595 9819 3
 596 6544 2
 597 3271 1
 598 29430 9
 599 45766 14
 600 45752 14
 601 32670 10
 602 9798 3
 603 26120 8
 604 52224 16
 605 45682 14
 606 52192 16
 607 16305 5
 608 39120 12
 609 6518 2
 610 29322 9
 611 65140 20
 612 55352 17
 613 65100 20
 614 19524 6
 615 58554 18
 616 35772 11
 617 19506 6
 618 39000 12
 619 25992 8
 620 38976 12
 621 3247 1
 622 38952 12
 623 48675 15
 624 6488 2
 625 58374 18
 626 9726 3
 627 3241 1
 628 61560 19
 629 16195 5
 630 64760 20
 631 64740 20
 632 48540 15
 633 16175 5
 634 3234 1
 635 45262 14
 636 58176 18
 637 9693 3
 638 45220 14
 639 64580 20
 640 3228 1
 641 58086 18
 642 6452 2
 643 16125 5
 644 64480 20
 645 12892 4
 646 45108 14
 647 48315 15
 648 19320 6
 649 35409 11
 650 25744 8
 651 35387 11
 652 41808 13
 653 12860 4
 654 41782 13
 655 6426 2
 656 32120 10
 657 57798 18
 658 3210 1
 659 6418 2
 660 35288 11
 661 54519 17
 662 16030 5
 663 3205 1
 664 35244 11
 665 28827 9
 666 60838 19
 667 35211 11
 668 35200 11
 669 60781 19
 670 44772 14
 671 35167 11
 672 9588 3
 673 19170 6
 674 54298 17
 675 44702 14
 676 15960 5
 677 15955 5
 678 3190 1
 679 6378 2
 680 9564 3
 681 15935 5
 682 6372 2
 683 3185 1
 684 25472 8
 685 35013 11
 686 63640 20
 687 50896 16
 688 38160 12
 689 19074 6
 690 15890 5
 691 19062 6
 692 34936 11
 693 12700 4
 694 3174 1
 695 19038 6
 696 34892 11
 697 57078 18
 698 12680 4
 699 38028 12
 700 38016 12
 701 60173 19
 702 3166 1
 703 53805 17
 704 44296 14
 705 9489 3
 706 60078 19
 707 28449 9
 708 18960 6
 709 56862 18
 710 12632 4
 711 12628 4
 712 3156 1
 713 31550 10
 714 18924 6
 715 50448 16
 716 15760 5
 717 56718 18
 718 47250 15
 719 37788 12
 720 37776 12
 721 9441 3
 722 56628 18
 723 3145 1
 724 50304 16
 725 56574 18
 726 9426 3
 727 3141 1
 728 56520 18
 729 9417 3
 730 25104 8
 731 50192 16
 732 25088 8
 733 56430 18
 734 6268 2
 735 50128 16
 736 37584 12
 737 34441 11
 738 37560 12
 739 37548 12
 740 34408 11
 741 56286 18
 742 9378 3
 743 9375 3
 744 6248 2
 745 3123 1
 746 59318 19
 747 31210 10
 748 34320 11
 749 6238 2
 750 3118 1
 751 46755 15
 752 15580 5
 753 31150 10
 754 28026 9
 755 52921 17
 756 28008 9
 757 24888 8
 758 37320 12
 759 15545 5
 760 3108 1
 761 24856 8
 762 27954 9
 763 58995 19
 764 18624 6
 765 49648 16
 766 9306 3
 767 21707 7
 768 3100 1
 769 49584 16
 770 52666 17
 771 46455 15
 772 3096 1
 773 49520 16
 774 27846 9
 775 3093 1
 776 27828 9
 777 30910 10
 778 24720 8
 779 3089 1
 780 40144 13
 781 6174 2
 782 43204 14
 783 15425 5
 784 3084 1
 785 21581 7
 786 46230 15
 787 9243 3
 788 24640 8
 789 55422 18
 790 55404 18
 791 43078 14
 792 33836 11
 793 55350 18
 794 18444 6
 795 15365 5
 796 39936 13
 797 15355 5
 798 12280 4
 799 33759 11
 800 3068 1
 801 58273 19
 802 39858 13
 803 24520 8
 804 52088 17
 805 15315 5
 806 42868 14
 807 55098 18
 808 33660 11
 809 58121 19
 810 3058 1
 811 21399 7
 812 55008 18
 813 33605 11
 814 6108 2
 815 3053 1
 816 30520 10
 817 18306 6
 818 36600 12
 819 24392 8
 820 42672 14
 821 36564 12
 822 3046 1
 823 15225 5
 824 39572 13
 825 6086 2
 826 57798 19
 827 27369 9
 828 60800 20
 829 24312 8
 830 30380 10
 831 6074 2
 832 42504 14
 833 51595 17
 834 54612 18
 835 24264 8
 836 57608 19
 837 51527 17
 838 24240 8
 839 24232 8
 840 21196 7
 841 15135 5
 842 33286 11
 843 30250 10
 844 18144 6
 845 48368 16
 846 33242 11
 847 36252 12
 848 48320 16
 849 27171 9
 850 45270 15
 851 24136 8
 852 51272 17
 853 9045 3
 854 48224 16
 855 9039 3
 856 39156 13
 857 42154 14
 858 36120 12
 859 33099 11
 860 57152 19
 861 54126 18
 862 24048 8
 863 3005 1
 864 60080 20
 865 21021 7
 866 36024 12
 867 48016 16
 868 18000 6
 869 29990 10
 870 44970 15
 871 32967 11
 872 56924 19
 873 20965 7
 874 17964 6
 875 2993 1
 876 32912 11
 877 17946 6
 878 8970 3
 879 20923 7
 880 56772 19
 881 50779 17
 882 2986 1
 883 44775 15
 884 14920 5
 885 59660 20
 886 23856 8
 887 59620 20
 888 32780 11
 889 50643 17
 890 2978 1
 891 14885 5
 892 23808 8
 893 38675 13
 894 20818 7
 895 20811 7
 896 53496 18
 897 53478 18
 898 14850 5
 899 8907 3
 900 47488 16
 901 50439 17
 902 8898 3
 903 20755 7
 904 2964 1
 905 35556 12
 906 47392 16
 907 29610 10
 908 8880 3
 909 20713 7
 910 14790 5
 911 56183 19
 912 26604 9
 913 44325 15
 914 26586 9
 915 5906 2
 916 35424 12
 917 53118 18
 918 47200 16
 919 41286 14
 920 29480 10
 921 41258 14
 922 14730 5
 923 11780 4
 924 20608 7
 925 35316 12
 926 23536 8
 927 5882 2
 928 55860 19
 929 11756 4
 930 2938 1
 931 20559 7
 932 41104 14
 933 2935 1
 934 44010 15
 935 14665 5
 936 26388 9
 937 29310 10
 938 49810 17
 939 5858 2
 940 23424 8
 941 52686 18
 942 20482 7
 943 5850 2
 944 35088 12
 945 29230 10
 946 55518 19
 947 37973 13
 948 11680 4
 949 46704 16
 950 55442 19
 951 5834 2
 952 55404 19
 953 26235 9
 954 17484 6
 955 40782 14
 956 46592 16
 957 26199 9
 958 11640 4
 959 20363 7
 960 52344 18
 961 5814 2
 962 55214 19
 963 43575 15
 964 29040 10
 965 17418 6
 966 14510 5
 967 31911 11
 968 23200 8
 969 8697 3
 970 2898 1
 971 55043 19
 972 49232 17
 973 43425 15
 974 57880 20
 975 20251 7
 976 23136 8
 977 34692 12
 978 46240 16
 979 17334 6
 980 14440 5
 981 57740 20
 982 8658 3
 983 17310 6
 984 46144 16
 985 28830 10
 986 46112 16
 987 2881 1
 988 46080 16
 989 2879 1
 990 43170 15
 991 2877 1
 992 17256 6
 993 14375 5
 994 51732 18
 995 48841 17
 996 54568 19
 997 17226 6
 998 31570 11
 999 8607 3
 1000 14340 5
 1001 22936 8
 1002 17196 6
 1003 22920 8
 1004 11456 4
 1005 20041 7
 1006 42930 15
 1007 28610 10
 1008 48620 17
 1009 57180 20
 1010 28580 10
 1011 54283 19
 1012 28560 10
 1013 39970 14
 1014 17124 6
 1015 51354 18
 1016 28520 10
 1017 42765 15
 1018 11400 4
 1019 37037 13
 1020 51264 18
 1021 8541 3
 1022 17076 6
 1023 45520 16
 1024 45504 16
 1025 14215 5
 1026 36946 13
 1027 42615 15
 1028 42600 15
 1029 36907 13
 1030 17028 6
 1031 11348 4
 1032 31196 11
 1033 56700 20
 1034 5668 2
 1035 33996 12
 1036 22656 8
 1037 14155 5
 1038 42450 15
 1039 2829 1
 1040 14140 5
 1041 16962 6
 1042 31086 11
 1043 53675 19
 1044 45184 16
 1045 39522 14
 1046 47974 17
 1047 5642 2
 1048 39480 14
 1049 19733 7
 1050 28180 10
 1051 11268 4
 1052 2816 1
 1053 30965 11
 1054 25326 9
 1055 19691 7
 1056 19684 7
 1057 2811 1
 1058 19670 7
 1059 42135 15
 1060 30888 11
 1061 42105 15
 1062 56120 20
 1063 36465 13
 1064 22432 8
 1065 50454 18
 1066 53238 19
 1067 16806 6
 1068 36400 13
 1069 27990 10
 1070 55960 20
 1071 19579 7
 1072 19572 7
 1073 25155 9
 1074 55880 20
 1075 30723 11
 1076 39088 14
 1077 47447 17
 1078 16740 6
 1079 30679 11
 1080 39032 14
 1081 44592 16
 1082 55720 20
 1083 47345 17
 1084 38976 14
 1085 25047 9
 1086 16692 6
 1087 22248 8
 1088 38920 14
 1089 30569 11
 1090 52782 19
 1091 8331 3
 1092 27760 10
 1093 2775 1
 1094 44384 16
 1095 41595 15
 1096 36036 13
 1097 8313 3
 1098 33240 12
 1099 13845 5
 1100 13840 5
 1101 30437 11
 1102 52554 19
 1103 47005 17
 1104 24876 9
 1105 46971 17
 1106 22096 8
 1107 35893 13
 1108 55200 20
 1109 46903 17
 1110 30338 11
 1111 8271 3
 1112 5512 2
 1113 55100 20
 1114 8262 3
 1115 8259 3
 1116 24768 9
 1117 49518 18
 1118 44000 16
 1119 19243 7
 1120 52212 19
 1121 13735 5
 1122 35698 13
 1123 24705 9
 1124 8232 3
 1125 41145 15
 1126 52098 19
 1127 54820 20
 1128 24660 9
 1129 2739 1
 1130 30118 11
 1131 27370 10
 1132 46512 17
 1133 46495 17
 1134 10936 4
 1135 43728 16
 1136 43712 16
 1137 30041 11
 1138 10920 4
 1139 10916 4
 1140 16368 6
 1141 2727 1
 1142 38164 14
 1143 27250 10
 1144 27240 10
 1145 43568 16
 1146 2722 1
 1147 29931 11
 1148 8160 3
 1149 51661 19
 1150 29898 11
 1151 29887 11
 1152 40740 15
 1153 35295 13
 1154 32568 12
 1155 21704 8
 1156 13560 5
 1157 40665 15
 1158 32520 12
 1159 18963 7
 1160 29788 11
 1161 35191 13
 1162 32472 12
 1163 45985 17
 1164 29744 11
 1165 2703 1
 1166 43232 16
 1167 27010 10
 1168 2700 1
 1169 13495 5
 1170 48564 18
 1171 40455 15
 1172 16176 6
 1173 24255 9
 1174 32328 12
 1175 32316 12
 1176 24228 9
 1177 51129 19
 1178 24210 9
 1179 45713 17
 1180 10752 4
 1181 51053 19
 1182 18802 7
 1183 42960 16
 1184 40260 15
 1185 45611 17
 1186 10728 4
 1187 37534 14
 1188 18760 7
 1189 26790 10
 1190 5356 2
 1191 50863 19
 1192 5352 2
 1193 37450 14
 1194 21392 8
 1195 50787 19
 1196 37408 14
 1197 16026 6
 1198 32040 12
 1199 26690 10
 1200 13340 5
 1201 18669 7
 1202 5332 2
 1203 26650 10
 1204 53280 20
 1205 50597 19
 1206 15972 6
 1207 29271 11
 1208 31920 12
 1209 47862 18
 1210 13290 5
 1211 18599 7
 1212 5312 2
 1213 7965 3
 1214 50426 19
 1215 50407 19
 1216 13260 5
 1217 50369 19
 1218 7950 3
 1219 7947 3
 1220 21184 8
 1221 5294 2
 1222 29106 11
 1223 31740 12
 1224 37016 14
 1225 10572 4
 1226 10568 4
 1227 34333 13
 1228 47520 18
 1229 42224 16
 1230 10552 4
 1231 2637 1
 1232 5272 2
 1233 31620 12
 1234 7902 3
 1235 31596 12
 1236 26320 10
 1237 42096 16
 1238 31560 12
 1239 36806 14
 1240 2628 1
 1241 34151 13
 1242 15756 6
 1243 2625 1
 1244 34112 13
 1245 18361 7
 1246 5244 2
 1247 31452 12
 1248 47160 18
 1249 36666 14
 1250 34034 13
 1251 47106 18
 1252 26160 10
 1253 2615 1
 1254 31368 12
 1255 39195 15
 1256 49628 19
 1257 52220 20
 1258 52200 20
 1259 49571 19
 1260 49552 19
 1261 44319 17
 1262 7818 3
 1263 23445 9
 1264 52080 20
 1265 44251 17
 1266 52040 20
 1267 18207 7
 1268 44200 17
 1269 18193 7
 1270 10392 4
 1271 36358 14
 1272 15576 6
 1273 7785 3
 1274 15564 6
 1275 25930 10
 1276 41472 16
 1277 18137 7
 1278 5180 2
 1279 15534 6
 1280 43996 17
 1281 5174 2
 1282 31032 12
 1283 51700 20
 1284 18088 7
 1285 30996 12
 1286 43894 17
 1287 25810 10
 1288 46440 18
 1289 41264 16
 1290 33514 13
 1291 41232 16
 1292 33488 13
 1293 25750 10
 1294 46332 18
 1295 7719 3
 1296 28292 11
 1297 46278 18
 1298 25700 10
 1299 10276 4
 1300 12840 5
 1301 5134 2
 1302 25660 10
 1303 25650 10
 1304 41024 16
 1305 23067 9
 1306 46116 18
 1307 17927 7
 1308 17920 7
 1309 43503 17
 1310 40928 16
 1311 46026 18
 1312 28116 11
 1313 28105 11
 1314 20432 8
 1315 33189 13
 1316 28072 11
 1317 5102 2
 1318 20400 8
 1319 20392 8
 1320 30576 12
 1321 25470 10
 1322 25460 10
 1323 20360 8
 1324 35616 14
 1325 10172 4
 1326 7626 3
 1327 17787 7
 1328 35560 14
 1329 5078 2
 1330 38070 15
 1331 15222 6
 1332 5072 2
 1333 50700 20
 1334 12670 5
 1335 43061 17
 1336 32916 13
 1337 25310 10
 1338 40480 16
 1339 37935 15
 1340 32864 13
 1341 32851 13
 1342 37890 15
 1343 42925 17
 1344 35336 14
 1345 12615 5
 1346 40352 16
 1347 20168 8
 1348 45360 18
 1349 45342 18
 1350 42806 17
 1351 45306 18
 1352 10064 4
 1353 20120 8
 1354 27654 11
 1355 50260 20
 1356 15072 6
 1357 22599 9
 1358 27610 11
 1359 22581 9
 1360 47652 19
 1361 35098 14
 1362 20048 8
 1363 30060 12
 1364 35056 14
 1365 17521 7
 1366 2502 1
 1367 22509 9
 1368 25000 10
 1369 12495 5
 1370 14988 6
 1371 4994 2
 1372 39936 16
 1373 37425 15
 1374 29928 12
 1375 14958 6
 1376 7476 3
 1377 42347 17
 1378 47310 19
 1379 17423 7
 1380 2488 1
 1381 12435 5
 1382 12430 5
 1383 2485 1
 1384 14904 6
 1385 39728 16
 1386 7446 3
 1387 49620 20
 1388 22320 9
 1389 17353 7
 1390 39648 16
 1391 19816 8
 1392 32188 13
 1393 14850 6
 1394 22266 9
 1395 34622 14
 1396 19776 8
 1397 14826 6
 1398 7410 3
 1399 32097 13
 1400 12340 5
 1401 29604 12
 1402 46854 19
 1403 9860 4
 1404 9856 4
 1405 7389 3
 1406 17234 7
 1407 31993 13
 1408 34440 14
 1409 9836 4
 1410 2458 1
 1411 44226 18
 1412 24560 10
 1413 24550 10
 1414 9816 4
 1415 24530 10
 1416 29424 12
 1417 4902 2
 1418 36750 15
 1419 34286 14
 1420 12240 5
 1421 7341 3
 1422 12230 5
 1423 17115 7
 1424 41548 17
 1425 48860 20
 1426 24420 10
 1427 36615 15
 1428 2440 1
 1429 21951 9
 1430 34132 14
 1431 7311 3
 1432 19488 8
 1433 43830 18
 1434 43812 18
 1435 9732 4
 1436 21888 9
 1437 48620 20
 1438 36450 15
 1439 19432 8
 1440 46132 19
 1441 48540 20
 1442 4852 2
 1443 46075 19
 1444 48480 20
 1445 31499 13
 1446 36330 15
 1447 16947 7
 1448 48400 20
 1449 16933 7
 1450 21762 9
 1451 4834 2
 1452 48320 20
 1453 7245 3
 1454 26554 11
 1455 21717 9
 1456 24120 10
 1457 19288 8
 1458 40970 17
 1459 48180 20
 1460 14448 6
 1461 4814 2
 1462 12030 5
 1463 33670 14
 1464 12020 5
 1465 14418 6
 1466 33628 14
 1467 9604 4
 1468 26400 11
 1469 33586 14
 1470 14388 6
 1471 4794 2
 1472 45524 19
 1473 47900 20
 1474 4788 2
 1475 38288 16
 1476 45448 19
 1477 26301 11
 1478 19120 8
 1479 23890 10
 1480 38208 16
 1481 26257 11
 1482 33404 14
 1483 38160 16
 1484 2384 1
 1485 45277 19
 1486 9528 4
 1487 14286 6
 1488 4760 2
 1489 7137 3
 1490 16646 7
 1491 2377 1
 1492 28512 12
 1493 33250 14
 1494 45106 19
 1495 7119 3
 1496 45068 19
 1497 2371 1
 1498 23700 10
 1499 26059 11
 1500 9472 4
 1501 28404 12
 1502 26026 11
 1503 47300 20
 1504 21276 9
 1505 35445 15
 1506 35430 15
 1507 18888 8
 1508 42480 18
 1509 42462 18
 1510 2358 1
 1511 9428 4
 1512 32984 14
 1513 30615 13
 1514 7062 3
 1515 18824 8
 1516 25872 11
 1517 16457 7
 1518 25850 11
 1519 30537 13
 1520 14088 6
 1521 28164 12
 1522 21114 9
 1523 42210 18
 1524 7032 3
 1525 16401 7
 1526 37472 16
 1527 37456 16
 1528 11700 5
 1529 32746 14
 1530 30394 13
 1531 23370 10
 1532 25696 11
 1533 46700 20
 1534 37344 16
 1535 9332 4
 1536 27984 12
 1537 6993 3
 1538 11650 5
 1539 2329 1
 1540 13968 6
 1541 6981 3
 1542 18608 8
 1543 11625 5
 1544 11620 5
 1545 20907 9
 1546 27864 12
 1547 27852 12
 1548 46400 20
 1549 20871 9
 1550 2318 1
 1551 34755 15
 1552 18528 8
 1553 6945 3
 1554 4628 2
 1555 32382 14
 1556 23120 10
 1557 16177 7
 1558 43890 19
 1559 23090 10
 1560 25388 11
 1561 27684 12
 1562 43814 19
 1563 27660 12
 1564 41472 18
 1565 43757 19
 1566 20718 9
 1567 23010 10
 1568 16100 7
 1569 39083 17
 1570 16086 7
 1571 34455 15
 1572 25256 11
 1573 11475 5
 1574 11470 5
 1575 13758 6
 1576 13752 6
 1577 41238 18
 1578 20610 9
 1579 20601 9
 1580 6864 3
 1581 22870 10
 1582 2286 1
 1583 27420 12
 1584 15988 7
 1585 9132 4
 1586 11410 5
 1587 9124 4
 1588 43320 19
 1589 22790 10
 1590 36448 16
 1591 22770 10
 1592 9104 4
 1593 22750 10
 1594 45480 20
 1595 4546 2
 1596 20448 9
 1597 2271 1
 1598 36320 16
 1599 18152 8
 1600 36288 16
 1601 38539 17
 1602 6798 3
 1603 38505 17
 1604 45280 20
 1605 6789 3
 1606 4524 2
 1607 45220 20
 1608 33900 15
 1609 31626 14
 1610 9032 4
 1611 13542 6
 1612 24816 11
 1613 45100 20
 1614 42826 19
 1615 36048 16
 1616 13512 6
 1617 15757 7
 1618 40500 18
 1619 40482 18
 1620 40464 18
 1621 4494 2
 1622 13476 6
 1623 31430 14
 1624 42636 19
 1625 17944 8
 1626 6726 3
 1627 40338 18
 1628 17920 8
 1629 33585 15
 1630 6714 3
 1631 42503 19
 1632 29068 13
 1633 31290 14
 1634 8936 4
 1635 29029 13
 1636 4464 2
 1637 22310 10
 1638 20070 9
 1639 4458 2
 1640 24508 11
 1641 2227 1
 1642 8904 4
 1643 35600 16
 1644 35584 16
 1645 40014 18
 1646 44440 20
 1647 2221 1
 1648 22200 10
 1649 28847 13
 1650 22180 10
 1651 28821 13
 1652 15512 7
 1653 28795 13
 1654 17712 8
 1655 33195 15
 1656 22120 10
 1657 19899 9
 1658 35360 16
 1659 13254 6
 1660 17664 8
 1661 26484 12
 1662 22060 10
 1663 15435 7
 1664 39672 18
 1665 2203 1
 1666 4404 2
 1667 15407 7
 1668 13200 6
 1669 37383 17
 1670 8792 4
 1671 43940 20
 1672 32940 15
 1673 2195 1
 1674 37298 17
 1675 35088 16
 1676 32880 15
 1677 8764 4
 1678 41610 19
 1679 19701 9
 1680 43760 20
 1681 30618 14
 1682 19674 9
 1683 26220 12
 1684 19656 9
 1685 4366 2
 1686 39276 18
 1687 34896 16
 1688 17440 8
 1689 8716 4
 1690 23958 11
 1691 28301 13
 1692 36992 17
 1693 28275 13
 1694 23914 11
 1695 10865 5
 1696 13032 6
 1697 21710 10
 1698 26040 12
 1699 6507 3
 1700 4336 2
 1701 19503 9
 1702 43320 20
 1703 19485 9
 1704 8656 4
 1705 34608 16
 1706 21620 10
 1707 4322 2
 1708 43200 20
 1709 32385 15
 1710 12948 6
 1711 6471 3
 1712 2156 1
 1713 43100 20
 1714 28002 13
 1715 2153 1
 1716 8608 4
 1717 6453 3
 1718 10750 5
 1719 40831 19
 1720 36516 17
 1721 10735 5
 1722 10730 5
 1723 10725 5
 1724 23584 11
 1725 27859 13
 1726 29988 14
 1727 2141 1
 1728 8560 4
 1729 27807 13
 1730 23518 11
 1731 38466 18
 1732 40584 19
 1733 19215 9
 1734 14938 7
 1735 8532 4
 1736 42640 20
 1737 12786 6
 1738 17040 8
 1739 23419 11
 1740 8512 4
 1741 14889 7
 1742 17008 8
 1743 31875 15
 1744 4248 2
 1745 19107 9
 1746 38196 18
 1747 36057 17
 1748 33920 16
 1749 42380 20
 1750 16944 8
 1751 2117 1
 1752 33856 16
 1753 27495 13
 1754 16912 8
 1755 12678 6
 1756 10560 5
 1757 10555 5
 1758 23210 11
 1759 27417 13
 1760 23188 11
 1761 12642 6
 1762 31590 15
 1763 10525 5
 1764 29456 14
 1765 25236 12
 1766 10510 5
 1767 6303 3
 1768 25200 12
 1769 8396 4
 1770 14686 7
 1771 4194 2
 1772 18864 9
 1773 29330 14
 1774 35598 17
 1775 25116 12
 1776 14644 7
 1777 16728 8
 1778 37620 18
 1779 16712 8
 1780 2088 1
 1781 33392 16
 1782 35462 17
 1783 6255 3
 1784 12504 6
 1785 14581 7
 1786 41640 20
 1787 22891 11
 1788 4160 2
 1789 10395 5
 1790 10390 5
 1791 10385 5
 1792 29064 14
 1793 20750 10
 1794 41480 20
 1795 2073 1
 1796 10360 5
 1797 10355 5
 1798 18630 9
 1799 41380 20
 1800 10340 5
 1801 16536 8
 1802 33056 16
 1803 12390 6
 1804 10320 5
 1805 12378 6
 1806 28868 14
 1807 12366 6
 1808 18540 9
 1809 12354 6
 1810 39102 19
 1811 2057 1
 1812 24672 12
 1813 32880 16
 1814 2054 1
 1815 14371 7
 1816 8208 4
 1817 16408 8
 1818 32800 16
 1819 30735 15
 1820 12288 6
 1821 4094 2
 1822 18414 9
 1823 18405 9
 1824 28616 14
 1825 10215 5
 1826 26546 13
 1827 4082 2
 1828 2040 1
 1829 26507 13
 1830 36684 18
 1831 24444 12
 1832 22396 11
 1833 6105 3
 1834 32544 16
 1835 18297 9
 1836 36576 18
 1837 22341 11
 1838 30450 15
 1839 20290 10
 1840 4056 2
 1841 24324 12
 1842 8104 4
 1843 36450 18
 1844 2024 1
 1845 12138 6
 1846 40440 20
 1847 24252 12
 1848 40400 20
 1849 36342 18
 1850 32288 16
 1851 26221 13
 1852 14112 7
 1853 18135 9
 1854 32224 16
 1855 40260 20
 1856 40240 20
 1857 36198 18
 1858 22110 11
 1859 12054 6
 1860 6024 3
 1861 8028 4
 1862 24072 12
 1863 26065 13
 1864 38076 19
 1865 16024 8
 1866 24024 12
 1867 10005 5
 1868 8000 4
 1869 17991 9
 1870 3996 2
 1871 11982 6
 1872 17964 9
 1873 9975 5
 1874 11964 6
 1875 9965 5
 1876 15936 8
 1877 31856 16
 1878 39800 20
 1879 11934 6
 1880 39760 20
 1881 33779 17
 1882 9930 5
 1883 27790 14
 1884 13888 7
 1885 19830 10
 1886 23784 12
 1887 31696 16
 1888 15840 8
 1889 19790 10
 1890 33626 17
 1891 27678 14
 1892 5928 3
 1893 5925 3
 1894 5922 3
 1895 31568 16
 1896 37468 19
 1897 15768 8
 1898 19700 10
 1899 17721 9
 1900 21648 11
 1901 35406 18
 1902 29490 15
 1903 33405 17
 1904 13748 7
 1905 5889 3
 1906 37278 19
 1907 3922 2
 1908 35280 18
 1909 29385 15
 1910 15664 8
 1911 13699 7
 1912 9780 5
 1913 13685 7
 1914 7816 4
 1915 37107 19
 1916 29280 15
 1917 1951 1
 1918 39000 20
 1919 38980 20
 1920 5844 3
 1921 5841 3
 1922 29190 15
 1923 23340 12
 1924 17496 9
 1925 13601 7
 1926 29130 15
 1927 31056 16
 1928 31040 16
 1929 32963 17
 1930 29070 15
 1931 7748 4
 1932 1936 1
 1933 38700 20
 1934 17406 9
 1935 5799 3
 1936 1932 1
 1937 23172 12
 1938 15440 8
 1939 17361 9
 1940 26992 14
 1941 19270 10
 1942 36594 19
 1943 5775 3
 1944 15392 8
 1945 5769 3
 1946 5766 3
 1947 13447 7
 1948 17280 9
 1949 28785 15
 1950 26852 14
 1951 15336 8
 1952 7664 4
 1953 21065 11
 1954 5742 3
 1955 11478 6
 1956 1912 1
 1957 32487 17
 1958 13370 7
 1959 24817 13
 1960 19080 10
 1961 24791 13
 1962 32402 17
 1963 9525 5
 1964 7616 4
 1965 15224 8
 1966 28530 15
 1967 11406 6
 1968 34200 18
 1969 18990 10
 1970 32266 17
 1971 13279 7
 1972 7584 4
 1973 17055 9
 1974 1894 1
 1975 3786 2
 1976 5676 3
 1977 22692 12
 1978 3780 2
 1979 11334 6
 1980 30208 16
 1981 13209 7
 1982 28290 15
 1983 33930 18
 1984 16956 9
 1985 20713 11
 1986 11292 6
 1987 26334 14
 1988 28200 15
 1989 37580 20
 1990 20658 11
 1991 9385 5
 1992 26264 14
 1993 16875 9
 1994 31858 17
 1995 28095 15
 1996 18720 10
 1997 20581 11
 1998 18700 10
 1999 3738 2
 2000 5604 3
 2001 28005 15
 2002 29856 16
 2003 13055 7
 2004 14912 8
 2005 13041 7
 2006 7448 4
 2007 1861 1
 2008 5580 3
 2009 24167 13
 2010 9290 5
 2011 18570 10
 2012 37120 20
 2013 7420 4
 2014 12978 7
 2015 35207 19
 2016 31484 17
 2017 14808 8
 2018 24050 13
 2019 25886 14
 2020 24024 13
 2021 1847 1
 2022 31382 17
 2023 31365 17
 2024 3688 2
 2025 14744 8
 2026 36840 20
 2027 14728 8
 2028 9200 5
 2029 7356 4
 2030 12866 7
 2031 3674 2
 2032 25704 14
 2033 20185 11
 2034 25676 14
 2035 21996 12
 2036 7328 4
 2037 12817 7
 2038 32940 18
 2039 1829 1
 2040 23764 13
 2041 25578 14
 2042 27390 15
 2043 29200 16
 2044 1824 1
 2045 27345 15
 2046 1822 1
 2047 12747 7
 2048 36400 20
 2049 25466 14
 2050 1818 1
 2051 5451 3
 2052 14528 8
 2053 34485 19
 2054 1814 1
 2055 7252 4
 2056 23556 13
 2057 14488 8
 2058 23530 13
 2059 36180 20
 2060 1808 1
 2061 1807 1
 2062 27090 15
 2063 25270 14
 2064 9020 5
 2065 7212 4
 2066 36040 20
 2067 10806 6
 2068 21600 12
 2069 3598 2
 2070 35960 20
 2071 25158 14
 2072 12572 7
 2073 21540 12
 2074 7176 4
 2075 32274 18
 2076 5376 3
 2077 23283 13
 2078 21480 12
 2079 21468 12
 2080 3576 2
 2081 21444 12
 2082 28576 16
 2083 33915 19
 2084 7136 4
 2085 33877 19
 2086 23166 13
 2087 32058 18
 2088 3560 2
 2089 32022 18
 2090 30226 17
 2091 19547 11
 2092 10656 6
 2093 5325 3
 2094 33706 19
 2095 24822 14
 2096 19492 11
 2097 19481 11
 2098 15930 9
 2099 14152 8
 2100 22984 13
 2101 17670 10
 2102 1766 1
 2103 35300 20
 2104 31752 18
 2105 8815 5
 2106 1762 1
 2107 31698 18
 2108 5280 3
 2109 21108 12
 2110 28128 16
 2111 17570 10
 2112 12292 7
 2113 1755 1
 2114 35080 20
 2115 28048 16
 2116 35040 20
 2117 26265 15
 2118 19250 11
 2119 33231 19
 2120 12236 7
 2121 31446 18
 2122 17460 10
 2123 5235 3
 2124 20928 12
 2125 10458 6
 2126 31356 18
 2127 10446 6
 2128 15660 9
 2129 26085 15
 2130 3476 2
 2131 27792 16
 2132 29512 17
 2133 22555 13
 2134 19074 11
 2135 6932 4
 2136 12124 7
 2137 10386 6
 2138 6920 4
 2139 17290 10
 2140 25920 15
 2141 27632 16
 2142 27616 16
 2143 34500 20
 2144 25860 15
 2145 6892 4
 2146 1722 1
 2147 30978 18
 2148 3440 2
 2149 18909 11
 2150 13744 8
 2151 6868 4
 2152 6864 4
 2153 8575 5
 2154 1714 1
 2155 6852 4
 2156 10272 6
 2157 18821 11
 2158 23940 14
 2159 6836 4
 2160 27328 16
 2161 18777 11
 2162 22178 13
 2163 27280 16
 2164 10224 6
 2165 20436 12
 2166 1702 1
 2167 10206 6
 2168 8500 5
 2169 1699 1
 2170 8490 5
 2171 1697 1
 2172 10176 6
 2173 11865 7
 2174 18634 11
 2175 6772 4
 2176 8460 5
 2177 13528 8
 2178 25350 15
 2179 13512 8
 2180 11816 7
 2181 26992 16
 2182 18546 11
 2183 13480 8
 2184 28628 17
 2185 11781 7
 2186 11774 7
 2187 20172 12
 2188 1680 1
 2189 8395 5
 2190 1678 1
 2191 6708 4
 2192 18436 11
 2193 28475 17
 2194 30132 18
 2195 13384 8
 2196 28424 17
 2197 25065 15
 2198 6680 4
 2199 11683 7
 2200 25020 15
 2201 30006 18
 2202 4998 3
 2203 33300 20
 2204 33280 20
 2205 14967 9
 2206 3324 2
 2207 28237 17
 2208 16600 10
 2209 13272 8
 2210 26528 16
 2211 9942 6
 2212 3312 2
 2213 4965 3
 2214 16540 10
 2215 19836 12
 2216 6608 4
 2217 24765 15
 2218 1650 1
 2219 3298 2
 2220 16480 10
 2221 14823 9
 2222 26336 16
 2223 16450 10
 2224 29592 18
 2225 29574 18
 2226 8210 5
 2227 16410 10
 2228 16400 10
 2229 14751 9
 2230 18018 11
 2231 24555 15
 2232 29448 18
 2233 27795 17
 2234 14706 9
 2235 3266 2
 2236 6528 4
 2237 16310 10
 2238 16300 10
 2239 29322 18
 2240 1628 1
 2241 9762 6
 2242 17886 11
 2243 24375 15
 2244 4872 3
 2245 24345 15
 2246 30818 19
 2247 21073 13
 2248 32400 20
 2249 9714 6
 2250 16180 10
 2251 22638 14
 2252 9696 6
 2253 24225 15
 2254 8070 5
 2255 1613 1
 2256 22568 14
 2257 25776 16
 2258 27370 17
 2259 14481 9
 2260 28944 18
 2261 12856 8
 2262 8030 5
 2263 8025 5
 2264 4812 3
 2265 14427 9
 2266 9612 6
 2267 3202 2
 2268 1600 1
 2269 1599 1
 2270 30362 19
 2271 4791 3
 2272 19152 12
 2273 31900 20
 2274 23910 15
 2275 9558 6
 2276 14328 9
 2277 25456 16
 2278 31800 20
 2279 17479 11
 2280 14292 9
 2281 22218 14
 2282 14274 9
 2283 14265 9
 2284 19008 12
 2285 31660 20
 2286 14238 9
 2287 18972 12
 2288 22120 14
 2289 4737 3
 2290 31560 20
 2291 12616 8
 2292 23640 15
 2293 25200 16
 2294 6296 4
 2295 14157 9
 2296 29868 19
 2297 25136 16
 2298 17270 11
 2299 28242 18
 2300 26656 17
 2301 20371 13
 2302 26622 17
 2303 12520 8
 2304 28152 18
 2305 20319 13
 2306 18744 12
 2307 6244 4
 2308 3120 2
 2309 31180 20
 2310 29602 19
 2311 9342 6
 2312 14004 9
 2313 18660 12
 2314 1554 1
 2315 12424 8
 2316 24832 16
 2317 10857 7
 2318 20150 13
 2319 15490 10
 2320 26316 17
 2321 24752 16
 2322 17006 11
 2323 10815 7
 2324 16984 11
 2325 24688 16
 2326 27756 18
 2327 18492 12
 2328 29260 19
 2329 3078 2
 2330 30760 20
 2331 9222 6
 2332 18432 12
 2333 21490 14
 2334 1534 1
 2335 6132 4
 2336 12256 8
 2337 13779 9
 2338 22950 15
 2339 6116 4
 2340 24448 16
 2341 19851 13
 2342 25942 17
 2343 18300 12
 2344 15240 10
 2345 10661 7
 2346 6088 4
 2347 4563 3
 2348 13680 9
 2349 24304 16
 2350 3036 2
 2351 19721 13
 2352 30320 20
 2353 16665 11
 2354 10598 7
 2355 7565 5
 2356 12096 8
 2357 25687 17
 2358 27180 18
 2359 15090 10
 2360 28652 19
 2361 3014 2
 2362 3012 2
 2363 4515 3
 2364 30080 20
 2365 30060 20
 2366 18024 12
 2367 12008 8
 2368 7500 5
 2369 1499 1
 2370 26964 18
 2371 20958 14
 2372 22440 15
 2373 7475 5
 2374 8964 6
 2375 14930 10
 2376 8952 6
 2377 25347 17
 2378 26820 18
 2379 5956 4
 2380 23808 16
 2381 26766 18
 2382 25262 17
 2383 20790 14
 2384 17808 12
 2385 22245 15
 2386 23712 16
 2387 11848 8
 2388 13320 9
 2389 25143 17
 2390 22170 15
 2391 7385 5
 2392 8856 6
 2393 1475 1
 2394 19162 13
 2395 19149 13
 2396 10304 7
 2397 23536 16
 2398 11760 8
 2399 2938 2
 2400 29360 20
 2401 24939 17
 2402 1466 1
 2403 16115 11
 2404 14640 10
 2405 21945 15
 2406 20468 14
 2407 10227 7
 2408 10220 7
 2409 11672 8
 2410 7290 5
 2411 29140 20
 2412 17472 12
 2413 21825 15
 2414 11632 8
 2415 7265 5
 2416 11616 8
 2417 26118 18
 2418 21750 15
 2419 4347 3
 2420 15928 11
 2421 10129 7
 2422 13014 9
 2423 28900 20
 2424 24548 17
 2425 2886 2
 2426 17304 12
 2427 5764 4
 2428 24480 17
 2429 20146 14
 2430 28760 20
 2431 17244 12
 2432 20104 14
 2433 12915 9
 2434 28680 20
 2435 17196 12
 2436 10024 7
 2437 4293 3
 2438 21450 15
 2439 28580 20
 2440 18564 13
 2441 18551 13
 2442 17112 12
 2443 25650 18
 2444 7120 5
 2445 25614 18
 2446 27018 19
 2447 11368 8
 2448 4260 3
 2449 2838 2
 2450 18434 13
 2451 24089 17
 2452 15576 11
 2453 8490 6
 2454 25452 18
 2455 14130 10
 2456 12708 9
 2457 28220 20
 2458 7050 5
 2459 1409 1
 2460 7040 5
 2461 25326 18
 2462 26714 19
 2463 22480 16
 2464 16848 12
 2465 9821 7
 2466 1402 1
 2467 9807 7
 2468 21000 15
 2469 6995 5
 2470 22368 16
 2471 8382 6
 2472 16752 12
 2473 2790 2
 2474 5576 4
 2475 23681 17
 2476 13920 10
 2477 8346 6
 2478 25020 18
 2479 18057 13
 2480 5552 4
 2481 6935 5
 2482 1386 1
 2483 15235 11
 2484 27680 20
 2485 23511 17
 2486 9674 7
 2487 24858 18
 2488 8280 6
 2489 11032 8
 2490 6890 5
 2491 9639 7
 2492 27520 20
 2493 12375 9
 2494 4122 3
 2495 13730 10
 2496 17836 13
 2497 17823 13
 2498 2740 2
 2499 24642 18
 2500 13680 10
 2501 4101 3
 2502 25954 19
 2503 9555 7
 2504 19096 14
 2505 16356 12
 2506 27240 20
 2507 20415 15
 2508 20400 15
 2509 1359 1
 2510 1358 1
 2511 24426 18
 2512 21696 16
 2513 5420 4
 2514 21664 16
 2515 17589 13
 2516 9464 7
 2517 4053 3
 2518 16200 12
 2519 1349 1
 2520 12132 9
 2521 26940 20
 2522 8076 6
 2523 8070 6
 2524 25536 19
 2525 6715 5
 2526 1342 1
 2527 24138 18
 2528 10720 8
 2529 21424 16
 2530 8028 6
 2531 20055 15
 2532 20040 15
 2533 14685 11
 2534 12006 9
 2535 13330 10
 2536 17316 13
 2537 18634 14
 2538 22610 17
 2539 23922 18
 2540 3984 3
 2541 18578 14
 2542 3978 3
 2543 22525 17
 2544 15888 12
 2545 13230 10
 2546 10576 8
 2547 7926 6
 2548 18480 14
 2549 7914 6
 2550 11862 9
 2551 14487 11
 2552 15792 12
 2553 22355 17
 2554 9198 7
 2555 7878 6
 2556 22304 17
 2557 6555 5
 2558 6550 5
 2559 14399 11
 2560 18312 14
 2561 3921 3
 2562 18284 14
 2563 22185 17
 2564 1304 1
 2565 16939 13
 2566 2604 2
 2567 7806 6
 2568 20800 16
 2569 3897 3
 2570 5192 4
 2571 14267 11
 2572 1296 1
 2573 6475 5
 2574 11646 9
 2575 1293 1
 2576 24548 19
 2577 16783 13
 2578 20640 16
 2579 6445 5
 2580 5152 4
 2581 7722 6
 2582 23148 18
 2583 11565 9
 2584 12840 10
 2585 14113 11
 2586 7692 6
 2587 24339 19
 2588 1280 1
 2589 19185 15
 2590 19170 15
 2591 8939 7
 2592 5104 4
 2593 17850 14
 2594 12740 10
 2595 16549 13
 2596 16536 13
 2597 1271 1
 2598 19050 15
 2599 10152 8
 2600 6340 5
 2601 16471 13
 2602 11394 9
 2603 15180 12
 2604 5056 4
 2605 11367 9
 2606 6310 5
 2607 12610 10
 2608 15120 12
 2609 11331 9
 2610 20128 16
 2611 23883 19
 2612 13816 11
 2613 16315 13
 2614 11286 9
 2615 25060 20
 2616 21284 17
 2617 18765 15
 2618 8750 7
 2619 1249 1
 2620 11232 9
 2621 18705 15
 2622 12460 10
 2623 3735 3
 2624 24880 20
 2625 3729 3
 2626 8694 7
 2627 9928 8
 2628 18600 15
 2629 16107 13
 2630 19808 16
 2631 18555 15
 2632 4944 4
 2633 3705 3
 2634 16042 13
 2635 6165 5
 2636 6160 5
 2637 8617 7
 2638 2460 2
 2639 1229 1
 2640 22104 18
 2641 8589 7
 2642 15938 13
 2643 19600 16
 2644 18360 15
 2645 3669 3
 2646 18330 15
 2647 2442 2
 2648 24400 20
 2649 9752 8
 2650 12180 10
 2651 19472 16
 2652 19456 16
 2653 4860 4
 2654 8498 7
 2655 6065 5
 2656 18180 15
 2657 1211 1
 2658 1210 1
 2659 10881 9
 2660 13288 11
 2661 20519 17
 2662 12060 10
 2663 3615 3
 2664 14448 12
 2665 3609 3
 2666 13222 11
 2667 8407 7
 2668 19200 16
 2669 13189 11
 2670 17970 15
 2671 17955 15
 2672 10764 9
 2673 10755 9
 2674 4776 4
 2675 9544 8
 2676 5960 5
 2677 5955 5
 2678 2380 2
 2679 19024 16
 2680 14256 12
 2681 18992 16
 2682 3558 3
 2683 13035 11
 2684 15392 13
 2685 20111 17
 2686 15366 13
 2687 1181 1
 2688 9440 8
 2689 21222 18
 2690 20026 17
 2691 11770 10
 2692 5880 5
 2693 23500 20
 2694 15262 13
 2695 2346 2
 2696 18752 16
 2697 12881 11
 2698 22230 19
 2699 15197 13
 2700 19856 17
 2701 12837 11
 2702 3498 3
 2703 19805 17
 2704 1164 1
 2705 6978 6
 2706 5810 5
 2707 15093 13
 2708 22040 19
 2709 18544 16
 2710 22002 19
 2711 1157 1
 2712 10404 9
 2713 8085 7
 2714 1154 1
 2715 19601 17
 2716 14976 13
 2717 3453 3
 2718 8050 7
 2719 21831 19
 2720 22960 20
 2721 8029 7
 2722 17190 15
 2723 9160 8
 2724 16016 14
 2725 22860 20
 2726 17130 15
 2727 18256 16
 2728 22800 20
 2729 4556 4
 2730 4552 4
 2731 18192 16
 2732 6816 6
 2733 9080 8
 2734 19278 17
 2735 20394 18
 2736 13584 12
 2737 20358 18
 2738 6780 6
 2739 14677 13
 2740 21432 19
 2741 9016 8
 2742 2252 2
 2743 1125 1
 2744 15736 14
 2745 11230 10
 2746 3366 3
 2747 5605 5
 2748 12320 11
 2749 21261 19
 2750 19006 17
 2751 6702 6
 2752 20088 18
 2753 14495 13
 2754 5570 5
 2755 20034 18
 2756 17792 16
 2757 14443 13
 2758 2220 2
 2759 17744 16
 2760 17728 16
 2761 4428 4
 2762 4424 4
 2763 12155 11
 2764 19872 18
 2765 22060 20
 2766 4408 4
 2767 8808 8
 2768 13200 12
 2769 20881 19
 2770 10980 10
 2771 17552 16
 2772 20824 19
 2773 15330 14
 2774 14222 13
 2775 3279 3
 2776 15288 14
 2777 20729 19
 2778 17440 16
 2779 10890 10
 2780 14144 13
 2781 1087 1
 2782 3258 3
 2783 3255 3
 2784 3252 3
 2785 4332 4
 2786 17312 16
 2787 1081 1
 2788 12960 12
 2789 19422 18
 2790 4312 4
 2791 2154 2
 2792 10760 10
 2793 15050 14
 2794 18258 17
 2795 17168 16
 2796 20368 19
 2797 16065 15
 2798 12840 12
 2799 1069 1
 2800 16020 15
 2801 18139 17
 2802 14924 14
 2803 2130 2
 2804 13832 13
 2805 6378 6
 2806 5310 5
 2807 12732 12
 2808 9540 9
 2809 12708 12
 2810 20102 19
 2811 10570 10
 2812 14784 14
 2813 21100 20
 2814 18972 18
 2815 4212 4
 2816 21040 20
 2817 4204 4
 2818 10500 10
 2819 12588 12
 2820 17816 17
 2821 15705 15
 2822 2092 2
 2823 10450 10
 2824 20880 20
 2825 11473 11
 2826 10420 10
 2827 5205 5
 2828 2080 2
 2829 7273 7
 2830 12456 12
 2831 6222 6
 2832 17612 17
 2833 18630 18
 2834 8272 8
 2835 19627 19
 2836 4128 4
 2837 6186 6
 2838 16480 16
 2839 4116 4
 2840 11308 11
 2841 2054 2
 2842 12312 12
 2843 14350 14
 2844 2048 2
 2845 6138 6
 2846 17374 17
 2847 1021 1
 2848 2040 2
 2849 5095 5
 2850 16288 16
 2851 1017 1
 2852 18288 18
 2853 4060 4
 2854 13182 13
 2855 12156 12
 2856 11132 11
 2857 13143 13
 2858 6060 6
 2859 15135 15
 2860 15120 15
 2861 2014 2
 2862 3018 3
 2863 13065 13
 2864 13052 13
 2865 19057 19
 2866 3006 3
 2867 6006 6
 2868 3000 3
 2869 12987 13
 2870 18962 19
 2871 4985 5
 2872 10956 11
 2873 4975 5
 2874 9940 10
 2875 16881 17
 2876 7936 8
 2877 2973 3
 2878 18810 19
 2879 18791 19
 2880 15808 16
 2881 2961 3
 2882 18734 19
 2883 985 1
 2884 16728 17
 2885 5898 6
 2886 10802 11
 2887 7848 8
 2888 4900 5
 2889 14685 15
 2890 1956 2
 2891 1954 2
 2892 3904 4
 2893 4875 5
 2894 5844 6
 2895 11676 12
 2896 11664 12
 2897 7768 8
 2898 17460 18
 2899 1938 2
 2900 3872 4
 2901 1934 2
 2902 12558 13
 2903 2895 3
 2904 9640 10
 2905 7704 8
 2906 18278 19
 2907 2883 3
 2908 960 1
 2909 14385 15
 2910 8622 9
 2911 9570 10
 2912 9560 10
 2913 19100 20
 2914 7632 8
 2915 2859 3
 2916 13328 14
 2917 13314 14
 2918 17100 18
 2919 18980 20
 2920 2844 3
 2921 18940 20
 2922 2838 3
 2923 4725 5
 2924 1888 2
 2925 8487 9
 2926 4710 5
 2927 941 1
 2928 17860 19
 2929 15963 17
 2930 18760 20
 2931 937 1
 2932 4680 5
 2933 9350 10
 2934 14944 16
 2935 17727 19
 2936 17708 19
 2937 11172 12
 2938 18600 20
 2939 14864 16
 2940 5568 6
 2941 17613 19
 2942 13890 15
 2943 5550 6
 2944 10164 11
 2945 5538 6
 2946 3688 4
 2947 10131 11
 2948 1840 2
 2949 3676 4
 2950 4590 5
 2951 1834 2
 2952 8244 9
 2953 10980 12
 2954 914 1
 2955 12782 14
 2956 12768 14
 2957 911 1
 2958 3640 4
 2959 2727 3
 2960 908 1
 2961 8163 9
 2962 12684 14
 2963 18100 20
 2964 7232 8
 2965 13545 15
 2966 2706 3
 2967 1802 2
 2968 9900 11
 2969 13485 15
 2970 5388 6
 2971 10764 12
 2972 1792 2
 2973 3580 4
 2974 5364 6
 2975 2679 3
 2976 3568 4
 2977 16038 18
 2978 17800 20
 2979 10668 12
 2980 7104 8
 2981 15966 18
 2982 10632 12
 2983 5310 6
 2984 884 1
 2985 2649 3
 2986 7938 9
 2987 12334 14
 2988 7040 8
 2989 17580 20
 2990 15804 18
 2991 15786 18
 2992 2628 3
 2993 4375 5
 2994 10488 12
 2995 6984 8
 2996 10464 12
 2997 11323 13
 2998 7830 9
 2999 6952 8
 3000 10416 12
 3001 5202 6
 3002 8660 10
 3003 6920 8
 3004 8640 10
 3005 10356 12
 3006 12930 15
 3007 6027 7
 3008 3440 4
 3009 8590 10
 3010 15444 18
 3011 4285 5
 3012 2568 3
 3013 4275 5
 3014 6832 8
 3015 5118 6
 3016 12780 15
 3017 8510 10
 3018 6800 8
 3019 6792 8
 3020 10176 12
 3021 12705 15
 3022 8460 10
 3023 10140 12
 3024 844 1
 3025 1686 2
 3026 10946 13
 3027 6728 8
 3028 10920 13
 3029 5034 6
 3030 15084 18
 3031 12555 15
 3032 11704 14
 3033 6680 8
 3034 7506 9
 3035 9163 11
 3036 12480 15
 3037 1662 2
 3038 7470 9
 3039 8290 10
 3040 12420 15
 3041 9924 12
 3042 4956 6
 3043 13200 16
 3044 4120 5
 3045 1646 2
 3046 4932 6
 3047 12315 15
 3048 13120 16
 3049 11466 14
 3050 14724 18
 3051 8170 10
 3052 9792 12
 3053 1630 2
 3054 9768 12
 3055 16260 20
 3056 4060 5
 3057 15409 19
 3058 2430 3
 3059 8899 11
 3060 8080 10
 3061 15333 19
 3062 806 1
 3063 8050 10
 3064 3216 4
 3065 12045 15
 3066 4812 6
 3067 4005 5
 3068 14400 18
 3069 5593 7
 3070 10374 13
 3071 3188 4
 3072 9552 12
 3073 795 1
 3074 3970 5
 3075 13481 17
 3076 13464 17
 3077 14238 18
 3078 2370 3
 3079 1578 2
 3080 7092 9
 3081 6296 8
 3082 4716 6
 3083 14915 19
 3084 3920 5
 3085 14877 19
 3086 10948 14
 3087 8591 11
 3088 10920 14
 3089 15580 20
 3090 10114 13
 3091 4662 6
 3092 10864 14
 3093 2325 3
 3094 9288 12
 3095 5411 7
 3096 2316 3
 3097 3084 4
 3098 9240 12
 3099 4614 6
 3100 2304 3
 3101 10738 14
 3102 12256 16
 3103 1530 2
 3104 10696 14
 3105 10682 14
 3106 12192 16
 3107 7610 10
 3108 3040 4
 3109 3795 5
 3110 5306 7
 3111 2271 3
 3112 5292 7
 3113 14345 19
 3114 6786 9
 3115 9789 13
 3116 3760 5
 3117 8261 11
 3118 750 1
 3119 11984 16
 3120 5984 8
 3121 2241 3
 3122 10444 14
 3123 9685 13
 3124 12648 17
 3125 13374 18
 3126 1484 2
 3127 10374 14
 3128 8140 11
 3129 6651 9
 3130 8118 11
 3131 1474 2
 3132 736 1
 3133 1470 2
 3134 2202 3
 3135 8796 12
 3136 5124 7
 3137 11696 16
 3138 5110 7
 3139 13851 19
 3140 7280 10
 3141 14540 20
 3142 726 1
 3143 9425 13
 3144 3620 5
 3145 6507 9
 3146 12996 18
 3147 10094 14
 3148 10080 14
 3149 4314 6
 3150 12924 18
 3151 9321 13
 3152 12888 18
 3153 11440 16
 3154 8568 12
 3155 3565 5
 3156 11392 16
 3157 7821 11
 3158 14200 20
 3159 13471 19
 3160 9204 13
 3161 11312 16
 3162 3530 5
 3163 5640 8
 3164 7744 11
 3165 7030 10
 3166 7020 10
 3167 12618 18
 3168 9100 13
 3169 1398 2
 3170 2094 3
 3171 5576 8
 3172 12528 18
 3173 6255 9
 3174 2776 4
 3175 7623 11
 3176 3460 5
 3177 13129 19
 3178 4830 7
 3179 4134 6
 3180 8944 13
 3181 11679 17
 3182 10290 15
 3183 10275 15
 3184 13680 20
 3185 4781 7
 3186 11594 17
 3187 5448 8
 3188 1360 2
 3189 13580 20
 3190 12204 18
 3191 10832 16
 3192 9464 14
 3193 13500 20
 3194 674 1
 3195 13460 20
 3196 7392 11
 3197 11407 17
 3198 4020 6
 3199 12711 19
 3200 1336 2
 3201 4002 6
 3202 10656 16
 3203 13300 20
 3204 10624 16
 3205 7293 11
 3206 7282 11
 3207 10576 16
 3208 660 1
 3209 7908 12
 3210 13160 20
 3211 5256 8
 3212 12464 19
 3213 8515 13
 3214 12426 19
 3215 3918 6
 3216 12388 19
 3217 10416 16
 3218 10400 16
 3219 7139 11
 3220 5832 9
 3221 10352 16
 3222 3876 6
 3223 12900 20
 3224 12236 19
 3225 7073 11
 3226 5136 8
 3227 9615 15
 3228 10240 16
 3229 8946 14
 3230 10208 16
 3231 5733 9
 3232 6996 11
 3233 9525 15
 3234 10144 16
 3235 5064 8
 3236 12008 19
 3237 4417 7
 3238 10710 17
 3239 2516 4
 3240 11304 18
 3241 5016 8
 3242 626 1
 3243 1250 2
 3244 1872 3
 3245 11214 18
 3246 6842 11
 3247 6831 11
 3248 11780 19
 3249 7428 12
 3250 4944 8
 3251 6170 10
 3252 11704 19
 3253 12300 20
 3254 614 1
 3255 8582 14
 3256 2448 4
 3257 9165 15
 3258 3660 6
 3259 10353 17
 3260 2432 4
 3261 9105 15
 3262 606 1
 3263 12100 20
 3264 1208 2
 3265 3618 6
 3266 7224 12
 3267 3005 5
 3268 4200 7
 3269 4792 8
 3270 3588 6
 3271 7164 12
 3272 10728 18
 3273 10710 18
 3274 7722 13
 3275 2965 5
 3276 7104 12
 3277 4728 8
 3278 6490 11
 3279 5301 9
 3280 2352 4
 3281 1761 3
 3282 1758 3
 3283 6435 11
 3284 2336 4
 3285 8745 15
 3286 6402 11
 3287 5810 10
 3288 9860 17
 3289 9843 17
 3290 10404 18
 3291 8655 15
 3292 9792 17
 3293 6900 12
 3294 9184 16
 3295 2292 4
 3296 2860 5
 3297 1142 2
 3298 6270 11
 3299 8535 15
 3300 7952 14
 3301 11340 20
 3302 11320 20
 3303 565 1
 3304 5076 9
 3305 9008 16
 3306 7868 14
 3307 5610 10
 3308 1680 3
 3309 1677 3
 3310 7254 13
 3311 1114 2
 3312 1112 2
 3313 11100 20
 3314 11080 20
 3315 6636 12
 3316 9384 17
 3317 2755 5
 3318 8800 16
 3319 5490 10
 3320 9316 17
 3321 2735 5
 3322 10920 20
 3323 9265 17
 3324 4352 8
 3325 7059 13
 3326 8130 15
 3327 9197 17
 3328 1620 3
 3329 4312 8
 3330 10760 20
 3331 5907 11
 3332 5360 10
 3333 5885 11
 3334 3204 6
 3335 3198 6
 3336 10640 20
 3337 5310 10
 3338 1060 2
 3339 3174 6
 3340 5280 10
 3341 527 1
 3342 4734 9
 3343 9450 18
 3344 6812 13
 3345 523 1
 3346 4698 9
 3347 2084 4
 3348 4680 9
 3349 2076 4
 3350 6216 12
 3351 8789 17
 3352 7740 15
 3353 5665 11
 3354 1542 3
 3355 8208 16
 3356 9216 18
 3357 2555 5
 3358 8160 16
 3359 2036 4
 3360 9144 18
 3361 5577 11
 3362 3542 7
 3363 9090 18
 3364 6552 13
 3365 9054 18
 3366 502 1
 3367 6513 13
 3368 2500 5
 3369 7485 15
 3370 2490 5
 3371 3976 8
 3372 1984 4
 3373 9405 19
 3374 988 2
 3375 1972 4
 3376 984 2
 3377 9820 20
 3378 8330 17
 3379 5379 11
 3380 1464 3
 3381 1948 4
 3382 2430 5
 3383 9215 19
 3384 3872 8
 3385 9177 19
 3386 2892 6
 3387 7696 16
 3388 4800 10
 3389 2395 5
 3390 3824 8
 3391 7632 16
 3392 476 1
 3393 7125 15
 3394 3792 8
 3395 8514 18
 3396 472 1
 3397 4710 10
 3398 4230 9
 3399 2814 6
 3400 7488 16
 3401 1401 3
 3402 8854 19
 3403 6975 15
 3404 5568 12
 3405 4630 10
 3406 4620 10
 3407 2766 6
 3408 8740 19
 3409 7803 17
 3410 5954 13
 3411 3656 8
 3412 456 1
 3413 2730 6
 3414 454 1
 3415 9060 20
 3416 904 2
 3417 1353 3
 3418 8550 19
 3419 449 1
 3420 2240 5
 3421 4023 9
 3422 1784 4
 3423 3560 8
 3424 444 1
 3425 4430 10
 3426 3094 7
 3427 8379 19
 3428 7480 17
 3429 3073 7
 3430 7008 16
 3431 7429 17
 3432 8720 20
 3433 5655 13
 3434 1302 3
 3435 6062 14
 3436 5616 13
 3437 3017 7
 3438 3010 7
 3439 858 2
 3440 5564 13
 3441 5551 13
 3442 6816 16
 3443 4250 10
 3444 4240 10
 3445 5499 13
 3446 1266 3
 3447 6736 16
 3448 5460 13
 3449 3352 8
 3450 7942 19
 3451 3336 8
 3452 7904 19
 3453 8300 20
 3454 3726 9
 3455 1652 4
 3456 5356 13
 3457 5343 13
 3458 2050 5
 3459 1227 3
 3460 2448 6
 3461 2442 6
 3462 7308 18
 3463 3240 8
 3464 4040 10
 3465 2418 6
 3466 5226 13
 3467 3609 9
 3468 6800 17
 3469 5187 13
 3470 5174 13
 3471 397 1
 3472 5148 13
 3473 5925 15
 3474 5516 14
 3475 2358 6
 3476 1176 3
 3477 4301 11
 3478 780 2
 3479 1167 3
 3480 5044 13
 3481 3483 9
 3482 5790 15
 3483 6545 17
 3484 6912 18
 3485 6894 18
 3486 1146 3
 3487 6477 17
 3488 380 1
 3489 4927 13
 3490 1134 3
 3491 2639 7
 3492 7144 19
 3493 4500 12
 3494 2618 7
 3495 2238 6
 3496 744 2
 3497 4823 13
 3498 1850 5
 3499 3690 10
 3500 1472 4
 3501 6973 19
 3502 7320 20
 3503 5110 14
 3504 1092 3
 3505 363 1
 3506 2534 7
 3507 1083 3
 3508 7200 20
 3509 1077 3
 3510 1074 3
 3511 3213 9
 3512 1068 3
 3513 5325 15
 3514 6726 19
 3515 1059 3
 3516 1056 3
 3517 2106 6
 3518 1050 3
 3519 4886 14
 3520 696 2
 3521 5899 17
 3522 2076 6
 3523 6900 20
 3524 2752 8
 3525 5831 17
 3526 5814 17
 3527 341 1
 3528 2720 8
 3529 4068 12
 3530 6422 19
 3531 5055 15
 3532 5712 17
 3533 6030 18
 3534 668 2
 3535 3663 11
 3536 3320 10
 3537 5958 18
 3538 5610 17
 3539 2961 9
 3540 1968 6
 3541 2616 8
 3542 652 2
 3543 4875 15
 3544 648 2
 3545 1615 5
 3546 322 1
 3547 3531 11
 3548 2880 9
 3549 3509 11
 3550 3180 10
 3551 4121 13
 3552 3792 12
 3553 5985 19
 3554 5652 18
 3555 3130 10
 3556 6240 20
 3557 3110 10
 3558 4340 14
 3559 3399 11
 3560 1540 5
 3561 4298 14
 3562 6120 20
 3563 6100 20
 3564 1824 6
 3565 2121 7
 3566 3926 13
 3567 2107 7
 3568 1800 6
 3569 2392 8
 3570 2682 9
 3571 3267 11
 3572 5920 20
 3573 1180 4
 3574 5586 19
 3575 2344 8
 3576 3504 12
 3577 2619 9
 3578 290 1
 3579 3468 12
 3580 1728 6
 3581 2583 9
 3582 2002 7
 3583 570 2
 3584 284 1
 3585 5377 19
 3586 2538 9
 3587 2248 8
 3588 4480 16
 3589 3069 11
 3590 4170 15
 3591 277 1
 3592 828 3
 3593 825 3
 3594 2740 10
 3595 5187 19
 3596 1632 6
 3597 5420 20
 3598 5400 20
 3599 4573 17
 3600 4824 18
 3601 4806 18
 3602 5054 19
 3603 2650 10
 3604 2112 8
 3605 1841 7
 3606 786 3
 3607 4176 16
 3608 4160 16
 3609 3108 12
 3610 3096 12
 3611 3084 12
 3612 1280 5
 3613 4845 19
 3614 3048 12
 3615 1771 7
 3616 504 2
 3617 4518 18
 3618 1000 4
 3619 3237 13
 3620 3472 14
 3621 4940 20
 3622 4182 17
 3623 2205 9
 3624 1220 5
 3625 1215 5
 3626 2904 12
 3627 1446 6
 3628 4800 20
 3629 2151 9
 3630 1666 7
 3631 1896 8
 3632 708 3
 3633 1880 8
 3634 2574 11
 3635 699 3
 3636 2784 12
 3637 3696 16
 3638 3220 14
 3639 1374 6
 3640 456 2
 3641 227 1
 3642 4520 20
 3643 900 4
 3644 3808 17
 3645 1115 5
 3646 3330 15
 3647 1326 6
 3648 440 2
 3649 4380 20
 3650 4360 20
 3651 2170 10
 3652 3672 17
 3653 2365 11
 3654 428 2
 3655 3621 17
 3656 4028 19
 3657 3165 15
 3658 210 1
 3659 1463 7
 3660 832 4
 3661 3726 18
 3662 3296 16
 3663 2255 11
 3664 1224 6
 3665 3654 18
 3666 1010 5
 3667 201 1
 3668 2800 14
 3669 597 3
 3670 2772 14
 3671 3349 17
 3672 588 3
 3673 1365 7
 3674 3880 20
 3675 579 3
 3676 3456 18
 3677 191 1
 3678 570 3
 3679 3780 20
 3680 2632 14
 3681 1309 7
 3682 2418 13
 3683 2405 13
 3684 3496 19
 3685 1830 10
 3686 1820 10
 3687 1991 11
 3688 3060 17
 3689 1432 8
 3690 1780 10
 3691 1416 8
 3692 2464 14
 3693 875 5
 3694 522 3
 3695 2076 12
 3696 3268 19
 3697 2907 17
 3698 850 5
 3699 845 5
 3700 2352 14
 3701 3173 19
 3702 1162 7
 3703 990 6
 3704 2296 14
 3705 2771 17
 3706 972 6
 3707 1127 7
 3708 960 6
 3709 1431 9
 3710 2686 17
 3711 1570 10
 3712 2808 18
 3713 2635 17
 3714 770 5
 3715 1224 8
 3716 2280 15
 3717 302 2
 3718 150 1
 3719 596 4
 3720 2220 15
 3721 882 6
 3722 584 4
 3723 145 1
 3724 288 2
 3725 1001 7
 3726 1988 14
 3727 2397 17
 3728 1260 9
 3729 1807 13
 3730 2484 18
 3731 2055 15
 3732 272 2
 3733 1485 11
 3734 2412 18
 3735 1330 10
 3736 1584 12
 3737 2358 18
 3738 1040 8
 3739 903 7
 3740 1152 9
 3741 254 2
 3742 756 6
 3743 750 6
 3744 2356 19
 3745 1722 14
 3746 122 1
 3747 2299 19
 3748 1320 11
 3749 238 2
 3750 1416 12
 3751 2223 19
 3752 1044 9
 3753 1725 15
 3754 1824 16
 3755 2034 18
 3756 1232 11
 3757 2220 20
 3758 440 4
 3759 1526 14
 3760 1728 16
 3761 214 2
 3762 424 4
 3763 105 1
 3764 1664 16
 3765 1442 14
 3766 1836 18
 3767 1515 15
 3768 1700 17
 3769 693 7
 3770 98 1
 3771 1649 17
 3772 960 10
 3773 1045 11
 3774 282 3
 3775 837 9
 3776 1380 15
 3777 273 3
 3778 1530 17
 3779 1691 19
 3780 1672 19
 3781 1305 15
 3782 1376 16
 3783 935 11
 3784 1428 17
 3785 332 4
 3786 492 6
 3787 405 5
 3788 1280 16
 3789 711 9
 3790 312 4
 3791 1309 17
 3792 1216 16
 3793 75 1
 3794 1332 18
 3795 1168 16
 3796 144 2
 3797 497 7
 3798 700 10
 3799 1242 18
 3800 884 13
 3801 402 6
 3802 462 7
 3803 65 1
 3804 896 14
 3805 126 2
 3806 310 5
 3807 793 13
 3808 420 7
 3809 885 15
 3810 464 8
 3811 57 1
 3812 1120 20
 3813 550 10
 3814 756 14
 3815 265 5
 3816 936 18
 3817 714 14
 3818 450 9
 3819 490 10
 3820 912 19
 3821 705 15
 3822 920 20
 3823 720 16
 3824 748 17
 3825 688 16
 3826 798 19
 3827 123 3
 3828 520 13
 3829 546 14
 3830 342 9
 3831 148 4
 3832 324 9
 3833 280 8
 3834 340 10
 3835 462 14
 3836 320 10
 3837 248 8
 3838 420 14
 3839 174 6
 3840 252 9
 3841 513 19
 3842 26 1
 3843 200 8
 3844 192 8
 3845 414 18
 3846 264 12
 3847 357 17
 3848 60 3
 3849 342 18
 3850 216 12
 3851 221 13
 3852 96 6
 3853 60 4
 3854 266 19
 3855 221 17
 3856 204 17
 3857 11 1
 3858 110 11
 3859 126 14
 3860 16 2
 3861 133 19
 3862 42 7
 3863 95 19
 3864 28 7
 3865 12 4
 3866 20 10
 3867 17 17
58005