412
 1 1648 4
 2 6592 16
 3 5356 13
 4 6180 15
 5 7416 18
 6 2884 7
 7 7828 19
 8 7004 17
 9 1648 4
 10 7004 17
 11 1236 3
 12 6592 16
 13 7004 17
 14 412 1
 15 4944 12
 16 6592 16
 17 1648 4
 18 1236 3
 19 7828 19
 20 412 1
 21 6180 15
 22 8240 20
 23 1648 4
 24 2472 6
 25 2060 5
 26 2060 5
 27 3708 9
 28 824 2
 29 1236 3
 30 7828 19
 31 412 1
 32 2472 6
 33 3708 9
 34 2060 5
 35 7004 17
 36 7416 18
 37 4120 10
 38 6180 15
 39 8240 20
 40 2060 5
 41 3296 8
 42 4532 11
 43 1236 3
 44 7416 18
 45 1648 4
 46 3708 9
 47 8240 20
 48 2472 6
 49 2472 6
 50 3708 9
 51 1648 4
 52 4944 12
 53 1648 4
 54 2884 7
 55 5768 14
 56 7416 18
 57 7004 17
 58 2884 7
 59 7828 19
 60 2884 7
 61 412 1
 62 4944 12
 63 3296 8
 64 7416 18
 65 5356 13
 66 2060 5
 67 2060 5
 68 7416 18
 69 1648 4
 70 4120 10
 71 1648 4
 72 824 2
 73 4532 11
 74 3296 8
 75 4944 12
 76 5768 14
 77 1648 4
 78 2884 7
 79 1648 4
 80 4532 11
 81 5356 13
 82 2472 6
 83 824 2
 84 1648 4
 85 1236 3
 86 5356 13
 87 5768 14
 88 7004 17
 89 2060 5
 90 3708 9
 91 2060 5
 92 3296 8
 93 3708 9
 94 7828 19
 95 412 1
 96 824 2
 97 1648 4
 98 7828 19
 99 824 2
 100 1236 3
 101 3296 8
 102 7416 18
 103 3708 9
 104 824 2
 105 1648 4
 106 4120 10
 107 5768 14
 108 2884 7
 109 4532 11
 110 3296 8
 111 3296 8
 112 2060 5
 113 7416 18
 114 824 2
 115 8240 20
 116 5356 13
 117 4532 11
 118 7004 17
 119 412 1
 120 5768 14
 121 2884 7
 122 824 2
 123 4532 11
 124 4944 12
 125 2884 7
 126 3296 8
 127 1648 4
 128 412 1
 129 3708 9
 130 8240 20
 131 1236 3
 132 2884 7
 133 2472 6
 134 412 1
 135 4532 11
 136 5356 13
 137 7828 19
 138 1236 3
 139 4532 11
 140 2884 7
 141 2884 7
 142 3296 8
 143 2472 6
 144 4120 10
 145 3708 9
 146 8240 20
 147 2884 7
 148 7004 17
 149 6592 16
 150 824 2
 151 6592 16
 152 2884 7
 153 6180 15
 154 5768 14
 155 8240 20
 156 4120 10
 157 2884 7
 158 4532 11
 159 2884 7
 160 7828 19
 161 2472 6
 162 5356 13
 163 412 1
 164 5768 14
 165 8240 20
 166 2884 7
 167 412 1
 168 1236 3
 169 824 2
 170 824 2
 171 6592 16
 172 3296 8
 173 7416 18
 174 7828 19
 175 3296 8
 176 8240 20
 177 4120 10
 178 6592 16
 179 1236 3
 180 824 2
 181 5768 14
 182 3708 9
 183 2884 7
 184 824 2
 185 3296 8
 186 412 1
 187 7004 17
 188 7828 19
 189 1648 4
 190 2472 6
 191 7828 19
 192 4532 11
 193 412 1
 194 1648 4
 195 2060 5
 196 7004 17
 197 1648 4
 198 4944 12
 199 4532 11
 200 6180 15
 201 7004 17
 202 4944 12
 203 6592 16
 204 8240 20
 205 6592 16
 206 7828 19
 207 2884 7
 208 824 2
 209 4120 10
 210 6592 16
 211 2884 7
 212 1648 4
 213 4120 10
 214 2060 5
 215 5768 14
 216 7004 17
 217 3296 8
 218 1236 3
 219 1648 4
 220 7004 17
 221 7828 19
 222 5356 13
 223 824 2
 224 6592 16
 225 1236 3
 226 2060 5
 227 2884 7
 228 2472 6
 229 4944 12
 230 5768 14
 231 824 2
 232 2472 6
 233 824 2
 234 2060 5
 235 1648 4
 236 412 1
 237 7828 19
 238 7004 17
 239 2060 5
 240 2060 5
 241 3708 9
 242 4944 12
 243 7828 19
 244 3708 9
 245 6592 16
 246 3708 9
 247 3296 8
 248 7416 18
 249 7416 18
 250 4120 10
 251 6592 16
 252 3296 8
 253 7004 17
 254 5356 13
 255 4120 10
 256 2060 5
 257 7416 18
 258 824 2
 259 5768 14
 260 6592 16
 261 1648 4
 262 7416 18
 263 5356 13
 264 2472 6
 265 824 2
 266 2884 7
 267 1236 3
 268 1236 3
 269 6592 16
 270 5768 14
 271 4944 12
 272 8240 20
 273 2884 7
 274 3708 9
 275 4532 11
 276 7004 17
 277 4532 11
 278 824 2
 279 4944 12
 280 6180 15
 281 5356 13
 282 3708 9
 283 2884 7
 284 1236 3
 285 2884 7
 286 2060 5
 287 7828 19
 288 824 2
 289 7416 18
 290 7828 19
 291 2060 5
 292 6180 15
 293 2884 7
 294 8240 20
 295 4120 10
 296 412 1
 297 5768 14
 298 1236 3
 299 4120 10
 300 2060 5
 301 7828 19
 302 1236 3
 303 1236 3
 304 4532 11
 305 2472 6
 306 2472 6
 307 4944 12
 308 1648 4
 309 7416 18
 310 3296 8
 311 4944 12
 312 7416 18
 313 4944 12
 314 2884 7
 315 6180 15
 316 8240 20
 317 5356 13
 318 824 2
 319 7828 19
 320 8240 20
 321 7004 17
 322 2884 7
 323 4532 11
 324 5356 13
 325 3296 8
 326 412 1
 327 2884 7
 328 7004 17
 329 6180 15
 330 5356 13
 331 4120 10
 332 3296 8
 333 5356 13
 334 8240 20
 335 8240 20
 336 4944 12
 337 4120 10
 338 4120 10
 339 7828 19
 340 6592 16
 341 824 2
 342 3708 9
 343 6592 16
 344 2884 7
 345 8240 20
 346 6592 16
 347 3296 8
 348 1648 4
 349 3296 8
 350 1236 3
 351 412 1
 352 1236 3
 353 412 1
 354 4120 10
 355 5768 14
 356 7004 17
 357 8240 20
 358 2060 5
 359 5356 13
 360 1236 3
 361 2060 5
 362 6592 16
 363 4532 11
 364 6180 15
 365 7416 18
 366 4532 11
 367 824 2
 368 412 1
 369 5356 13
 370 1648 4
 371 1648 4
 372 3296 8
 373 6592 16
 374 5356 13
 375 6180 15
 376 4532 11
 377 1648 4
 378 2884 7
 379 5768 14
 380 4944 12
 381 5768 14
 382 1648 4
 383 3708 9
 384 6180 15
 385 412 1
 386 4120 10
 387 7828 19
 388 6592 16
 389 7828 19
 390 6180 15
 391 824 2
 392 2060 5
 393 7416 18
 394 412 1
 395 5768 14
 396 7004 17
 397 2884 7
 398 3296 8
 399 4120 10
 400 412 1
 401 824 2
 402 2472 6
 403 7004 17
 404 7416 18
 405 5768 14
 406 4944 12
 407 7828 19
 408 7828 19
 409 8240 20
 410 7416 18
 411 1236 3
 412 4120 10
7416