4448
 1 53376 12
 2 26682 6
 3 57798 13
 4 8890 2
 5 31108 7
 6 66645 15
 7 66630 15
 8 39969 9
 9 53280 12
 10 4439 1
 11 35504 8
 12 31059 7
 13 48796 11
 14 57655 13
 15 75378 17
 16 17732 4
 17 4432 1
 18 84189 19
 19 44300 10
 20 39861 9
 21 4428 1
 22 79686 18
 23 13278 3
 24 30975 7
 25 57512 13
 26 48653 11
 27 22110 5
 28 30947 7
 29 13260 3
 30 44190 10
 31 13254 3
 32 48587 11
 33 35328 8
 34 52980 12
 35 66210 15
 36 4413 1
 37 13236 3
 38 39699 9
 39 4410 1
 40 61726 14
 41 74936 17
 42 22035 5
 43 48466 11
 44 66075 15
 45 66060 15
 46 17612 4
 47 79236 18
 48 44010 10
 49 88000 20
 50 74783 17
 51 61572 14
 52 79146 18
 53 4396 1
 54 87900 20
 55 52728 12
 56 4393 1
 57 17568 4
 58 43910 10
 59 70240 16
 60 8778 2
 61 21940 5
 62 48257 11
 63 48246 11
 64 26310 6
 65 17536 4
 66 26298 6
 67 83258 19
 68 74477 17
 69 39420 9
 70 74443 17
 71 17512 4
 72 61278 14
 73 61264 14
 74 13125 3
 75 39366 9
 76 8746 2
 77 74324 17
 78 69936 16
 79 17480 4
 80 8738 2
 81 69888 16
 82 69872 16
 83 56758 13
 84 30555 7
 85 87280 20
 86 39267 9
 87 74154 17
 88 34888 8
 89 61040 14
 90 65385 15
 91 69728 16
 92 69712 16
 93 21780 5
 94 39195 9
 95 87080 20
 96 87060 20
 97 8704 2
 98 21755 5
 99 21750 5
 100 21745 5
 101 56524 13
 102 78246 18
 103 26076 6
 104 56485 13
 105 34752 8
 106 34744 8
 107 8684 2
 108 8682 2
 109 21700 5
 110 82441 19
 111 78084 18
 112 39033 9
 113 65040 15
 114 30345 7
 115 30338 7
 116 17332 4
 117 25992 6
 118 51972 12
 119 77940 18
 120 4329 1
 121 82232 19
 122 43270 10
 123 82194 19
 124 21625 5
 125 64860 15
 126 8646 2
 127 64830 15
 128 12963 3
 129 30240 7
 130 69104 16
 131 12954 3
 132 77706 18
 133 60424 14
 134 17260 4
 135 47454 11
 136 8626 2
 137 86240 20
 138 68976 16
 139 30170 7
 140 64635 15
 141 51696 12
 142 21535 5
 143 4306 1
 144 38745 9
 145 38736 9
 146 34424 8
 147 51624 12
 148 17204 4
 149 4300 1
 150 42990 10
 151 68768 16
 152 34376 8
 153 38664 9
 154 21475 5
 155 68704 16
 156 85860 20
 157 77256 18
 158 42910 10
 159 38610 9
 160 4289 1
 161 72896 17
 162 55731 13
 163 51432 12
 164 51420 12
 165 51408 12
 166 29981 7
 167 55666 13
 168 25686 6
 169 47080 11
 170 8558 2
 171 68448 16
 172 21385 5
 173 38484 9
 174 72675 17
 175 17096 4
 176 29911 7
 177 46992 11
 178 51252 12
 179 76860 18
 180 68304 16
 181 46948 11
 182 76806 18
 183 4266 1
 184 12795 3
 185 81016 19
 186 34104 8
 187 21310 5
 188 4261 1
 189 59640 14
 190 25554 6
 191 51096 12
 192 8514 2
 193 25536 6
 194 72335 17
 195 21270 5
 196 34024 8
 197 17008 4
 198 76518 18
 199 46750 11
 200 63735 15
 201 25488 6
 202 50964 12
 203 42460 10
 204 84900 20
 205 46684 11
 206 21215 5
 207 29694 7
 208 76338 18
 209 84800 20
 210 72063 17
 211 55094 13
 212 76266 18
 213 33888 8
 214 80465 19
 215 25404 6
 216 84660 20
 217 25392 6
 218 38079 9
 219 29610 7
 220 25374 6
 221 67648 16
 222 12681 3
 223 80294 19
 224 71825 17
 225 67584 16
 226 80237 19
 227 16888 4
 228 16884 4
 229 12660 3
 230 16876 4
 231 50616 12
 232 33736 8
 233 25296 6
 234 4215 1
 235 50568 12
 236 46343 11
 237 4212 1
 238 16844 4
 239 42100 10
 240 79971 19
 241 25248 6
 242 75726 18
 243 37854 9
 244 42050 10
 245 58856 14
 246 79857 19
 247 33616 8
 248 21005 5
 249 79800 19
 250 62985 15
 251 33584 8
 252 67152 16
 253 4196 1
 254 50340 12
 255 58716 14
 256 25158 6
 257 16768 4
 258 37719 9
 259 8380 2
 260 8378 2
 261 16752 4
 262 50244 12
 263 12558 3
 264 66960 16
 265 46024 11
 266 20915 5
 267 37638 9
 268 33448 8
 269 66880 16
 270 75222 18
 271 50136 12
 272 41770 10
 273 54288 13
 274 16700 4
 275 50088 12
 276 66768 16
 277 29204 7
 278 50052 12
 279 16680 4
 280 4169 1
 281 8336 2
 282 4167 1
 283 12498 3
 284 12495 3
 285 16656 4
 286 20815 5
 287 74916 18
 288 16644 4
 289 33280 8
 290 74862 18
 291 62370 15
 292 24942 6
 293 4156 1
 294 4155 1
 295 83080 20
 296 29071 7
 297 33216 8
 298 83020 20
 299 8300 2
 300 78831 19
 301 4148 1
 302 62205 15
 303 12438 3
 304 24870 6
 305 66304 16
 306 37287 9
 307 74556 18
 308 53833 13
 309 45540 11
 310 37251 9
 311 4138 1
 312 37233 9
 313 49632 12
 314 37215 9
 315 66144 16
 316 41330 10
 317 70244 17
 318 37179 9
 319 41300 10
 320 4129 1
 321 41280 10
 322 49524 12
 323 57764 14
 324 70125 17
 325 16496 4
 326 70091 17
 327 65952 16
 328 82420 20
 329 61800 15
 330 28833 7
 331 4118 1
 332 20585 5
 333 8232 2
 334 45265 11
 335 49368 12
 336 16452 4
 337 41120 10
 338 36999 9
 339 32880 8
 340 32872 8
 341 16432 4
 342 61605 15
 343 41060 10
 344 16420 4
 345 49248 12
 346 20515 5
 347 57428 14
 348 49212 12
 349 77900 19
 350 65584 16
 351 8196 2
 352 4097 1
 353 61440 15
 354 28665 7
 355 28658 7
 356 49116 12
 357 81840 20
 358 77729 19
 359 57260 14
 360 57246 14
 361 8176 2
 362 77653 19
 363 28602 7
 364 16340 4
 365 28588 7
 366 12249 3
 367 61230 15
 368 32648 8
 369 28560 7
 370 73422 18
 371 4078 1
 372 24462 6
 373 36684 9
 374 40750 10
 375 36666 9
 376 24438 6
 377 40720 10
 378 8142 2
 379 77330 19
 380 77311 19
 381 56952 14
 382 48804 12
 383 32528 8
 384 81300 20
 385 24384 6
 386 24378 6
 387 16248 4
 388 56854 14
 389 69020 17
 390 77121 19
 391 56812 14
 392 28399 7
 393 8112 2
 394 44605 11
 395 56756 14
 396 8106 2
 397 60780 15
 398 48612 12
 399 68850 17
 400 8098 2
 401 36432 9
 402 12141 3
 403 44506 11
 404 36405 9
 405 8088 2
 406 72774 18
 407 36378 9
 408 76779 19
 409 80800 20
 410 16156 4
 411 52494 13
 412 56518 14
 413 12108 3
 414 56490 14
 415 20170 5
 416 52429 13
 417 80640 20
 418 16124 4
 419 48360 12
 420 4029 1
 421 4028 1
 422 76513 19
 423 44286 11
 424 16100 4
 425 28168 7
 426 72414 18
 427 8044 2
 428 40210 10
 429 4020 1
 430 76361 19
 431 8036 2
 432 44187 11
 433 4016 1
 434 52195 13
 435 4014 1
 436 44143 11
 437 4012 1
 438 76209 19
 439 60150 15
 440 60135 15
 441 8016 2
 442 64112 16
 443 12018 3
 444 60075 15
 445 56056 14
 446 24018 6
 447 72036 18
 448 4001 1
 449 16000 4
 450 11997 3
 451 71964 18
 452 39970 10
 453 39960 10
 454 47940 12
 455 79880 20
 456 15972 4
 457 3992 1
 458 3991 1
 459 11970 3
 460 55846 14
 461 75772 19
 462 3987 1
 463 35874 9
 464 75715 19
 465 51792 13
 466 79660 20
 467 31856 8
 468 67677 17
 469 59700 15
 470 15916 4
 471 79560 20
 472 67609 17
 473 19880 5
 474 55650 14
 475 67558 17
 476 35757 9
 477 59580 15
 478 27797 7
 479 59550 15
 480 15876 4
 481 43648 11
 482 47604 12
 483 27762 7
 484 51545 13
 485 55496 14
 486 71334 18
 487 23772 6
 488 3961 1
 489 39600 10
 490 15836 4
 491 47496 12
 492 7914 2
 493 31648 8
 494 47460 12
 495 27678 7
 496 71154 18
 497 59280 15
 498 31608 8
 499 79000 20
 500 75031 19
 501 7896 2
 502 7894 2
 503 31568 8
 504 11835 3
 505 31552 8
 506 51259 13
 507 27594 7
 508 78820 20
 509 47280 12
 510 3939 1
 511 47256 12
 512 15748 4
 513 78720 20
 514 19675 5
 515 74746 19
 516 43263 11
 517 27524 7
 518 74689 19
 519 43230 11
 520 66793 17
 521 70704 18
 522 47124 12
 523 23556 6
 524 70650 18
 525 74556 19
 526 78460 20
 527 27454 7
 528 31368 8
 529 27440 7
 530 7838 2
 531 27426 7
 532 27419 7
 533 19580 5
 534 31320 8
 535 19570 5
 536 15652 4
 537 70416 18
 538 15644 4
 539 39100 10
 540 27363 7
 541 39080 10
 542 70326 18
 543 3906 1
 544 42955 11
 545 42944 11
 546 23418 6
 547 66334 17
 548 46812 12
 549 31200 8
 550 50687 13
 551 62368 16
 552 66249 17
 553 74024 19
 554 7790 2
 555 46728 12
 556 62288 16
 557 62272 16
 558 27237 7
 559 31120 8
 560 19445 5
 561 3888 1
 562 54418 14
 563 62176 16
 564 62160 16
 565 42724 11
 566 11649 3
 567 77640 20
 568 38810 10
 569 23280 6
 570 3879 1
 571 58170 15
 572 73663 19
 573 11628 3
 574 73625 19
 575 54236 14
 576 23238 6
 577 77440 20
 578 46452 12
 579 42570 11
 580 46428 12
 581 65756 17
 582 77340 20
 583 50258 13
 584 38650 10
 585 23184 6
 586 65671 17
 587 3862 1
 588 11583 3
 589 54040 14
 590 3859 1
 591 19290 5
 592 46284 12
 593 15424 4
 594 7710 2
 595 46248 12
 596 53942 14
 597 11556 3
 598 11553 3
 599 7700 2
 600 76980 20
 601 61568 16
 602 53858 14
 603 69228 18
 604 34605 9
 605 46128 12
 606 23058 6
 607 30736 8
 608 30728 8
 609 46080 12
 610 34551 9
 611 72922 19
 612 76740 20
 613 30688 8
 614 34515 9
 615 72846 19
 616 42163 11
 617 26824 7
 618 22986 6
 619 11490 3
 620 45948 12
 621 42108 11
 622 53578 14
 623 19130 5
 624 76500 20
 625 7648 2
 626 61168 16
 627 26754 7
 628 76420 20
 629 61120 16
 630 53466 14
 631 11454 3
 632 15268 4
 633 53424 14
 634 68670 18
 635 41954 11
 636 15252 4
 637 72428 19
 638 41921 11
 639 3810 1
 640 57135 15
 641 53312 14
 642 53298 14
 643 49478 13
 644 64685 17
 645 68472 18
 646 45636 12
 647 11406 3
 648 22806 6
 649 72200 19
 650 56985 15
 651 56970 15
 652 41767 11
 653 45552 12
 654 7590 2
 655 11382 3
 656 26551 7
 657 53088 14
 658 30328 8
 659 41690 11
 660 26523 7
 661 30304 8
 662 26509 7
 663 64362 17
 664 75700 20
 665 68112 18
 666 45396 12
 667 45384 12
 668 45372 12
 669 15120 4
 670 22674 6
 671 68004 18
 672 75540 20
 673 11328 3
 674 33975 9
 675 30192 8
 676 26411 7
 677 18860 5
 678 49023 13
 679 52780 14
 680 52766 14
 681 18840 5
 682 18835 5
 683 15064 4
 684 75300 20
 685 7528 2
 686 11289 3
 687 71478 19
 688 41371 11
 689 60160 16
 690 7518 2
 691 41338 11
 692 48841 13
 693 22536 6
 694 15020 4
 695 22524 6
 696 60048 16
 697 60032 16
 698 71269 19
 699 15000 4
 700 59984 16
 701 26236 7
 702 14988 4
 703 74920 20
 704 14980 4
 705 18720 5
 706 63631 17
 707 44904 12
 708 52374 14
 709 7480 2
 710 48607 13
 711 74760 20
 712 59792 16
 713 67248 18
 714 70965 19
 715 59744 16
 716 52262 14
 717 70908 19
 718 18655 5
 719 7460 2
 720 29832 8
 721 11184 3
 722 67086 18
 723 29808 8
 724 40975 11
 725 11172 3
 726 74460 20
 727 7444 2
 728 52094 14
 729 63240 17
 730 44628 12
 731 18590 5
 732 74340 20
 733 70604 19
 734 44580 12
 735 51996 14
 736 66834 18
 737 40832 11
 738 3711 1
 739 55650 15
 740 40799 11
 741 40788 11
 742 66726 18
 743 59296 16
 744 37050 10
 745 55560 15
 746 37030 10
 747 55530 15
 748 55515 15
 749 48100 13
 750 22194 6
 751 40678 11
 752 62849 17
 753 14784 4
 754 7390 2
 755 36940 10
 756 51702 14
 757 36920 10
 758 25837 7
 759 62730 17
 760 47957 13
 761 70072 19
 762 36870 10
 763 70034 19
 764 3685 1
 765 51576 14
 766 18415 5
 767 29456 8
 768 55215 15
 769 47840 13
 770 11037 3
 771 33102 9
 772 7354 2
 773 14704 4
 774 44100 12
 775 25718 7
 776 18365 5
 777 22032 6
 778 22026 6
 779 18350 5
 780 7338 2
 781 58688 16
 782 47671 13
 783 69654 19
 784 40315 11
 785 43968 12
 786 47619 13
 787 7324 2
 788 51254 14
 789 69540 19
 790 21954 6
 791 10974 3
 792 47541 13
 793 58496 16
 794 32895 9
 795 32886 9
 796 69407 19
 797 54780 15
 798 25557 7
 799 29200 8
 800 29192 8
 801 18240 5
 802 72940 20
 803 14584 4
 804 36450 10
 805 10932 3
 806 54645 15
 807 40062 11
 808 58256 16
 809 3640 1
 810 50946 14
 811 72760 20
 812 7274 2
 813 3636 1
 814 3635 1
 815 47242 13
 816 50862 14
 817 21792 6
 818 47203 13
 819 10890 3
 820 29032 8
 821 50792 14
 822 18135 5
 823 61642 17
 824 32625 9
 825 25368 7
 826 65214 18
 827 72440 20
 828 18105 5
 829 65160 18
 830 47047 13
 831 54270 15
 832 32553 9
 833 3616 1
 834 32535 9
 835 10842 3
 836 3613 1
 837 25284 7
 838 10833 3
 839 50540 14
 840 61353 17
 841 43296 12
 842 61319 17
 843 7212 2
 844 57680 16
 845 43248 12
 846 36030 10
 847 68438 19
 848 32409 9
 849 32400 9
 850 39589 11
 851 3598 1
 852 46761 13
 853 50344 14
 854 71900 20
 855 25158 7
 856 61081 17
 857 21552 6
 858 43092 12
 859 14360 4
 860 71780 20
 861 60996 17
 862 14348 4
 863 7172 2
 864 39435 11
 865 46592 13
 866 68077 19
 867 28656 8
 868 14324 4
 869 32220 9
 870 46527 13
 871 71560 20
 872 10731 3
 873 35760 10
 874 21450 6
 875 53610 15
 876 60741 17
 877 46436 13
 878 46423 13
 879 21420 6
 880 60673 17
 881 3568 1
 882 46371 13
 883 14264 4
 884 42780 12
 885 67716 19
 886 39193 11
 887 28496 8
 888 21366 6
 889 71200 20
 890 17795 5
 891 53370 15
 892 24899 7
 893 14224 4
 894 10665 3
 895 67526 19
 896 56848 16
 897 53280 15
 898 31959 9
 899 56800 16
 900 7098 2
 901 56768 16
 902 70940 20
 903 28368 8
 904 46085 13
 905 17720 5
 906 67317 19
 907 35420 10
 908 63738 18
 909 63720 18
 910 3539 1
 911 10614 3
 912 67203 19
 913 45968 13
 914 21210 6
 915 28272 8
 916 45929 13
 917 14128 4
 918 52965 15
 919 7060 2
 920 17645 5
 921 31752 9
 922 67013 19
 923 52890 15
 924 52875 15
 925 66956 19
 926 52845 15
 927 17610 5
 928 49294 14
 929 45760 13
 930 66861 19
 931 66842 19
 932 3517 1
 933 31644 9
 934 21090 6
 935 59738 17
 936 24591 7
 937 49168 14
 938 38621 11
 939 52650 15
 940 10527 3
 941 70160 20
 942 7014 2
 943 56096 16
 944 38555 11
 945 66576 19
 946 17515 5
 947 35020 10
 948 24507 7
 949 14000 4
 950 66481 19
 951 3498 1
 952 66443 19
 953 20976 6
 954 27960 8
 955 48916 14
 956 41916 12
 957 59364 17
 958 38401 11
 959 69800 20
 960 24423 7
 961 48832 14
 962 10461 3
 963 31374 9
 964 45305 13
 965 38324 11
 966 13932 4
 967 69640 20
 968 52215 15
 969 69600 20
 970 10437 3
 971 31302 9
 972 62586 18
 973 20856 6
 974 48650 14
 975 41688 12
 976 62514 18
 977 38192 11
 978 17355 5
 979 41640 12
 980 20814 6
 981 27744 8
 982 10401 3
 983 10398 3
 984 41580 12
 985 3464 1
 986 65797 19
 987 48468 14
 988 58837 17
 989 34600 10
 990 17295 5
 991 3458 1
 992 62226 18
 993 10368 3
 994 3455 1
 995 34540 10
 996 20718 6
 997 55232 16
 998 17255 5
 999 34500 10
 1000 10347 3
 1001 6896 2
 1002 51705 15
 1003 65474 19
 1004 3445 1
 1005 68880 20
 1006 37873 11
 1007 27536 8
 1008 20646 6
 1009 51600 15
 1010 37829 11
 1011 61884 18
 1012 37807 11
 1013 6872 2
 1014 27480 8
 1015 13736 4
 1016 13732 4
 1017 61776 18
 1018 27448 8
 1019 58310 17
 1020 34290 10
 1021 20568 6
 1022 27416 8
 1023 6852 2
 1024 41100 12
 1025 30816 9
 1026 6846 2
 1027 47908 14
 1028 34210 10
 1029 44460 13
 1030 54704 16
 1031 58106 17
 1032 51255 15
 1033 64904 19
 1034 58055 17
 1035 3414 1
 1036 44369 13
 1037 17060 5
 1038 23877 7
 1039 23870 7
 1040 13636 4
 1041 64752 19
 1042 20442 6
 1043 57902 17
 1044 44265 13
 1045 17020 5
 1046 64657 19
 1047 57834 17
 1048 6802 2
 1049 10200 3
 1050 47586 14
 1051 16990 5
 1052 3397 1
 1053 16980 5
 1054 57715 17
 1055 33940 10
 1056 64467 19
 1057 57664 17
 1058 67820 20
 1059 6780 2
 1060 40668 12
 1061 6776 2
 1062 10161 3
 1063 57562 17
 1064 16925 5
 1065 64296 19
 1066 60894 18
 1067 37202 11
 1068 67620 20
 1069 43940 13
 1070 37169 11
 1071 64182 19
 1072 20262 6
 1073 30384 9
 1074 13500 4
 1075 53984 16
 1076 23611 7
 1077 40464 12
 1078 37081 11
 1079 47180 14
 1080 40428 12
 1081 20208 6
 1082 60606 18
 1083 43758 13
 1084 30285 9
 1085 26912 8
 1086 53808 16
 1087 20172 6
 1088 23527 7
 1089 16800 5
 1090 16795 5
 1091 40296 12
 1092 13428 4
 1093 16780 5
 1094 60390 18
 1095 57018 17
 1096 57001 17
 1097 40224 12
 1098 30159 9
 1099 43550 13
 1100 66980 20
 1101 60264 18
 1102 30123 9
 1103 16730 5
 1104 50175 15
 1105 20064 6
 1106 10029 3
 1107 33420 10
 1108 26728 8
 1109 63460 19
 1110 10017 3
 1111 46732 14
 1112 43381 13
 1113 20016 6
 1114 36685 11
 1115 6668 2
 1116 46662 14
 1117 3332 1
 1118 63289 19
 1119 6660 2
 1120 19974 6
 1121 33280 10
 1122 29943 9
 1123 36586 11
 1124 46550 14
 1125 13296 4
 1126 56491 17
 1127 66440 20
 1128 36531 11
 1129 33200 10
 1130 59742 18
 1131 49770 15
 1132 59706 18
 1133 49740 15
 1134 36465 11
 1135 33140 10
 1136 26504 8
 1137 66240 20
 1138 46354 14
 1139 59580 18
 1140 62871 19
 1141 36388 11
 1142 59526 18
 1143 3306 1
 1144 19830 6
 1145 62776 19
 1146 49545 15
 1147 23114 7
 1148 13204 4
 1149 52800 16
 1150 62681 19
 1151 16490 5
 1152 6594 2
 1153 49440 15
 1154 39540 12
 1155 49410 15
 1156 32930 10
 1157 62548 19
 1158 59238 18
 1159 36190 11
 1160 23023 7
 1161 23016 7
 1162 39444 12
 1163 59148 18
 1164 13140 4
 1165 13136 4
 1166 55811 17
 1167 6564 2
 1168 22967 7
 1169 32800 10
 1170 9837 3
 1171 49170 15
 1172 3277 1
 1173 52416 16
 1174 6550 2
 1175 29466 9
 1176 22911 7
 1177 42536 13
 1178 22897 7
 1179 13080 4
 1180 55573 17
 1181 39216 12
 1182 49005 15
 1183 35926 11
 1184 48975 15
 1185 29376 9
 1186 13052 4
 1187 22834 7
 1188 3261 1
 1189 45640 14
 1190 22813 7
 1191 39096 12
 1192 42341 13
 1193 13024 4
 1194 22785 7
 1195 26032 8
 1196 61807 19
 1197 61788 19
 1198 58518 18
 1199 3250 1
 1200 42237 13
 1201 19488 6
 1202 9741 3
 1203 19476 6
 1204 32450 10
 1205 9732 3
 1206 32430 10
 1207 64840 20
 1208 35651 11
 1209 22680 7
 1210 38868 12
 1211 6476 2
 1212 35607 11
 1213 64720 20
 1214 16175 5
 1215 45276 14
 1216 51728 16
 1217 51712 16
 1218 29079 9
 1219 29070 9
 1220 29061 9
 1221 16140 5
 1222 54859 17
 1223 58068 18
 1224 38700 12
 1225 64480 20
 1226 51568 16
 1227 25776 8
 1228 3221 1
 1229 35420 11
 1230 9657 3
 1231 64360 20
 1232 16085 5
 1233 9648 3
 1234 61085 19
 1235 54638 17
 1236 16065 5
 1237 41756 13
 1238 35321 11
 1239 57780 18
 1240 25672 8
 1241 12832 4
 1242 35277 11
 1243 25648 8
 1244 48075 15
 1245 3204 1
 1246 41639 13
 1247 38424 12
 1248 64020 20
 1249 28800 9
 1250 19194 6
 1251 44772 14
 1252 25576 8
 1253 57528 18
 1254 44730 14
 1255 6388 2
 1256 9579 3
 1257 9576 3
 1258 41483 13
 1259 57420 18
 1260 9567 3
 1261 51008 16
 1262 22309 7
 1263 31860 10
 1264 19110 6
 1265 50944 16
 1266 54111 17
 1267 50912 16
 1268 15905 5
 1269 12720 4
 1270 19074 6
 1271 28602 9
 1272 38124 12
 1273 12704 4
 1274 25400 8
 1275 34914 11
 1276 63460 20
 1277 63440 20
 1278 41223 13
 1279 34870 11
 1280 63380 20
 1281 41184 13
 1282 31670 10
 1283 47490 15
 1284 50640 16
 1285 3164 1
 1286 60097 19
 1287 56916 18
 1288 22127 7
 1289 50560 16
 1290 34749 11
 1291 6316 2
 1292 25256 8
 1293 56808 18
 1294 37860 12
 1295 18924 6
 1296 15765 5
 1297 28368 9
 1298 6302 2
 1299 18900 6
 1300 37788 12
 1301 25184 8
 1302 3147 1
 1303 59774 19
 1304 34595 11
 1305 6288 2
 1306 9429 3
 1307 3142 1
 1308 12564 4
 1309 31400 10
 1310 53363 17
 1311 25104 8
 1312 53329 17
 1313 18816 6
 1314 34485 11
 1315 12536 4
 1316 34463 11
 1317 53244 17
 1318 28179 9
 1319 25040 8
 1320 53193 17
 1321 43792 14
 1322 6254 2
 1323 59394 19
 1324 12500 4
 1325 3124 1
 1326 3123 1
 1327 43708 14
 1328 12484 4
 1329 62400 20
 1330 18714 6
 1331 9354 3
 1332 31170 10
 1333 21812 7
 1334 15575 5
 1335 34254 11
 1336 3113 1
 1337 15560 5
 1338 3111 1
 1339 12440 4
 1340 31090 10
 1341 62160 20
 1342 46605 15
 1343 59014 19
 1344 3105 1
 1345 34144 11
 1346 27927 9
 1347 55836 18
 1348 43414 14
 1349 43400 14
 1350 43386 14
 1351 61960 20
 1352 55746 18
 1353 21672 7
 1354 9285 3
 1355 6188 2
 1356 49488 16
 1357 27828 9
 1358 6182 2
 1359 52530 17
 1360 21623 7
 1361 46320 15
 1362 21609 7
 1363 12344 4
 1364 6170 2
 1365 30840 10
 1366 43162 14
 1367 55476 18
 1368 58539 19
 1369 58520 19
 1370 52343 17
 1371 18468 6
 1372 18462 6
 1373 43064 14
 1374 58425 19
 1375 21518 7
 1376 46095 15
 1377 18432 6
 1378 3071 1
 1379 61400 20
 1380 33759 11
 1381 49088 16
 1382 3067 1
 1383 55188 18
 1384 55170 18
 1385 42896 14
 1386 33693 11
 1387 42868 14
 1388 9183 3
 1389 61200 20
 1390 9177 3
 1391 51986 17
 1392 18342 6
 1393 18336 6
 1394 39715 13
 1395 21378 7
 1396 9159 3
 1397 33572 11
 1398 48816 16
 1399 3050 1
 1400 30490 10
 1401 6096 2
 1402 9141 3
 1403 30460 10
 1404 3045 1
 1405 60880 20
 1406 36516 12
 1407 33462 11
 1408 51697 17
 1409 15200 5
 1410 27351 9
 1411 30380 10
 1412 45555 15
 1413 39468 13
 1414 18210 6
 1415 42476 14
 1416 36396 12
 1417 18192 6
 1418 54558 18
 1419 12120 4
 1420 3029 1
 1421 51476 17
 1422 57513 19
 1423 39338 13
 1424 39325 13
 1425 12096 4
 1426 39299 13
 1427 9066 3
 1428 24168 8
 1429 48320 16
 1430 57361 19
 1431 42252 14
 1432 33187 11
 1433 30160 10
 1434 6030 2
 1435 30140 10
 1436 12052 4
 1437 45180 15
 1438 45165 15
 1439 3010 1
 1440 51153 17
 1441 51136 17
 1442 18042 6
 1443 42084 14
 1444 30050 10
 1445 18024 6
 1446 21021 7
 1447 36024 12
 1448 6002 2
 1449 9000 3
 1450 47984 16
 1451 44970 15
 1452 44955 15
 1453 56924 19
 1454 20965 7
 1455 23952 8
 1456 50881 17
 1457 26928 9
 1458 26919 9
 1459 47840 16
 1460 44835 15
 1461 11952 4
 1462 5974 2
 1463 47776 16
 1464 8955 3
 1465 44760 15
 1466 59660 20
 1467 2982 1
 1468 35772 12
 1469 59600 20
 1470 32769 11
 1471 47648 16
 1472 56563 19
 1473 56544 19
 1474 59500 20
 1475 11896 4
 1476 26757 9
 1477 32692 11
 1478 41594 14
 1479 5940 2
 1480 35628 12
 1481 8904 3
 1482 23736 8
 1483 29660 10
 1484 11860 4
 1485 35568 12
 1486 56297 19
 1487 5924 2
 1488 56259 19
 1489 44400 15
 1490 41426 14
 1491 50286 17
 1492 41398 14
 1493 23648 8
 1494 38415 13
 1495 53172 18
 1496 44295 15
 1497 44280 15
 1498 32461 11
 1499 35400 12
 1500 23592 8
 1501 8844 3
 1502 47152 16
 1503 2946 1
 1504 53010 18
 1505 26496 9
 1506 14715 5
 1507 17652 6
 1508 47056 16
 1509 14700 5
 1510 58780 20
 1511 49946 17
 1512 38181 13
 1513 55784 19
 1514 49895 17
 1515 20538 7
 1516 35196 12
 1517 17592 6
 1518 38103 13
 1519 8790 3
 1520 55651 19
 1521 55632 19
 1522 35124 12
 1523 49742 17
 1524 20475 7
 1525 49708 17
 1526 35076 12
 1527 37986 13
 1528 35052 12
 1529 5840 2
 1530 26271 9
 1531 49606 17
 1532 58340 20
 1533 58320 20
 1534 2915 1
 1535 5828 2
 1536 23304 8
 1537 32032 11
 1538 46576 16
 1539 17460 6
 1540 40726 14
 1541 17448 6
 1542 52326 18
 1543 31966 11
 1544 55195 19
 1545 40656 14
 1546 55157 19
 1547 8706 3
 1548 46416 16
 1549 26100 9
 1550 2899 1
 1551 52164 18
 1552 55043 19
 1553 17376 6
 1554 57900 20
 1555 46304 16
 1556 34716 12
 1557 23136 8
 1558 20237 7
 1559 28900 10
 1560 8667 3
 1561 51984 18
 1562 28870 10
 1563 34632 12
 1564 40390 14
 1565 11536 4
 1566 57660 20
 1567 20174 7
 1568 2881 1
 1569 51840 18
 1570 14395 5
 1571 54682 19
 1572 37401 13
 1573 43140 15
 1574 51750 18
 1575 5748 2
 1576 20111 7
 1577 11488 4
 1578 40194 14
 1579 48790 17
 1580 37297 13
 1581 8604 3
 1582 51606 18
 1583 42990 15
 1584 20055 7
 1585 34368 12
 1586 48671 17
 1587 25758 9
 1588 48637 17
 1589 42900 15
 1590 14295 5
 1591 54302 19
 1592 17142 6
 1593 19992 7
 1594 8565 3
 1595 25686 9
 1596 54207 19
 1597 17112 6
 1598 42765 15
 1599 2850 1
 1600 8547 3
 1601 42720 15
 1602 8541 3
 1603 42690 15
 1604 5690 2
 1605 54036 19
 1606 56860 20
 1607 56840 20
 1608 19887 7
 1609 11360 4
 1610 31229 11
 1611 8514 3
 1612 51066 18
 1613 11344 4
 1614 51030 18
 1615 48178 17
 1616 14165 5
 1617 2832 1
 1618 28310 10
 1619 14150 5
 1620 16974 6
 1621 8484 3
 1622 28270 10
 1623 50868 18
 1624 36725 13
 1625 42360 15
 1626 36699 13
 1627 19754 7
 1628 36673 13
 1629 45120 16
 1630 28190 10
 1631 50724 18
 1632 14085 5
 1633 14080 5
 1634 19705 7
 1635 14070 5
 1636 50634 18
 1637 39368 14
 1638 56220 20
 1639 33720 12
 1640 33708 12
 1641 8424 3
 1642 53333 19
 1643 53314 19
 1644 44880 16
 1645 14020 5
 1646 47651 17
 1647 36426 13
 1648 36413 13
 1649 19600 7
 1650 44784 16
 1651 39172 14
 1652 53143 19
 1653 8388 3
 1654 50310 18
 1655 36322 13
 1656 33516 12
 1657 19544 7
 1658 19537 7
 1659 41850 15
 1660 19523 7
 1661 55760 20
 1662 2787 1
 1663 41790 15
 1664 22280 8
 1665 30624 11
 1666 38962 14
 1667 11128 4
 1668 47277 17
 1669 13900 5
 1670 55580 20
 1671 33336 12
 1672 33324 12
 1673 36088 13
 1674 44400 16
 1675 13870 5
 1676 2773 1
 1677 27720 10
 1678 13855 5
 1679 38780 14
 1680 38766 14
 1681 41520 15
 1682 27670 10
 1683 13830 5
 1684 52535 19
 1685 24876 9
 1686 13815 5
 1687 5524 2
 1688 46937 17
 1689 33120 12
 1690 24831 9
 1691 24822 9
 1692 52383 19
 1693 13780 5
 1694 11020 4
 1695 27540 10
 1696 55060 20
 1697 19264 7
 1698 5502 2
 1699 13750 5
 1700 21992 8
 1701 32976 12
 1702 21976 8
 1703 24714 9
 1704 32940 12
 1705 8232 3
 1706 38402 14
 1707 52098 19
 1708 41115 15
 1709 38360 14
 1710 30129 11
 1711 35594 13
 1712 46529 17
 1713 41040 15
 1714 38290 14
 1715 16404 6
 1716 38262 14
 1717 30052 11
 1718 2731 1
 1719 35490 13
 1720 51851 19
 1721 16368 6
 1722 40905 15
 1723 5452 2
 1724 5450 2
 1725 43584 16
 1726 27230 10
 1727 8166 3
 1728 32652 12
 1729 32640 12
 1730 54380 20
 1731 24462 9
 1732 13585 5
 1733 2716 1
 1734 16290 6
 1735 48852 18
 1736 32556 12
 1737 51528 19
 1738 10844 4
 1739 24390 9
 1740 40635 15
 1741 21664 8
 1742 37898 14
 1743 13530 5
 1744 24345 9
 1745 29744 11
 1746 5406 2
 1747 16212 6
 1748 51319 19
 1749 40500 15
 1750 26990 10
 1751 32376 12
 1752 43152 16
 1753 8088 3
 1754 43120 16
 1755 51186 19
 1756 13465 5
 1757 40380 15
 1758 32292 12
 1759 18830 7
 1760 29579 11
 1761 29568 11
 1762 37618 14
 1763 53720 20
 1764 18795 7
 1765 42944 16
 1766 24147 9
 1767 45594 17
 1768 10724 4
 1769 34840 13
 1770 18753 7
 1771 53560 20
 1772 21416 8
 1773 29436 11
 1774 37450 14
 1775 45458 17
 1776 48114 18
 1777 5344 2
 1778 32052 12
 1779 29370 11
 1780 26690 10
 1781 40020 15
 1782 29337 11
 1783 18662 7
 1784 5330 2
 1785 15984 6
 1786 34619 13
 1787 50578 19
 1788 5322 2
 1789 2660 1
 1790 34567 13
 1791 42528 16
 1792 39855 15
 1793 26560 10
 1794 18585 7
 1795 18578 7
 1796 50407 19
 1797 13260 5
 1798 18557 7
 1799 23850 9
 1800 50331 19
 1801 10592 4
 1802 52940 20
 1803 7938 3
 1804 34385 13
 1805 37016 14
 1806 29073 11
 1807 44914 17
 1808 36974 14
 1809 42240 16
 1810 29029 11
 1811 34294 13
 1812 15822 6
 1813 13180 5
 1814 5270 2
 1815 18438 7
 1816 26330 10
 1817 10528 4
 1818 15786 6
 1819 5260 2
 1820 7887 3
 1821 21024 8
 1822 10508 4
 1823 5252 2
 1824 26250 10
 1825 44608 17
 1826 15738 6
 1827 23598 9
 1828 26210 10
 1829 23580 9
 1830 47142 18
 1831 26180 10
 1832 7851 3
 1833 28776 11
 1834 36610 14
 1835 10456 4
 1836 39195 15
 1837 28732 11
 1838 13055 5
 1839 5220 2
 1840 39135 15
 1841 7824 3
 1842 7821 3
 1843 18242 7
 1844 5210 2
 1845 10416 4
 1846 20824 8
 1847 31224 12
 1848 41616 16
 1849 52000 20
 1850 28589 11
 1851 18186 7
 1852 18179 7
 1853 5192 2
 1854 2595 1
 1855 33722 13
 1856 25930 10
 1857 28512 11
 1858 46638 18
 1859 49210 19
 1860 36246 14
 1861 12940 5
 1862 25870 10
 1863 2586 1
 1864 46530 18
 1865 33592 13
 1866 38745 15
 1867 18074 7
 1868 28391 11
 1869 49020 19
 1870 18053 7
 1871 18046 7
 1872 33501 13
 1873 41216 16
 1874 5150 2
 1875 10296 4
 1876 15438 6
 1877 10288 4
 1878 35994 14
 1879 17990 7
 1880 51380 20
 1881 33384 13
 1882 15402 6
 1883 12830 5
 1884 41040 16
 1885 15384 6
 1886 33319 13
 1887 7686 3
 1888 51220 20
 1889 40960 16
 1890 10236 4
 1891 48602 19
 1892 43469 17
 1893 25560 10
 1894 25550 10
 1895 10216 4
 1896 38295 15
 1897 5104 2
 1898 33163 13
 1899 33150 13
 1900 35686 14
 1901 5096 2
 1902 50940 20
 1903 33098 13
 1904 2545 1
 1905 40704 16
 1906 22887 9
 1907 25420 10
 1908 40656 16
 1909 22860 9
 1910 25390 10
 1911 35532 14
 1912 35518 14
 1913 30432 12
 1914 32955 13
 1915 45612 18
 1916 48127 19
 1917 43044 17
 1918 27841 11
 1919 43010 17
 1920 35406 14
 1921 27808 11
 1922 48013 19
 1923 5052 2
 1924 17675 7
 1925 7572 3
 1926 47937 19
 1927 2522 1
 1928 25210 10
 1929 2520 1
 1930 20152 8
 1931 25180 10
 1932 42789 17
 1933 47804 19
 1934 5030 2
 1935 42738 17
 1936 12565 5
 1937 30144 12
 1938 40176 16
 1939 22590 9
 1940 15054 6
 1941 20064 8
 1942 22563 9
 1943 37590 15
 1944 47595 19
 1945 20032 8
 1946 47557 19
 1947 10008 4
 1948 32513 13
 1949 30000 12
 1950 22491 9
 1951 22482 9
 1952 12485 5
 1953 39936 16
 1954 17465 7
 1955 17458 7
 1956 49860 20
 1957 22428 9
 1958 49820 20
 1959 9960 4
 1960 14934 6
 1961 47272 19
 1962 9948 4
 1963 37290 15
 1964 42245 17
 1965 24840 10
 1966 24830 10
 1967 12410 5
 1968 44658 18
 1969 12400 5
 1970 37185 15
 1971 27258 11
 1972 17339 7
 1973 19808 8
 1974 9900 4
 1975 29688 12
 1976 14838 6
 1977 12360 5
 1978 37065 15
 1979 24700 10
 1980 14814 6
 1981 14808 6
 1982 12335 5
 1983 14796 6
 1984 2465 1
 1985 36960 15
 1986 24630 10
 1987 2462 1
 1988 44298 18
 1989 29520 12
 1990 39344 16
 1991 36870 15
 1992 36855 15
 1993 29472 12
 1994 7365 3
 1995 26994 11
 1996 12265 5
 1997 24520 10
 1998 2451 1
 1999 2450 1
 2000 31837 13
 2001 17136 7
 2002 12235 5
 2003 24460 10
 2004 34230 14
 2005 46436 19
 2006 31759 13
 2007 48840 20
 2008 17087 7
 2009 21960 9
 2010 39024 16
 2011 7314 3
 2012 21933 9
 2013 29232 12
 2014 21915 9
 2015 17038 7
 2016 19464 8
 2017 12160 5
 2018 21879 9
 2019 38880 16
 2020 14574 6
 2021 21852 9
 2022 48540 20
 2023 41242 17
 2024 16975 7
 2025 48480 20
 2026 26653 11
 2027 2422 1
 2028 31473 13
 2029 48400 20
 2030 45961 19
 2031 43524 18
 2032 33838 14
 2033 24160 10
 2034 33810 14
 2035 21726 9
 2036 43434 18
 2037 2412 1
 2038 45809 19
 2039 36150 15
 2040 31317 13
 2041 4816 2
 2042 2407 1
 2043 2406 1
 2044 2405 1
 2045 24040 10
 2046 40851 17
 2047 24020 10
 2048 33614 14
 2049 21600 9
 2050 43182 18
 2051 16786 7
 2052 7191 3
 2053 38336 16
 2054 45505 19
 2055 19152 8
 2056 4786 2
 2057 38272 16
 2058 9564 4
 2059 19120 8
 2060 16723 7
 2061 2388 1
 2062 42966 18
 2063 28632 12
 2064 40545 17
 2065 42912 18
 2066 16681 7
 2067 38112 16
 2068 2381 1
 2069 28560 12
 2070 23790 10
 2071 33292 14
 2072 33278 14
 2073 11880 5
 2074 2375 1
 2075 23740 10
 2076 33222 14
 2077 30836 13
 2078 11855 5
 2079 4740 2
 2080 21321 9
 2081 21312 9
 2082 4734 2
 2083 37856 16
 2084 40205 17
 2085 26004 11
 2086 25993 11
 2087 16534 7
 2088 4722 2
 2089 14160 6
 2090 9436 4
 2091 21222 9
 2092 47140 20
 2093 32984 14
 2094 32970 14
 2095 7062 3
 2096 44707 19
 2097 11760 5
 2098 23510 10
 2099 47000 20
 2100 28188 12
 2101 16436 7
 2102 11735 5
 2103 2346 1
 2104 42210 18
 2105 46880 20
 2106 46860 20
 2107 25762 11
 2108 2341 1
 2109 46800 20
 2110 23390 10
 2111 30394 13
 2112 42066 18
 2113 25696 11
 2114 28020 12
 2115 2334 1
 2116 30329 13
 2117 41976 18
 2118 2331 1
 2119 4660 2
 2120 46580 20
 2121 23280 10
 2122 30251 13
 2123 20934 9
 2124 11625 5
 2125 25564 11
 2126 6969 3
 2127 34830 15
 2128 23210 10
 2129 4640 2
 2130 32466 14
 2131 46360 20
 2132 39389 17
 2133 13896 6
 2134 13890 6
 2135 20826 9
 2136 34695 15
 2137 25432 11
 2138 25421 11
 2139 43890 19
 2140 30017 13
 2141 41544 18
 2142 11535 5
 2143 29978 13
 2144 27660 12
 2145 13824 6
 2146 27636 12
 2147 39134 17
 2148 43719 19
 2149 29900 13
 2150 4598 2
 2151 11490 5
 2152 18376 8
 2153 25256 11
 2154 45900 20
 2155 9176 4
 2156 36688 16
 2157 20628 9
 2158 16037 7
 2159 43510 19
 2160 45780 20
 2161 25168 11
 2162 36592 16
 2163 6858 3
 2164 25135 11
 2165 27408 12
 2166 18264 8
 2167 2282 1
 2168 11405 5
 2169 4560 2
 2170 36464 16
 2171 45560 20
 2172 6831 3
 2173 45520 20
 2174 22750 10
 2175 2274 1
 2176 20457 9
 2177 4544 2
 2178 15897 7
 2179 43130 19
 2180 13614 6
 2181 43092 19
 2182 40806 18
 2183 43054 19
 2184 29445 13
 2185 24904 11
 2186 33945 15
 2187 31668 14
 2188 27132 12
 2189 40680 18
 2190 22590 10
 2191 33870 15
 2192 18056 8
 2193 20304 9
 2194 13530 6
 2195 9016 4
 2196 31542 14
 2197 27024 12
 2198 22510 10
 2199 18000 8
 2200 40482 18
 2201 2248 1
 2202 44940 20
 2203 15722 7
 2204 11225 5
 2205 13464 6
 2206 26916 12
 2207 4484 2
 2208 31374 14
 2209 22400 10
 2210 33585 15
 2211 44760 20
 2212 29081 13
 2213 29068 13
 2214 40230 18
 2215 6702 3
 2216 6699 3
 2217 6696 3
 2218 8924 4
 2219 20070 9
 2220 2229 1
 2221 13368 6
 2222 4454 2
 2223 13356 6
 2224 13350 6
 2225 40032 18
 2226 35568 16
 2227 24442 11
 2228 17768 8
 2229 39960 18
 2230 39942 18
 2231 26616 12
 2232 37689 17
 2233 24376 11
 2234 37655 17
 2235 24354 11
 2236 15491 7
 2237 39816 18
 2238 24321 11
 2239 4420 2
 2240 26508 12
 2241 35328 16
 2242 28691 13
 2243 41914 19
 2244 22050 10
 2245 39672 18
 2246 37451 17
 2247 35232 16
 2248 11005 5
 2249 37400 17
 2250 26388 12
 2251 35168 16
 2252 39546 18
 2253 13176 6
 2254 39510 18
 2255 26328 12
 2256 41667 19
 2257 15344 7
 2258 8764 4
 2259 37230 17
 2260 6567 3
 2261 2188 1
 2262 8748 4
 2263 39348 18
 2264 39330 18
 2265 24024 11
 2266 6549 3
 2267 43640 20
 2268 10905 5
 2269 8720 4
 2270 19611 9
 2271 28314 13
 2272 13062 6
 2273 26112 12
 2274 26100 12
 2275 13044 6
 2276 34768 16
 2277 26064 12
 2278 10855 5
 2279 43400 20
 2280 36873 17
 2281 13008 6
 2282 43340 20
 2283 38988 18
 2284 23815 11
 2285 4328 2
 2286 23793 11
 2287 38916 18
 2288 17288 8
 2289 2160 1
 2290 8636 4
 2291 15106 7
 2292 15099 7
 2293 36652 17
 2294 34480 16
 2295 28002 13
 2296 21530 10
 2297 43040 20
 2298 38718 18
 2299 2150 1
 2300 19341 9
 2301 40812 19
 2302 27911 13
 2303 34336 16
 2304 12870 6
 2305 27872 13
 2306 4286 2
 2307 23562 11
 2308 8564 4
 2309 6420 3
 2310 42780 20
 2311 40622 19
 2312 32055 15
 2313 21360 10
 2314 36295 17
 2315 19206 9
 2316 34128 16
 2317 36244 17
 2318 34096 16
 2319 12780 6
 2320 40451 19
 2321 14896 7
 2322 31905 15
 2323 42520 20
 2324 14875 7
 2325 4248 2
 2326 40337 19
 2327 10610 5
 2328 38178 18
 2329 2120 1
 2330 4238 2
 2331 36006 17
 2332 42340 20
 2333 2116 1
 2334 16920 8
 2335 38052 18
 2336 38034 18
 2337 8448 4
 2338 8444 4
 2339 12660 6
 2340 27417 13
 2341 8432 4
 2342 6321 3
 2343 35802 17
 2344 29470 14
 2345 35768 17
 2346 16824 8
 2347 14714 7
 2348 42020 20
 2349 27300 13
 2350 4198 2
 2351 2098 1
 2352 14679 7
 2353 33536 16
 2354 35615 17
 2355 27222 13
 2356 16744 8
 2357 37656 18
 2358 29274 14
 2359 35530 17
 2360 8356 4
 2361 41760 20
 2362 6261 3
 2363 29204 14
 2364 20850 10
 2365 37512 18
 2366 8332 4
 2367 2082 1
 2368 16648 8
 2369 33280 16
 2370 8316 4
 2371 18702 9
 2372 35309 17
 2373 18684 9
 2374 26975 13
 2375 31110 15
 2376 39387 19
 2377 24864 12
 2378 10355 5
 2379 22770 11
 2380 39311 19
 2381 14476 7
 2382 2067 1
 2383 16528 8
 2384 30975 15
 2385 39216 19
 2386 20630 10
 2387 28868 14
 2388 35037 17
 2389 30900 15
 2390 30885 15
 2391 18522 9
 2392 37026 18
 2393 39064 19
 2394 24660 12
 2395 30810 15
 2396 32848 16
 2397 22572 11
 2398 22561 11
 2399 12300 6
 2400 40980 20
 2401 6144 3
 2402 26611 13
 2403 28644 14
 2404 38855 19
 2405 32704 16
 2406 14301 7
 2407 4084 2
 2408 26533 13
 2409 8160 4
 2410 16312 8
 2411 14266 7
 2412 24444 12
 2413 30540 15
 2414 20350 10
 2415 36612 18
 2416 40660 20
 2417 12192 6
 2418 20310 10
 2419 40600 20
 2420 32464 16
 2421 16224 8
 2422 22297 11
 2423 10130 5
 2424 30375 15
 2425 40480 20
 2426 32368 16
 2427 6066 3
 2428 16168 8
 2429 36360 18
 2430 8076 4
 2431 20180 10
 2432 40340 20
 2433 24192 12
 2434 30225 15
 2435 28196 14
 2436 10065 5
 2437 30180 15
 2438 14077 7
 2439 16080 8
 2440 18081 9
 2441 4016 2
 2442 30105 15
 2443 2006 1
 2444 20050 10
 2445 14028 7
 2446 38057 19
 2447 28028 14
 2448 34017 17
 2449 20000 10
 2450 21989 11
 2451 1998 1
 2452 11982 6
 2453 13972 7
 2454 21945 11
 2455 9970 5
 2456 17937 9
 2457 33864 17
 2458 7964 4
 2459 25870 13
 2460 1989 1
 2461 35784 18
 2462 25831 13
 2463 5958 3
 2464 13895 7
 2465 27776 14
 2466 35694 18
 2467 21802 11
 2468 19810 10
 2469 37620 19
 2470 1979 1
 2471 35604 18
 2472 35586 18
 2473 5928 3
 2474 25675 13
 2475 1974 1
 2476 31568 16
 2477 15776 8
 2478 1971 1
 2479 33490 17
 2480 13783 7
 2481 19680 10
 2482 3934 2
 2483 37354 19
 2484 21615 11
 2485 7856 4
 2486 19630 10
 2487 39240 20
 2488 21571 11
 2489 9800 5
 2490 31344 16
 2491 7832 4
 2492 25441 13
 2493 35208 18
 2494 3910 2
 2495 17586 9
 2496 19530 10
 2497 1952 1
 2498 9755 5
 2499 25350 13
 2500 33133 17
 2501 13636 7
 2502 31152 16
 2503 25298 13
 2504 25285 13
 2505 23328 12
 2506 23316 12
 2507 15536 8
 2508 21351 11
 2509 17460 9
 2510 11634 6
 2511 9690 5
 2512 34866 18
 2513 9680 5
 2514 5805 3
 2515 21274 11
 2516 38660 20
 2517 32844 17
 2518 38620 20
 2519 11580 6
 2520 11574 6
 2521 30848 16
 2522 15416 8
 2523 25038 13
 2524 25025 13
 2525 28860 15
 2526 34614 18
 2527 38440 20
 2528 19210 10
 2529 32640 17
 2530 11514 6
 2531 5754 3
 2532 26838 14
 2533 3832 2
 2534 17235 9
 2535 22968 12
 2536 26782 14
 2537 34416 18
 2538 19110 10
 2539 3820 2
 2540 17181 9
 2541 13356 7
 2542 36233 19
 2543 28590 15
 2544 7620 4
 2545 20944 11
 2546 28545 15
 2547 15216 8
 2548 11406 6
 2549 26600 14
 2550 34182 18
 2551 1898 1
 2552 7588 4
 2553 24648 13
 2554 7580 4
 2555 37880 20
 2556 24609 13
 2557 26488 14
 2558 18910 10
 2559 1890 1
 2560 20779 11
 2561 22656 12
 2562 26418 14
 2563 37720 20
 2564 20735 11
 2565 30144 16
 2566 26362 14
 2567 7528 4
 2568 16929 9
 2569 26320 14
 2570 16911 9
 2571 37560 20
 2572 15016 8
 2573 18760 10
 2574 7500 4
 2575 26236 14
 2576 20603 11
 2577 31824 17
 2578 20581 11
 2579 28050 15
 2580 14952 8
 2581 20548 11
 2582 31739 17
 2583 33588 18
 2584 5595 3
 2585 9320 5
 2586 7452 4
 2587 35378 19
 2588 27915 15
 2589 35340 19
 2590 35321 19
 2591 9290 5
 2592 1857 1
 2593 25984 14
 2594 16695 9
 2595 5562 3
 2596 9265 5
 2597 1852 1
 2598 35169 19
 2599 16650 9
 2600 20339 11
 2601 12936 7
 2602 3694 2
 2603 14768 8
 2604 5535 3
 2605 22128 12
 2606 7372 4
 2607 29472 16
 2608 31297 17
 2609 1840 1
 2610 18390 10
 2611 14704 8
 2612 29392 16
 2613 7344 4
 2614 34865 19
 2615 20174 11
 2616 10998 6
 2617 21984 12
 2618 5493 3
 2619 20130 11
 2620 5487 3
 2621 20108 11
 2622 5481 3
 2623 32868 18
 2624 31025 17
 2625 21888 12
 2626 9115 5
 2627 18220 10
 2628 7284 4
 2629 20020 11
 2630 32742 18
 2631 30906 17
 2632 21804 12
 2633 32688 18
 2634 16335 9
 2635 34466 19
 2636 12691 7
 2637 19932 11
 2638 23543 13
 2639 27150 15
 2640 18090 10
 2641 9040 5
 2642 9035 5
 2643 1806 1
 2644 10830 6
 2645 5412 3
 2646 9015 5
 2647 1802 1
 2648 30617 17
 2649 3600 2
 2650 7196 4
 2651 35960 20
 2652 26955 15
 2653 25144 14
 2654 7180 4
 2655 1794 1
 2656 1793 1
 2657 5376 3
 2658 1791 1
 2659 5370 3
 2660 25046 14
 2661 10728 6
 2662 14296 8
 2663 3572 2
 2664 24990 14
 2665 35680 20
 2666 7132 4
 2667 23166 13
 2668 30277 17
 2669 24920 14
 2670 8895 5
 2671 33782 19
 2672 8885 5
 2673 21312 12
 2674 26625 15
 2675 24836 14
 2676 12411 7
 2677 15948 9
 2678 30107 17
 2679 15930 9
 2680 7076 4
 2681 28288 16
 2682 22971 13
 2683 5298 3
 2684 21180 12
 2685 12348 7
 2686 19393 11
 2687 35240 20
 2688 8805 5
 2689 35200 20
 2690 28144 16
 2691 26370 15
 2692 19327 11
 2693 33364 19
 2694 33345 19
 2695 33326 19
 2696 15777 9
 2697 29784 17
 2698 7004 4
 2699 5250 3
 2700 15741 9
 2701 8740 5
 2702 24458 14
 2703 19206 11
 2704 27920 16
 2705 13952 8
 2706 20916 12
 2707 12194 7
 2708 17410 10
 2709 26100 15
 2710 10434 6
 2711 29546 17
 2712 17370 10
 2713 3472 2
 2714 29495 17
 2715 31212 18
 2716 27728 16
 2717 29444 17
 2718 22503 13
 2719 15570 9
 2720 32851 19
 2721 12096 7
 2722 6908 4
 2723 6904 4
 2724 3450 2
 2725 13792 8
 2726 12061 7
 2727 34440 20
 2728 3442 2
 2729 25800 15
 2730 10314 6
 2731 29206 17
 2732 25755 15
 2733 30888 18
 2734 29155 17
 2735 29138 17
 2736 23982 14
 2737 18832 11
 2738 23954 14
 2739 10260 6
 2740 1709 1
 2741 25620 15
 2742 3414 2
 2743 27296 16
 2744 17050 10
 2745 6816 4
 2746 11921 7
 2747 5106 3
 2748 30618 18
 2749 17000 10
 2750 10194 6
 2751 30564 18
 2752 30546 18
 2753 18656 11
 2754 1695 1
 2755 3388 2
 2756 6772 4
 2757 16920 10
 2758 1691 1
 2759 8450 5
 2760 23646 14
 2761 30384 18
 2762 30366 18
 2763 16860 10
 2764 3370 2
 2765 28628 17
 2766 10098 6
 2767 5046 3
 2768 8405 5
 2769 13440 8
 2770 18469 11
 2771 13424 8
 2772 33540 20
 2773 13408 8
 2774 11725 7
 2775 3348 2
 2776 15057 9
 2777 18392 11
 2778 15039 9
 2779 3340 2
 2780 5007 3
 2781 15012 9
 2782 8335 5
 2783 28322 17
 2784 21645 13
 2785 33280 20
 2786 9978 6
 2787 21606 13
 2788 1661 1
 2789 21580 13
 2790 14931 9
 2791 21554 13
 2792 28169 17
 2793 1656 1
 2794 3310 2
 2795 19848 12
 2796 3306 2
 2797 29736 18
 2798 9906 6
 2799 21450 13
 2800 29682 18
 2801 31312 19
 2802 1647 1
 2803 14814 9
 2804 21385 13
 2805 8220 5
 2806 13144 8
 2807 18062 11
 2808 3282 2
 2809 18040 11
 2810 11473 7
 2811 6552 4
 2812 13096 8
 2813 32720 20
 2814 11445 7
 2815 17974 11
 2816 29394 18
 2817 1632 1
 2818 13048 8
 2819 22820 14
 2820 8145 5
 2821 9768 6
 2822 3254 2
 2823 29268 18
 2824 30875 19
 2825 6496 4
 2826 12984 8
 2827 19464 12
 2828 14589 9
 2829 8100 5
 2830 16190 10
 2831 11326 7
 2832 3234 2
 2833 21008 13
 2834 11305 7
 2835 19368 12
 2836 8065 5
 2837 24180 15
 2838 24165 15
 2839 1610 1
 2840 30571 19
 2841 12864 8
 2842 22498 14
 2843 8030 5
 2844 16050 10
 2845 22456 14
 2846 14427 9
 2847 30438 19
 2848 3202 2
 2849 9600 6
 2850 22386 14
 2851 11186 7
 2852 14373 9
 2853 9576 6
 2854 17545 11
 2855 17534 11
 2856 12744 8
 2857 3184 2
 2858 31820 20
 2859 27030 17
 2860 20657 13
 2861 23820 15
 2862 3174 2
 2863 20618 13
 2864 12680 8
 2865 20592 13
 2866 22162 14
 2867 31640 20
 2868 20553 13
 2869 18960 12
 2870 18948 12
 2871 1578 1
 2872 6308 4
 2873 6304 4
 2874 26775 17
 2875 1574 1
 2876 26741 17
 2877 17292 11
 2878 7855 5
 2879 31400 20
 2880 23535 15
 2881 12544 8
 2882 18804 12
 2883 9396 6
 2884 3130 2
 2885 15640 10
 2886 31260 20
 2887 4686 3
 2888 21854 14
 2889 4680 3
 2890 6236 4
 2891 28044 18
 2892 15570 10
 2893 4668 3
 2894 18660 12
 2895 17094 11
 2896 6212 4
 2897 9312 6
 2898 23265 15
 2899 17050 11
 2900 21686 14
 2901 21672 14
 2902 9282 6
 2903 21644 14
 2904 7725 5
 2905 16984 11
 2906 12344 8
 2907 23130 15
 2908 18492 12
 2909 15400 10
 2910 16929 11
 2911 6152 4
 2912 6148 4
 2913 16896 11
 2914 27630 18
 2915 1534 1
 2916 7665 5
 2917 18384 12
 2918 24496 16
 2919 29070 19
 2920 22935 15
 2921 10696 7
 2922 22905 15
 2923 18312 12
 2924 25925 17
 2925 10668 7
 2926 24368 16
 2927 24352 16
 2928 4563 3
 2929 21280 14
 2930 21266 14
 2931 6072 4
 2932 3034 2
 2933 4548 3
 2934 13635 9
 2935 6056 4
 2936 27234 18
 2937 25704 17
 2938 22665 15
 2939 15100 10
 2940 3018 2
 2941 18096 12
 2942 9042 6
 2943 10542 7
 2944 4515 3
 2945 22560 15
 2946 22545 15
 2947 1502 1
 2948 6004 4
 2949 19500 13
 2950 28481 19
 2951 22470 15
 2952 28443 19
 2953 1496 1
 2954 13455 9
 2955 25398 17
 2956 19409 13
 2957 22380 15
 2958 25347 17
 2959 17880 12
 2960 13401 9
 2961 26784 18
 2962 5948 4
 2963 29720 20
 2964 5940 4
 2965 5936 4
 2966 10381 7
 2967 8892 6
 2968 4443 3
 2969 28120 19
 2970 19227 13
 2971 28082 19
 2972 16247 11
 2973 20664 14
 2974 5900 4
 2975 4422 3
 2976 17676 12
 2977 25024 17
 2978 1471 1
 2979 26460 18
 2980 23504 16
 2981 10276 7
 2982 23472 16
 2983 1466 1
 2984 27835 19
 2985 10248 7
 2986 1463 1
 2987 7310 5
 2988 17532 12
 2989 14600 10
 2990 21885 15
 2991 26244 18
 2992 20398 14
 2993 2912 2
 2994 4365 3
 2995 21810 15
 2996 13077 9
 2997 2904 2
 2998 26118 18
 2999 29000 20
 3000 14490 10
 3001 1448 1
 3002 26046 18
 3003 17352 12
 3004 17340 12
 3005 7220 5
 3006 28860 20
 3007 8652 6
 3008 18733 13
 3009 28800 20
 3010 12951 9
 3011 25884 18
 3012 7185 5
 3013 12924 9
 3014 8610 6
 3015 8604 6
 3016 22928 16
 3017 8592 6
 3018 14310 10
 3019 25740 18
 3020 8574 6
 3021 19992 14
 3022 22832 16
 3023 18538 13
 3024 8550 6
 3025 28480 20
 3026 28460 20
 3027 7110 5
 3028 11368 8
 3029 21300 15
 3030 28380 20
 3031 11344 8
 3032 19838 14
 3033 11328 8
 3034 14150 10
 3035 12726 9
 3036 15543 11
 3037 26828 19
 3038 22576 16
 3039 11280 8
 3040 8454 6
 3041 12672 9
 3042 19698 14
 3043 19684 14
 3044 11240 8
 3045 26676 19
 3046 14030 10
 3047 7010 5
 3048 15411 11
 3049 26600 19
 3050 9793 7
 3051 19572 14
 3052 19558 14
 3053 18148 13
 3054 5580 4
 3055 18122 13
 3056 25074 18
 3057 11136 8
 3058 1391 1
 3059 16680 12
 3060 6945 5
 3061 23596 17
 3062 5548 4
 3063 6930 5
 3064 13850 10
 3065 22144 16
 3066 15213 11
 3067 20730 15
 3068 16572 12
 3069 20700 15
 3070 8274 6
 3071 20670 15
 3072 20655 15
 3073 26144 19
 3074 17875 13
 3075 10992 8
 3076 27460 20
 3077 1372 1
 3078 13710 10
 3079 5480 4
 3080 1369 1
 3081 9576 7
 3082 10936 8
 3083 21856 16
 3084 25935 19
 3085 10912 8
 3086 10904 8
 3087 25878 19
 3088 27220 20
 3089 23120 17
 3090 25821 19
 3091 8148 6
 3092 10856 8
 3093 4068 3
 3094 16260 12
 3095 21664 16
 3096 1353 1
 3097 16224 12
 3098 5404 4
 3099 24300 18
 3100 16188 12
 3101 17524 13
 3102 20205 15
 3103 12114 9
 3104 9415 7
 3105 24192 18
 3106 21488 16
 3107 16104 12
 3108 2682 2
 3109 5360 4
 3110 8034 6
 3111 24084 18
 3112 10696 8
 3113 14696 11
 3114 14685 11
 3115 8004 6
 3116 13330 10
 3117 17316 13
 3118 18634 14
 3119 11970 9
 3120 3987 3
 3121 22576 17
 3122 9289 7
 3123 2652 2
 3124 6625 5
 3125 6620 5
 3126 5292 4
 3127 22474 17
 3128 23778 18
 3129 10560 8
 3130 19785 15
 3131 15816 12
 3132 19755 15
 3133 10528 8
 3134 2630 2
 3135 2628 2
 3136 1313 1
 3137 18368 14
 3138 14421 11
 3139 22270 17
 3140 20944 16
 3141 19620 15
 3142 9149 7
 3143 24814 19
 3144 1305 1
 3145 6520 5
 3146 20848 16
 3147 22134 17
 3148 20816 16
 3149 7800 6
 3150 6495 5
 3151 3894 3
 3152 1297 1
 3153 18144 14
 3154 15540 12
 3155 23292 18
 3156 10344 8
 3157 10336 8
 3158 18074 14
 3159 14190 11
 3160 12890 10
 3161 6440 5
 3162 24453 19
 3163 1286 1
 3164 24415 19
 3165 3852 3
 3166 15396 12
 3167 19230 15
 3168 2562 2
 3169 21760 17
 3170 17906 14
 3171 21726 17
 3172 11493 9
 3173 3828 3
 3174 17850 14
 3175 11466 9
 3176 15276 12
 3177 8904 7
 3178 5084 4
 3179 6350 5
 3180 6345 5
 3181 15216 12
 3182 15204 12
 3183 24054 19
 3184 25300 20
 3185 1264 1
 3186 6315 5
 3187 5048 4
 3188 23959 19
 3189 2520 2
 3190 25180 20
 3191 20128 16
 3192 23883 19
 3193 7536 6
 3194 6275 5
 3195 3762 3
 3196 22554 18
 3197 17528 14
 3198 21267 17
 3199 15000 12
 3200 19984 16
 3201 8736 7
 3202 1247 1
 3203 6230 5
 3204 7470 6
 3205 17416 14
 3206 17402 14
 3207 16146 13
 3208 23579 19
 3209 11160 9
 3210 12390 10
 3211 21046 17
 3212 7422 6
 3213 24720 20
 3214 8645 7
 3215 13574 11
 3216 6165 5
 3217 20944 17
 3218 19696 16
 3219 17220 14
 3220 7374 6
 3221 23332 19
 3222 23313 19
 3223 2452 2
 3224 6125 5
 3225 7344 6
 3226 9784 8
 3227 14664 12
 3228 1221 1
 3229 18300 15
 3230 3657 3
 3231 17052 14
 3232 6085 5
 3233 19456 16
 3234 8505 7
 3235 12140 10
 3236 6065 5
 3237 19392 16
 3238 14532 12
 3239 8470 7
 3240 6045 5
 3241 14496 12
 3242 22933 19
 3243 7236 6
 3244 22895 19
 3245 14448 12
 3246 20451 17
 3247 18030 15
 3248 24020 20
 3249 18000 15
 3250 9592 8
 3251 17970 15
 3252 15561 13
 3253 23920 20
 3254 23900 20
 3255 23880 20
 3256 10737 9
 3257 9536 8
 3258 13101 11
 3259 21420 18
 3260 5945 5
 3261 9504 8
 3262 11870 10
 3263 7116 6
 3264 20145 17
 3265 23680 20
 3266 3549 3
 3267 14184 12
 3268 9448 8
 3269 7080 6
 3270 8253 7
 3271 9424 8
 3272 16478 14
 3273 16464 14
 3274 5875 5
 3275 10566 9
 3276 9384 8
 3277 9376 8
 3278 22249 19
 3279 11700 10
 3280 1169 1
 3281 8176 7
 3282 19839 17
 3283 23320 20
 3284 12815 11
 3285 18624 16
 3286 13956 12
 3287 11620 10
 3288 2322 2
 3289 18560 16
 3290 16226 14
 3291 2316 2
 3292 19669 17
 3293 17340 15
 3294 17325 15
 3295 6924 6
 3296 11530 10
 3297 23040 20
 3298 6906 6
 3299 1150 1
 3300 1149 1
 3301 9184 8
 3302 8029 7
 3303 20628 18
 3304 14885 13
 3305 8008 7
 3306 4572 4
 3307 5710 5
 3308 10269 9
 3309 11400 10
 3310 19363 17
 3311 1138 1
 3312 19329 17
 3313 15904 14
 3314 14755 13
 3315 20412 18
 3316 6798 6
 3317 12452 11
 3318 19227 17
 3319 7910 7
 3320 4516 4
 3321 4512 4
 3322 7889 7
 3323 3378 3
 3324 7875 7
 3325 13488 12
 3326 6738 6
 3327 15708 14
 3328 8968 8
 3329 5600 5
 3330 2238 2
 3331 4472 4
 3332 20106 18
 3333 4464 4
 3334 13380 12
 3335 1114 1
 3336 2226 2
 3337 8896 8
 3338 5555 5
 3339 17760 16
 3340 14417 13
 3341 15512 14
 3342 22140 20
 3343 6636 6
 3344 2210 2
 3345 22080 20
 3346 3309 3
 3347 12122 11
 3348 4404 4
 3349 9900 9
 3350 12089 11
 3351 1098 1
 3352 20843 19
 3353 13152 12
 3354 20805 19
 3355 8752 8
 3356 14209 13
 3357 7644 7
 3358 14183 13
 3359 20710 19
 3360 18513 17
 3361 16320 15
 3362 13044 12
 3363 18462 17
 3364 13020 12
 3365 18428 17
 3366 17328 16
 3367 4328 4
 3368 21620 20
 3369 17280 16
 3370 9711 9
 3371 17248 16
 3372 4308 4
 3373 18292 17
 3374 7525 7
 3375 18258 17
 3376 11803 11
 3377 7504 7
 3378 10710 10
 3379 10700 10
 3380 5345 5
 3381 3204 3
 3382 12804 12
 3383 12792 12
 3384 15975 15
 3385 2128 2
 3386 7441 7
 3387 18054 17
 3388 18037 17
 3389 21200 20
 3390 16944 16
 3391 21160 20
 3392 12684 12
 3393 12672 12
 3394 1055 1
 3395 8432 8
 3396 1053 1
 3397 14728 14
 3398 5255 5
 3399 19950 19
 3400 3147 3
 3401 18864 18
 3402 8376 8
 3403 17782 17
 3404 13585 13
 3405 11484 11
 3406 1043 1
 3407 2084 2
 3408 10410 10
 3409 16640 16
 3410 3117 3
 3411 15570 15
 3412 5185 5
 3413 4144 4
 3414 3105 3
 3415 19646 19
 3416 9297 9
 3417 13416 13
 3418 15465 15
 3419 4120 4
 3420 19551 19
 3421 1028 1
 3422 10270 10
 3423 4104 4
 3424 15375 15
 3425 1024 1
 3426 12276 12
 3427 20440 20
 3428 1021 1
 3429 9180 9
 3430 18342 18
 3431 2036 2
 3432 13221 13
 3433 19304 19
 3434 7105 7
 3435 18252 18
 3436 5065 5
 3437 14168 14
 3438 9099 9
 3439 7070 7
 3440 7063 7
 3441 13104 13
 3442 8056 8
 3443 2012 2
 3444 15075 15
 3445 16064 16
 3446 3009 3
 3447 12024 12
 3448 17017 17
 3449 1000 1
 3450 19980 20
 3451 6986 7
 3452 7976 8
 3453 9960 10
 3454 11940 12
 3455 9940 10
 3456 4965 5
 3457 19840 20
 3458 18829 19
 3459 4950 5
 3460 10879 11
 3461 14820 15
 3462 7896 8
 3463 8874 9
 3464 8865 9
 3465 1968 2
 3466 5898 6
 3467 6874 7
 3468 6867 7
 3469 12740 13
 3470 17622 18
 3471 9780 10
 3472 2931 3
 3473 16592 17
 3474 1950 2
 3475 4870 5
 3476 4865 5
 3477 972 1
 3478 18449 19
 3479 17460 18
 3480 10659 11
 3481 8712 9
 3482 16439 17
 3483 13524 14
 3484 11580 12
 3485 13496 14
 3486 16371 17
 3487 12506 13
 3488 17298 18
 3489 13440 14
 3490 15344 16
 3491 15328 16
 3492 957 1
 3493 10516 11
 3494 19100 20
 3495 19080 20
 3496 15248 16
 3497 5712 6
 3498 951 1
 3499 3800 4
 3500 14235 15
 3501 4740 5
 3502 7576 8
 3503 15136 16
 3504 9450 10
 3505 9440 10
 3506 7544 8
 3507 18840 20
 3508 5646 6
 3509 9400 10
 3510 18780 20
 3511 13132 14
 3512 8433 9
 3513 12168 13
 3514 2805 3
 3515 8406 9
 3516 2799 3
 3517 8388 9
 3518 13965 15
 3519 12090 13
 3520 929 1
 3521 15776 17
 3522 8343 9
 3523 9260 10
 3524 9250 10
 3525 1848 2
 3526 6461 7
 3527 12908 14
 3528 12894 14
 3529 8280 9
 3530 13785 15
 3531 1836 2
 3532 17423 19
 3533 17404 19
 3534 4575 5
 3535 10968 12
 3536 5478 6
 3537 14592 16
 3538 17309 19
 3539 13650 15
 3540 8181 9
 3541 11804 13
 3542 7256 8
 3543 12684 14
 3544 2715 3
 3545 6328 7
 3546 6321 7
 3547 7216 8
 3548 18020 20
 3549 1800 2
 3550 13485 15
 3551 2694 3
 3552 10764 12
 3553 12544 14
 3554 1790 2
 3555 11622 13
 3556 15181 17
 3557 17840 20
 3558 2673 3
 3559 11570 13
 3560 5334 6
 3561 12432 14
 3562 1774 2
 3563 5316 6
 3564 3540 4
 3565 10608 12
 3566 2649 3
 3567 6174 7
 3568 3524 4
 3569 14080 16
 3570 16701 19
 3571 1756 2
 3572 1754 2
 3573 4380 5
 3574 3500 4
 3575 4370 5
 3576 9603 11
 3577 13080 15
 3578 16549 19
 3579 2610 3
 3580 1738 2
 3581 868 1
 3582 867 1
 3583 6062 7
 3584 4325 5
 3585 15552 18
 3586 10356 12
 3587 6034 7
 3588 10332 12
 3589 3440 4
 3590 14603 17
 3591 7722 9
 3592 3428 4
 3593 3424 4
 3594 6840 8
 3595 17080 20
 3596 15354 18
 3597 11928 14
 3598 5106 6
 3599 14450 17
 3600 11037 13
 3601 1696 2
 3602 9317 11
 3603 6768 8
 3604 11830 14
 3605 16036 19
 3606 15174 18
 3607 16840 20
 3608 1682 2
 3609 12600 15
 3610 9229 11
 3611 8380 10
 3612 10881 13
 3613 1672 2
 3614 5845 7
 3615 11676 14
 3616 4165 5
 3617 9984 12
 3618 13296 16
 3619 10790 13
 3620 15751 19
 3621 828 1
 3622 9924 12
 3623 8260 10
 3624 12375 15
 3625 9888 12
 3626 2469 3
 3627 14796 18
 3628 16420 20
 3629 2460 3
 3630 5733 7
 3631 1636 2
 3632 10621 13
 3633 4080 5
 3634 3260 4
 3635 814 1
 3636 6504 8
 3637 12180 15
 3638 2433 3
 3639 5670 7
 3640 14562 18
 3641 4848 6
 3642 5649 7
 3643 12090 15
 3644 15295 19
 3645 8844 11
 3646 5621 7
 3647 9624 12
 3648 12816 16
 3649 6400 8
 3650 3995 5
 3651 3192 4
 3652 7173 9
 3653 9552 12
 3654 3975 5
 3655 3176 4
 3656 15860 20
 3657 11088 14
 3658 4746 6
 3659 5530 7
 3660 8679 11
 3661 4728 6
 3662 14166 18
 3663 11004 14
 3664 785 1
 3665 15680 20
 3666 7047 9
 3667 14076 18
 3668 9372 12
 3669 1560 2
 3670 1558 2
 3671 10114 13
 3672 14763 19
 3673 6208 8
 3674 10075 13
 3675 10836 14
 3676 8503 11
 3677 9264 12
 3678 8481 11
 3679 1540 2
 3680 6921 9
 3681 768 1
 3682 14573 19
 3683 4596 6
 3684 9945 13
 3685 8404 11
 3686 12971 17
 3687 12192 16
 3688 8371 11
 3689 9880 13
 3690 12144 16
 3691 11370 15
 3692 7570 10
 3693 13608 18
 3694 14345 19
 3695 4524 6
 3696 15060 20
 3697 12032 16
 3698 4506 6
 3699 3750 5
 3700 1498 2
 3701 5236 7
 3702 4482 6
 3703 11936 16
 3704 745 1
 3705 10416 14
 3706 11145 15
 3707 8162 11
 3708 14820 20
 3709 2960 4
 3710 10346 14
 3711 6642 9
 3712 14740 20
 3713 3680 5
 3714 1470 2
 3715 8808 12
 3716 12461 17
 3717 8784 12
 3718 9503 13
 3719 1460 2
 3720 10935 15
 3721 11648 16
 3722 12359 17
 3723 726 1
 3724 6525 9
 3725 2172 3
 3726 6507 9
 3727 10108 14
 3728 5768 8
 3729 14400 20
 3730 10066 14
 3731 10052 14
 3732 4302 6
 3733 5012 7
 3734 1430 2
 3735 7854 11
 3736 9982 14
 3737 5696 8
 3738 2133 3
 3739 9230 13
 3740 4963 7
 3741 7788 11
 3742 9898 14
 3743 7766 11
 3744 7050 10
 3745 2112 3
 3746 2109 3
 3747 1404 2
 3748 10515 15
 3749 12600 18
 3750 4194 6
 3751 6980 10
 3752 11152 16
 3753 2088 3
 3754 10425 15
 3755 7634 11
 3756 7623 11
 3757 6228 9
 3758 11056 16
 3759 10350 15
 3760 13780 20
 3761 7568 11
 3762 4809 7
 3763 6860 10
 3764 10960 16
 3765 13680 20
 3766 4098 6
 3767 8184 12
 3768 12939 19
 3769 2720 4
 3770 12901 19
 3771 10848 16
 3772 9478 14
 3773 7436 11
 3774 2025 3
 3775 6740 10
 3776 8076 12
 3777 672 1
 3778 8723 13
 3779 6030 9
 3780 10035 15
 3781 7348 11
 3782 8671 13
 3783 10656 16
 3784 3990 6
 3785 1992 3
 3786 8619 13
 3787 9268 14
 3788 10576 16
 3789 1980 3
 3790 9885 15
 3791 9212 14
 3792 657 1
 3793 5248 8
 3794 3930 6
 3795 9810 15
 3796 5224 8
 3797 8476 13
 3798 5208 8
 3799 1300 2
 3800 11682 18
 3801 1944 3
 3802 3235 5
 3803 12920 20
 3804 3225 5
 3805 9016 14
 3806 7716 12
 3807 1926 3
 3808 12820 20
 3809 1280 2
 3810 10863 17
 3811 2552 4
 3812 637 1
 3813 6996 11
 3814 5080 8
 3815 3804 6
 3816 3798 6
 3817 10744 17
 3818 10727 17
 3819 4410 7
 3820 10064 16
 3821 628 1
 3822 10032 16
 3823 3130 5
 3824 5000 8
 3825 4368 7
 3826 8099 13
 3827 9952 16
 3828 7452 12
 3829 9920 16
 3830 8666 14
 3831 618 1
 3832 4319 7
 3833 2464 4
 3834 8610 14
 3835 5526 9
 3836 11034 18
 3837 1224 2
 3838 4277 7
 3839 610 1
 3840 9135 15
 3841 11552 19
 3842 9712 16
 3843 9696 16
 3844 12100 20
 3845 2416 4
 3846 8442 14
 3847 6622 11
 3848 3005 5
 3849 10200 17
 3850 9584 16
 3851 5382 9
 3852 7164 12
 3853 4768 8
 3854 5950 10
 3855 7722 13
 3856 11860 20
 3857 10064 17
 3858 3546 6
 3859 7080 12
 3860 4123 7
 3861 2352 4
 3862 1761 3
 3863 5860 10
 3864 6435 11
 3865 8760 15
 3866 2332 4
 3867 11058 19
 3868 10458 18
 3869 10440 18
 3870 1737 3
 3871 1156 2
 3872 11540 20
 3873 9792 17
 3874 7475 13
 3875 9184 16
 3876 8022 14
 3877 7436 13
 3878 6281 11
 3879 2280 4
 3880 9673 17
 3881 1704 3
 3882 2268 4
 3883 10188 18
 3884 11300 20
 3885 1128 2
 3886 8445 15
 3887 5058 9
 3888 7293 13
 3889 5040 9
 3890 4472 8
 3891 4464 8
 3892 4456 8
 3893 8896 16
 3894 3330 6
 3895 7756 14
 3896 6083 11
 3897 2760 5
 3898 4959 9
 3899 8250 15
 3900 5490 10
 3901 6576 12
 3902 1094 2
 3903 4914 9
 3904 3815 7
 3905 1632 3
 3906 4344 8
 3907 3794 7
 3908 9738 18
 3909 6480 12
 3910 6468 12
 3911 4842 9
 3912 3222 6
 3913 8040 15
 3914 10165 19
 3915 1068 2
 3916 1599 3
 3917 3192 6
 3918 4248 8
 3919 4240 8
 3920 2645 5
 3921 9504 18
 3922 10013 19
 3923 7364 14
 3924 9450 18
 3925 4716 9
 3926 1569 3
 3927 1044 2
 3928 6773 13
 3929 2600 5
 3930 3114 6
 3931 8806 17
 3932 2585 5
 3933 5160 10
 3934 6180 12
 3935 3598 7
 3936 8208 16
 3937 9216 18
 3938 8176 16
 3939 8670 17
 3940 6108 12
 3941 1524 3
 3942 5577 11
 3943 10120 20
 3944 9595 19
 3945 9072 18
 3946 8551 17
 3947 9538 19
 3948 4008 8
 3949 7000 14
 3950 2994 6
 3951 3984 8
 3952 6461 13
 3953 6944 14
 3954 6435 13
 3955 494 1
 3956 1972 4
 3957 492 1
 3958 8347 17
 3959 3920 8
 3960 8802 18
 3961 9760 20
 3962 2435 5
 3963 3402 7
 3964 6305 13
 3965 4840 10
 3966 1449 3
 3967 1446 3
 3968 6253 13
 3969 480 1
 3970 7185 15
 3971 6214 13
 3972 4293 9
 3973 8568 18
 3974 2375 5
 3975 7110 15
 3976 7568 16
 3977 8024 17
 3978 1413 3
 3979 940 2
 3980 7504 16
 3981 936 2
 3982 2335 5
 3983 7922 17
 3984 7440 16
 3985 6032 13
 3986 1389 3
 3987 1848 4
 3988 922 2
 3989 1380 3
 3990 8262 18
 3991 5038 11
 3992 3656 8
 3993 2280 5
 3994 9100 20
 3995 3632 8
 3996 5889 13
 3997 5876 13
 3998 3608 8
 3999 7650 17
 4000 449 1
 4001 2240 5
 4002 8940 20
 4003 892 2
 4004 4895 11
 4005 6216 14
 4006 6202 14
 4007 2652 6
 4008 6174 14
 4009 4400 10
 4010 4829 11
 4011 8322 19
 4012 4370 10
 4013 4796 11
 4014 7395 17
 4015 7812 18
 4016 6928 16
 4017 7344 17
 4018 2155 5
 4019 3870 9
 4020 8151 19
 4021 4708 11
 4022 3416 8
 4023 8520 20
 4024 8500 20
 4025 4664 11
 4026 6768 16
 4027 8018 19
 4028 2105 5
 4029 6720 16
 4030 7961 19
 4031 5016 12
 4032 834 2
 4033 6656 16
 4034 6225 15
 4035 414 1
 4036 7021 17
 4037 1236 3
 4038 3699 9
 4039 2460 6
 4040 4090 10
 4041 4080 10
 4042 5698 14
 4043 4872 12
 4044 7290 18
 4045 7272 18
 4046 5239 13
 4047 4824 12
 4048 5614 14
 4049 5600 14
 4050 6783 17
 4051 4776 12
 4052 6352 16
 4053 1188 3
 4054 6715 17
 4055 3546 9
 4056 7860 20
 4057 3528 9
 4058 782 2
 4059 390 1
 4060 4668 12
 4061 4268 11
 4062 2322 6
 4063 3088 8
 4064 7700 20
 4065 384 1
 4066 3830 10
 4067 7258 19
 4068 3429 9
 4069 380 1
 4070 4927 13
 4071 1890 5
 4072 6786 18
 4073 3384 9
 4074 4875 13
 4075 748 2
 4076 1865 5
 4077 4092 11
 4078 3710 10
 4079 1110 3
 4080 5166 14
 4081 3312 9
 4082 6606 18
 4083 3660 10
 4084 3650 10
 4085 1456 4
 4086 3993 11
 4087 4344 12
 4088 2166 6
 4089 6120 17
 4090 6821 19
 4091 5012 14
 4092 5355 15
 4093 5696 16
 4094 2840 8
 4095 6018 17
 4096 4236 12
 4097 4576 13
 4098 702 2
 4099 2450 7
 4100 2443 7
 4101 2784 8
 4102 6940 20
 4103 3806 11
 4104 2760 8
 4105 4128 12
 4106 1372 4
 4107 6840 20
 4108 2728 8
 4109 3740 11
 4110 2712 8
 4111 2366 7
 4112 5392 16
 4113 672 2
 4114 5360 16
 4115 334 1
 4116 999 3
 4117 6308 19
 4118 4965 15
 4119 660 2
 4120 5264 16
 4121 984 3
 4122 3270 10
 4123 1630 5
 4124 1300 4
 4125 3240 10
 4126 5814 18
 4127 2254 7
 4128 5136 16
 4129 2560 8
 4130 3509 11
 4131 2544 8
 4132 5389 17
 4133 6004 19
 4134 630 2
 4135 628 2
 4136 5634 18
 4137 312 1
 4138 933 3
 4139 310 1
 4140 927 3
 4141 1232 4
 4142 2149 7
 4143 1836 6
 4144 2745 9
 4145 1216 4
 4146 2424 8
 4147 3926 13
 4148 5719 19
 4149 4800 16
 4150 2392 8
 4151 4768 16
 4152 5346 18
 4153 2960 10
 4154 1180 4
 4155 3822 13
 4156 2930 10
 4157 3212 11
 4158 2328 8
 4159 3190 11
 4160 4624 16
 4161 2592 9
 4162 861 3
 4163 3146 11
 4164 2565 9
 4165 4260 15
 4166 5660 20
 4167 5640 20
 4168 5339 19
 4169 840 3
 4170 837 3
 4171 1668 6
 4172 2770 10
 4173 2760 10
 4174 4675 17
 4175 2192 8
 4176 4641 17
 4177 272 1
 4178 4607 17
 4179 540 2
 4180 1614 6
 4181 2412 9
 4182 4005 15
 4183 1596 6
 4184 1855 7
 4185 528 2
 4186 4734 18
 4187 5240 20
 4188 1566 6
 4189 260 1
 4190 2331 9
 4191 5160 20
 4192 3598 14
 4193 5120 20
 4194 3570 14
 4195 2794 11
 4196 3036 12
 4197 4536 18
 4198 251 1
 4199 4000 16
 4200 3237 13
 4201 1984 8
 4202 3211 13
 4203 2952 12
 4204 1225 5
 4205 3660 15
 4206 4131 17
 4207 1694 7
 4208 4579 19
 4209 3840 16
 4210 3824 16
 4211 3332 14
 4212 4740 20
 4213 3540 15
 4214 1410 6
 4215 2106 9
 4216 2330 10
 4217 4176 18
 4218 3465 15
 4219 4600 20
 4220 458 2
 4221 3420 15
 4222 4540 20
 4223 3164 14
 4224 3375 15
 4225 896 4
 4226 223 1
 4227 3552 16
 4228 3757 17
 4229 3080 14
 4230 3285 15
 4231 3924 18
 4232 3689 17
 4233 1944 9
 4234 3440 16
 4235 642 3
 4236 3195 15
 4237 212 1
 4238 1477 7
 4239 1680 8
 4240 1463 7
 4241 4160 20
 4242 1449 7
 4243 412 2
 4244 820 4
 4245 408 2
 4246 3045 15
 4247 3030 15
 4248 804 4
 4249 2000 10
 4250 398 2
 4251 1980 10
 4252 2955 15
 4253 1764 9
 4254 2340 12
 4255 3880 20
 4256 1544 8
 4257 1920 10
 4258 3820 20
 4259 1330 7
 4260 3780 20
 4261 2632 14
 4262 2805 15
 4263 2790 15
 4264 3515 19
 4265 3496 19
 4266 732 4
 4267 182 1
 4268 1086 6
 4269 3600 20
 4270 1074 6
 4271 712 4
 4272 531 3
 4273 352 2
 4274 2275 13
 4275 348 2
 4276 3460 20
 4277 860 5
 4278 1197 7
 4279 2380 14
 4280 2197 13
 4281 504 3
 4282 1002 6
 4283 1992 12
 4284 330 2
 4285 1148 7
 4286 2282 14
 4287 1782 11
 4288 2898 18
 4289 3200 20
 4290 954 6
 4291 1106 7
 4292 471 3
 4293 1872 12
 4294 310 2
 4295 1848 12
 4296 2448 16
 4297 1824 12
 4298 1510 10
 4299 2100 14
 4300 894 6
 4301 2516 17
 4302 2940 20
 4303 2190 15
 4304 1740 12
 4305 864 6
 4306 715 5
 4307 1846 13
 4308 987 7
 4309 2100 15
 4310 1529 11
 4311 414 3
 4312 2329 17
 4313 680 5
 4314 540 4
 4315 2546 19
 4316 133 1
 4317 2244 17
 4318 2227 17
 4319 2470 19
 4320 645 5
 4321 2432 19
 4322 1016 8
 4323 252 2
 4324 1000 8
 4325 2232 18
 4326 738 6
 4327 1586 13
 4328 242 2
 4329 1440 12
 4330 833 7
 4331 1652 14
 4332 1170 10
 4333 696 6
 4334 1035 9
 4335 342 3
 4336 2260 20
 4337 2240 20
 4338 333 3
 4339 770 7
 4340 1199 11
 4341 1080 10
 4342 1070 10
 4343 212 2
 4344 1260 12
 4345 208 2
 4346 309 3
 4347 306 3
 4348 404 4
 4349 700 7
 4350 1287 13
 4351 490 5
 4352 776 8
 4353 1248 13
 4354 1710 18
 4355 564 6
 4356 1023 11
 4357 1104 12
 4358 273 3
 4359 990 11
 4360 890 10
 4361 1584 18
 4362 1740 20
 4363 1634 19
 4364 255 3
 4365 504 6
 4366 996 12
 4367 1394 17
 4368 1053 13
 4369 480 6
 4370 158 2
 4371 780 10
 4372 616 8
 4373 684 9
 4374 750 10
 4375 444 6
 4376 146 2
 4377 72 1
 4378 355 5
 4379 980 14
 4380 483 7
 4381 408 6
 4382 670 10
 4383 594 9
 4384 260 4
 4385 768 12
 4386 63 1
 4387 186 3
 4388 1098 18
 4389 480 8
 4390 413 7
 4391 116 2
 4392 570 10
 4393 1064 19
 4394 110 2
 4395 216 4
 4396 583 11
 4397 728 14
 4398 867 17
 4399 850 17
 4400 343 7
 4401 96 2
 4402 47 1
 4403 138 3
 4404 360 8
 4405 660 15
 4406 129 3
 4407 126 3
 4408 164 4
 4409 80 2
 4410 117 3
 4411 456 12
 4412 370 10
 4413 360 10
 4414 420 12
 4415 510 15
 4416 528 16
 4417 224 7
 4418 310 10
 4419 570 19
 4420 145 5
 4421 560 20
 4422 189 7
 4423 416 16
 4424 250 10
 4425 312 13
 4426 368 16
 4427 154 7
 4428 147 7
 4429 200 10
 4430 342 18
 4431 144 8
 4432 51 3
 4433 32 2
 4434 225 15
 4435 14 1
 4436 65 5
 4437 108 9
 4438 88 8
 4439 110 11
 4440 108 12
 4441 136 17
 4442 63 9
 4443 24 4
 4444 50 10
 4445 44 11
 4446 45 15
 4447 16 8
 4448 19 19
8896