4448
 1 8896 2
 2 80064 18
 3 88960 20
 4 53376 12
 5 22240 5
 6 44480 10
 7 8896 2
 8 8896 2
 9 66720 15
 10 35584 8
 11 62272 14
 12 44480 10
 13 84512 19
 14 17792 4
 15 80064 18
 16 31136 7
 17 62272 14
 18 17792 4
 19 57824 13
 20 88960 20
 21 22240 5
 22 66720 15
 23 48928 11
 24 22240 5
 25 17792 4
 26 8896 2
 27 48928 11
 28 40032 9
 29 48928 11
 30 66720 15
 31 40032 9
 32 88960 20
 33 8896 2
 34 22240 5
 35 17792 4
 36 62272 14
 37 84512 19
 38 26688 6
 39 8896 2
 40 26688 6
 41 44480 10
 42 40032 9
 43 71168 16
 44 66720 15
 45 84512 19
 46 62272 14
 47 13344 3
 48 22240 5
 49 22240 5
 50 4448 1
 51 17792 4
 52 66720 15
 53 48928 11
 54 44480 10
 55 53376 12
 56 26688 6
 57 17792 4
 58 88960 20
 59 40032 9
 60 44480 10
 61 71168 16
 62 84512 19
 63 8896 2
 64 88960 20
 65 80064 18
 66 88960 20
 67 31136 7
 68 88960 20
 69 26688 6
 70 31136 7
 71 17792 4
 72 80064 18
 73 22240 5
 74 4448 1
 75 26688 6
 76 22240 5
 77 71168 16
 78 84512 19
 79 40032 9
 80 48928 11
 81 80064 18
 82 48928 11
 83 88960 20
 84 88960 20
 85 62272 14
 86 17792 4
 87 35584 8
 88 84512 19
 89 44480 10
 90 80064 18
 91 80064 18
 92 17792 4
 93 40032 9
 94 4448 1
 95 40032 9
 96 35584 8
 97 62272 14
 98 8896 2
 99 31136 7
 100 4448 1
 101 31136 7
 102 44480 10
 103 17792 4
 104 57824 13
 105 66720 15
 106 26688 6
 107 80064 18
 108 26688 6
 109 22240 5
 110 71168 16
 111 62272 14
 112 44480 10
 113 31136 7
 114 48928 11
 115 4448 1
 116 13344 3
 117 71168 16
 118 40032 9
 119 57824 13
 120 26688 6
 121 26688 6
 122 44480 10
 123 62272 14
 124 44480 10
 125 8896 2
 126 40032 9
 127 26688 6
 128 88960 20
 129 4448 1
 130 8896 2
 131 26688 6
 132 13344 3
 133 4448 1
 134 44480 10
 135 88960 20
 136 44480 10
 137 80064 18
 138 84512 19
 139 57824 13
 140 75616 17
 141 13344 3
 142 48928 11
 143 53376 12
 144 13344 3
 145 57824 13
 146 71168 16
 147 35584 8
 148 4448 1
 149 44480 10
 150 4448 1
 151 40032 9
 152 88960 20
 153 44480 10
 154 26688 6
 155 44480 10
 156 22240 5
 157 71168 16
 158 84512 19
 159 75616 17
 160 80064 18
 161 84512 19
 162 80064 18
 163 48928 11
 164 53376 12
 165 57824 13
 166 22240 5
 167 17792 4
 168 48928 11
 169 35584 8
 170 84512 19
 171 4448 1
 172 35584 8
 173 88960 20
 174 48928 11
 175 75616 17
 176 80064 18
 177 4448 1
 178 4448 1
 179 40032 9
 180 48928 11
 181 26688 6
 182 71168 16
 183 53376 12
 184 31136 7
 185 35584 8
 186 75616 17
 187 13344 3
 188 62272 14
 189 31136 7
 190 75616 17
 191 75616 17
 192 84512 19
 193 31136 7
 194 17792 4
 195 40032 9
 196 35584 8
 197 48928 11
 198 66720 15
 199 84512 19
 200 40032 9
 201 75616 17
 202 66720 15
 203 35584 8
 204 62272 14
 205 44480 10
 206 4448 1
 207 88960 20
 208 48928 11
 209 40032 9
 210 48928 11
 211 84512 19
 212 26688 6
 213 40032 9
 214 17792 4
 215 66720 15
 216 71168 16
 217 53376 12
 218 13344 3
 219 40032 9
 220 13344 3
 221 48928 11
 222 75616 17
 223 26688 6
 224 48928 11
 225 57824 13
 226 44480 10
 227 84512 19
 228 48928 11
 229 71168 16
 230 62272 14
 231 44480 10
 232 26688 6
 233 62272 14
 234 88960 20
 235 80064 18
 236 13344 3
 237 71168 16
 238 57824 13
 239 13344 3
 240 88960 20
 241 62272 14
 242 26688 6
 243 80064 18
 244 53376 12
 245 48928 11
 246 84512 19
 247 62272 14
 248 75616 17
 249 84512 19
 250 44480 10
 251 66720 15
 252 71168 16
 253 75616 17
 254 13344 3
 255 4448 1
 256 48928 11
 257 13344 3
 258 44480 10
 259 40032 9
 260 40032 9
 261 48928 11
 262 88960 20
 263 4448 1
 264 13344 3
 265 57824 13
 266 48928 11
 267 62272 14
 268 80064 18
 269 57824 13
 270 40032 9
 271 84512 19
 272 62272 14
 273 57824 13
 274 80064 18
 275 26688 6
 276 8896 2
 277 57824 13
 278 22240 5
 279 8896 2
 280 17792 4
 281 88960 20
 282 57824 13
 283 17792 4
 284 66720 15
 285 66720 15
 286 62272 14
 287 13344 3
 288 31136 7
 289 66720 15
 290 75616 17
 291 35584 8
 292 13344 3
 293 75616 17
 294 8896 2
 295 84512 19
 296 35584 8
 297 80064 18
 298 84512 19
 299 53376 12
 300 40032 9
 301 22240 5
 302 26688 6
 303 26688 6
 304 75616 17
 305 66720 15
 306 75616 17
 307 13344 3
 308 66720 15
 309 31136 7
 310 31136 7
 311 88960 20
 312 44480 10
 313 22240 5
 314 26688 6
 315 31136 7
 316 4448 1
 317 17792 4
 318 8896 2
 319 35584 8
 320 35584 8
 321 17792 4
 322 62272 14
 323 35584 8
 324 62272 14
 325 48928 11
 326 53376 12
 327 75616 17
 328 75616 17
 329 4448 1
 330 71168 16
 331 66720 15
 332 80064 18
 333 84512 19
 334 31136 7
 335 80064 18
 336 4448 1
 337 31136 7
 338 22240 5
 339 31136 7
 340 4448 1
 341 53376 12
 342 53376 12
 343 53376 12
 344 57824 13
 345 66720 15
 346 4448 1
 347 4448 1
 348 53376 12
 349 13344 3
 350 57824 13
 351 13344 3
 352 35584 8
 353 8896 2
 354 40032 9
 355 35584 8
 356 84512 19
 357 57824 13
 358 80064 18
 359 22240 5
 360 4448 1
 361 84512 19
 362 66720 15
 363 8896 2
 364 53376 12
 365 57824 13
 366 62272 14
 367 44480 10
 368 35584 8
 369 84512 19
 370 44480 10
 371 62272 14
 372 80064 18
 373 88960 20
 374 84512 19
 375 88960 20
 376 44480 10
 377 57824 13
 378 35584 8
 379 53376 12
 380 80064 18
 381 75616 17
 382 13344 3
 383 71168 16
 384 4448 1
 385 62272 14
 386 4448 1
 387 44480 10
 388 4448 1
 389 40032 9
 390 57824 13
 391 62272 14
 392 35584 8
 393 26688 6
 394 26688 6
 395 53376 12
 396 48928 11
 397 66720 15
 398 13344 3
 399 66720 15
 400 40032 9
 401 17792 4
 402 8896 2
 403 35584 8
 404 80064 18
 405 4448 1
 406 22240 5
 407 53376 12
 408 4448 1
 409 40032 9
 410 4448 1
 411 44480 10
 412 62272 14
 413 8896 2
 414 31136 7
 415 48928 11
 416 8896 2
 417 26688 6
 418 66720 15
 419 53376 12
 420 62272 14
 421 22240 5
 422 57824 13
 423 88960 20
 424 57824 13
 425 17792 4
 426 13344 3
 427 40032 9
 428 35584 8
 429 62272 14
 430 88960 20
 431 17792 4
 432 80064 18
 433 31136 7
 434 17792 4
 435 71168 16
 436 75616 17
 437 66720 15
 438 53376 12
 439 57824 13
 440 40032 9
 441 31136 7
 442 48928 11
 443 80064 18
 444 88960 20
 445 62272 14
 446 26688 6
 447 71168 16
 448 31136 7
 449 71168 16
 450 88960 20
 451 22240 5
 452 57824 13
 453 80064 18
 454 4448 1
 455 17792 4
 456 44480 10
 457 13344 3
 458 40032 9
 459 35584 8
 460 48928 11
 461 84512 19
 462 44480 10
 463 22240 5
 464 57824 13
 465 8896 2
 466 40032 9
 467 35584 8
 468 31136 7
 469 13344 3
 470 26688 6
 471 13344 3
 472 22240 5
 473 35584 8
 474 22240 5
 475 84512 19
 476 66720 15
 477 71168 16
 478 8896 2
 479 26688 6
 480 75616 17
 481 13344 3
 482 4448 1
 483 13344 3
 484 17792 4
 485 40032 9
 486 17792 4
 487 71168 16
 488 8896 2
 489 53376 12
 490 84512 19
 491 66720 15
 492 40032 9
 493 80064 18
 494 17792 4
 495 57824 13
 496 80064 18
 497 88960 20
 498 62272 14
 499 48928 11
 500 17792 4
 501 84512 19
 502 75616 17
 503 71168 16
 504 40032 9
 505 75616 17
 506 53376 12
 507 40032 9
 508 53376 12
 509 53376 12
 510 31136 7
 511 80064 18
 512 84512 19
 513 17792 4
 514 84512 19
 515 22240 5
 516 84512 19
 517 26688 6
 518 13344 3
 519 8896 2
 520 8896 2
 521 48928 11
 522 8896 2
 523 13344 3
 524 80064 18
 525 22240 5
 526 53376 12
 527 22240 5
 528 40032 9
 529 84512 19
 530 71168 16
 531 80064 18
 532 4448 1
 533 17792 4
 534 22240 5
 535 53376 12
 536 53376 12
 537 44480 10
 538 40032 9
 539 17792 4
 540 57824 13
 541 62272 14
 542 40032 9
 543 88960 20
 544 35584 8
 545 57824 13
 546 40032 9
 547 31136 7
 548 26688 6
 549 71168 16
 550 8896 2
 551 31136 7
 552 80064 18
 553 48928 11
 554 66720 15
 555 71168 16
 556 8896 2
 557 53376 12
 558 17792 4
 559 4448 1
 560 44480 10
 561 8896 2
 562 17792 4
 563 66720 15
 564 35584 8
 565 48928 11
 566 48928 11
 567 53376 12
 568 71168 16
 569 35584 8
 570 17792 4
 571 8896 2
 572 48928 11
 573 88960 20
 574 13344 3
 575 66720 15
 576 62272 14
 577 44480 10
 578 35584 8
 579 57824 13
 580 53376 12
 581 8896 2
 582 4448 1
 583 40032 9
 584 40032 9
 585 31136 7
 586 35584 8
 587 84512 19
 588 22240 5
 589 57824 13
 590 75616 17
 591 75616 17
 592 66720 15
 593 4448 1
 594 8896 2
 595 66720 15
 596 13344 3
 597 8896 2
 598 4448 1
 599 4448 1
 600 75616 17
 601 57824 13
 602 31136 7
 603 22240 5
 604 31136 7
 605 88960 20
 606 26688 6
 607 17792 4
 608 8896 2
 609 84512 19
 610 71168 16
 611 66720 15
 612 53376 12
 613 75616 17
 614 44480 10
 615 53376 12
 616 40032 9
 617 31136 7
 618 66720 15
 619 17792 4
 620 8896 2
 621 17792 4
 622 44480 10
 623 31136 7
 624 71168 16
 625 26688 6
 626 57824 13
 627 22240 5
 628 80064 18
 629 53376 12
 630 75616 17
 631 48928 11
 632 48928 11
 633 66720 15
 634 31136 7
 635 88960 20
 636 35584 8
 637 13344 3
 638 44480 10
 639 31136 7
 640 31136 7
 641 4448 1
 642 35584 8
 643 8896 2
 644 31136 7
 645 80064 18
 646 84512 19
 647 75616 17
 648 80064 18
 649 8896 2
 650 62272 14
 651 57824 13
 652 71168 16
 653 44480 10
 654 88960 20
 655 53376 12
 656 48928 11
 657 4448 1
 658 17792 4
 659 66720 15
 660 57824 13
 661 31136 7
 662 13344 3
 663 88960 20
 664 84512 19
 665 31136 7
 666 31136 7
 667 31136 7
 668 22240 5
 669 31136 7
 670 8896 2
 671 31136 7
 672 22240 5
 673 35584 8
 674 62272 14
 675 17792 4
 676 8896 2
 677 88960 20
 678 57824 13
 679 75616 17
 680 62272 14
 681 62272 14
 682 48928 11
 683 13344 3
 684 35584 8
 685 75616 17
 686 62272 14
 687 80064 18
 688 66720 15
 689 53376 12
 690 75616 17
 691 13344 3
 692 57824 13
 693 35584 8
 694 40032 9
 695 31136 7
 696 40032 9
 697 62272 14
 698 44480 10
 699 8896 2
 700 53376 12
 701 13344 3
 702 22240 5
 703 31136 7
 704 57824 13
 705 13344 3
 706 31136 7
 707 35584 8
 708 53376 12
 709 40032 9
 710 4448 1
 711 44480 10
 712 57824 13
 713 13344 3
 714 44480 10
 715 35584 8
 716 44480 10
 717 80064 18
 718 35584 8
 719 35584 8
 720 57824 13
 721 62272 14
 722 75616 17
 723 75616 17
 724 17792 4
 725 13344 3
 726 17792 4
 727 35584 8
 728 71168 16
 729 84512 19
 730 26688 6
 731 4448 1
 732 17792 4
 733 8896 2
 734 13344 3
 735 4448 1
 736 17792 4
 737 75616 17
 738 31136 7
 739 26688 6
 740 75616 17
 741 35584 8
 742 13344 3
 743 62272 14
 744 48928 11
 745 26688 6
 746 35584 8
 747 80064 18
 748 66720 15
 749 71168 16
 750 75616 17
 751 13344 3
 752 40032 9
 753 13344 3
 754 53376 12
 755 35584 8
 756 8896 2
 757 40032 9
 758 44480 10
 759 57824 13
 760 84512 19
 761 44480 10
 762 53376 12
 763 8896 2
 764 84512 19
 765 84512 19
 766 26688 6
 767 4448 1
 768 57824 13
 769 80064 18
 770 66720 15
 771 57824 13
 772 31136 7
 773 84512 19
 774 40032 9
 775 62272 14
 776 62272 14
 777 17792 4
 778 53376 12
 779 40032 9
 780 48928 11
 781 8896 2
 782 48928 11
 783 13344 3
 784 71168 16
 785 57824 13
 786 53376 12
 787 48928 11
 788 44480 10
 789 31136 7
 790 4448 1
 791 66720 15
 792 35584 8
 793 26688 6
 794 44480 10
 795 62272 14
 796 53376 12
 797 75616 17
 798 84512 19
 799 35584 8
 800 48928 11
 801 44480 10
 802 8896 2
 803 17792 4
 804 84512 19
 805 35584 8
 806 35584 8
 807 53376 12
 808 75616 17
 809 48928 11
 810 66720 15
 811 13344 3
 812 40032 9
 813 62272 14
 814 8896 2
 815 57824 13
 816 62272 14
 817 57824 13
 818 66720 15
 819 44480 10
 820 88960 20
 821 88960 20
 822 35584 8
 823 44480 10
 824 31136 7
 825 62272 14
 826 88960 20
 827 53376 12
 828 22240 5
 829 8896 2
 830 57824 13
 831 53376 12
 832 31136 7
 833 8896 2
 834 80064 18
 835 26688 6
 836 75616 17
 837 66720 15
 838 53376 12
 839 35584 8
 840 88960 20
 841 17792 4
 842 13344 3
 843 40032 9
 844 31136 7
 845 62272 14
 846 62272 14
 847 35584 8
 848 26688 6
 849 48928 11
 850 22240 5
 851 75616 17
 852 88960 20
 853 84512 19
 854 88960 20
 855 57824 13
 856 71168 16
 857 71168 16
 858 35584 8
 859 17792 4
 860 84512 19
 861 26688 6
 862 17792 4
 863 17792 4
 864 84512 19
 865 88960 20
 866 26688 6
 867 66720 15
 868 26688 6
 869 57824 13
 870 66720 15
 871 22240 5
 872 75616 17
 873 26688 6
 874 13344 3
 875 84512 19
 876 17792 4
 877 75616 17
 878 53376 12
 879 71168 16
 880 62272 14
 881 44480 10
 882 8896 2
 883 35584 8
 884 88960 20
 885 80064 18
 886 57824 13
 887 75616 17
 888 22240 5
 889 22240 5
 890 31136 7
 891 57824 13
 892 88960 20
 893 31136 7
 894 17792 4
 895 35584 8
 896 44480 10
 897 88960 20
 898 31136 7
 899 17792 4
 900 75616 17
 901 80064 18
 902 62272 14
 903 88960 20
 904 31136 7
 905 22240 5
 906 4448 1
 907 22240 5
 908 31136 7
 909 8896 2
 910 62272 14
 911 88960 20
 912 13344 3
 913 62272 14
 914 57824 13
 915 71168 16
 916 4448 1
 917 88960 20
 918 35584 8
 919 26688 6
 920 31136 7
 921 88960 20
 922 80064 18
 923 84512 19
 924 40032 9
 925 53376 12
 926 88960 20
 927 8896 2
 928 26688 6
 929 80064 18
 930 17792 4
 931 8896 2
 932 53376 12
 933 75616 17
 934 57824 13
 935 75616 17
 936 40032 9
 937 40032 9
 938 4448 1
 939 71168 16
 940 71168 16
 941 26688 6
 942 4448 1
 943 57824 13
 944 31136 7
 945 44480 10
 946 80064 18
 947 71168 16
 948 53376 12
 949 75616 17
 950 88960 20
 951 88960 20
 952 13344 3
 953 44480 10
 954 57824 13
 955 8896 2
 956 22240 5
 957 88960 20
 958 66720 15
 959 35584 8
 960 35584 8
 961 53376 12
 962 31136 7
 963 84512 19
 964 31136 7
 965 80064 18
 966 26688 6
 967 48928 11
 968 75616 17
 969 44480 10
 970 13344 3
 971 88960 20
 972 44480 10
 973 31136 7
 974 13344 3
 975 66720 15
 976 44480 10
 977 53376 12
 978 26688 6
 979 4448 1
 980 22240 5
 981 57824 13
 982 88960 20
 983 66720 15
 984 62272 14
 985 22240 5
 986 71168 16
 987 8896 2
 988 35584 8
 989 57824 13
 990 88960 20
 991 31136 7
 992 13344 3
 993 62272 14
 994 57824 13
 995 4448 1
 996 40032 9
 997 44480 10
 998 84512 19
 999 8896 2
 1000 26688 6
 1001 40032 9
 1002 84512 19
 1003 35584 8
 1004 22240 5
 1005 13344 3
 1006 40032 9
 1007 75616 17
 1008 4448 1
 1009 71168 16
 1010 80064 18
 1011 75616 17
 1012 75616 17
 1013 71168 16
 1014 13344 3
 1015 40032 9
 1016 53376 12
 1017 22240 5
 1018 57824 13
 1019 35584 8
 1020 80064 18
 1021 17792 4
 1022 66720 15
 1023 4448 1
 1024 17792 4
 1025 66720 15
 1026 4448 1
 1027 35584 8
 1028 80064 18
 1029 35584 8
 1030 17792 4
 1031 88960 20
 1032 71168 16
 1033 8896 2
 1034 4448 1
 1035 35584 8
 1036 48928 11
 1037 75616 17
 1038 66720 15
 1039 57824 13
 1040 26688 6
 1041 35584 8
 1042 4448 1
 1043 80064 18
 1044 35584 8
 1045 35584 8
 1046 71168 16
 1047 88960 20
 1048 22240 5
 1049 26688 6
 1050 22240 5
 1051 88960 20
 1052 71168 16
 1053 4448 1
 1054 71168 16
 1055 35584 8
 1056 44480 10
 1057 8896 2
 1058 40032 9
 1059 40032 9
 1060 71168 16
 1061 71168 16
 1062 4448 1
 1063 17792 4
 1064 4448 1
 1065 71168 16
 1066 88960 20
 1067 48928 11
 1068 48928 11
 1069 8896 2
 1070 66720 15
 1071 8896 2
 1072 62272 14
 1073 80064 18
 1074 13344 3
 1075 62272 14
 1076 62272 14
 1077 31136 7
 1078 44480 10
 1079 48928 11
 1080 62272 14
 1081 22240 5
 1082 88960 20
 1083 35584 8
 1084 57824 13
 1085 88960 20
 1086 71168 16
 1087 44480 10
 1088 80064 18
 1089 44480 10
 1090 8896 2
 1091 26688 6
 1092 17792 4
 1093 84512 19
 1094 4448 1
 1095 53376 12
 1096 22240 5
 1097 62272 14
 1098 71168 16
 1099 8896 2
 1100 22240 5
 1101 57824 13
 1102 4448 1
 1103 4448 1
 1104 80064 18
 1105 22240 5
 1106 40032 9
 1107 80064 18
 1108 57824 13
 1109 31136 7
 1110 26688 6
 1111 66720 15
 1112 53376 12
 1113 17792 4
 1114 80064 18
 1115 17792 4
 1116 4448 1
 1117 75616 17
 1118 53376 12
 1119 84512 19
 1120 88960 20
 1121 48928 11
 1122 35584 8
 1123 57824 13
 1124 80064 18
 1125 44480 10
 1126 80064 18
 1127 88960 20
 1128 13344 3
 1129 35584 8
 1130 26688 6
 1131 53376 12
 1132 13344 3
 1133 53376 12
 1134 88960 20
 1135 31136 7
 1136 80064 18
 1137 75616 17
 1138 71168 16
 1139 35584 8
 1140 40032 9
 1141 62272 14
 1142 35584 8
 1143 4448 1
 1144 40032 9
 1145 62272 14
 1146 80064 18
 1147 53376 12
 1148 8896 2
 1149 71168 16
 1150 48928 11
 1151 57824 13
 1152 75616 17
 1153 13344 3
 1154 22240 5
 1155 62272 14
 1156 75616 17
 1157 84512 19
 1158 57824 13
 1159 13344 3
 1160 17792 4
 1161 66720 15
 1162 80064 18
 1163 4448 1
 1164 31136 7
 1165 4448 1
 1166 44480 10
 1167 88960 20
 1168 31136 7
 1169 84512 19
 1170 26688 6
 1171 22240 5
 1172 57824 13
 1173 35584 8
 1174 8896 2
 1175 66720 15
 1176 80064 18
 1177 4448 1
 1178 31136 7
 1179 62272 14
 1180 84512 19
 1181 22240 5
 1182 35584 8
 1183 22240 5
 1184 31136 7
 1185 8896 2
 1186 53376 12
 1187 48928 11
 1188 62272 14
 1189 40032 9
 1190 84512 19
 1191 13344 3
 1192 35584 8
 1193 44480 10
 1194 17792 4
 1195 8896 2
 1196 31136 7
 1197 53376 12
 1198 40032 9
 1199 40032 9
 1200 17792 4
 1201 48928 11
 1202 4448 1
 1203 66720 15
 1204 26688 6
 1205 35584 8
 1206 62272 14
 1207 84512 19
 1208 8896 2
 1209 31136 7
 1210 26688 6
 1211 71168 16
 1212 44480 10
 1213 40032 9
 1214 44480 10
 1215 88960 20
 1216 26688 6
 1217 13344 3
 1218 71168 16
 1219 4448 1
 1220 17792 4
 1221 4448 1
 1222 13344 3
 1223 62272 14
 1224 44480 10
 1225 44480 10
 1226 40032 9
 1227 53376 12
 1228 66720 15
 1229 40032 9
 1230 8896 2
 1231 31136 7
 1232 35584 8
 1233 53376 12
 1234 35584 8
 1235 17792 4
 1236 4448 1
 1237 22240 5
 1238 26688 6
 1239 71168 16
 1240 62272 14
 1241 26688 6
 1242 4448 1
 1243 53376 12
 1244 48928 11
 1245 40032 9
 1246 35584 8
 1247 66720 15
 1248 71168 16
 1249 66720 15
 1250 48928 11
 1251 80064 18
 1252 26688 6
 1253 71168 16
 1254 48928 11
 1255 84512 19
 1256 31136 7
 1257 35584 8
 1258 35584 8
 1259 48928 11
 1260 66720 15
 1261 88960 20
 1262 48928 11
 1263 62272 14
 1264 44480 10
 1265 22240 5
 1266 66720 15
 1267 53376 12
 1268 26688 6
 1269 80064 18
 1270 13344 3
 1271 84512 19
 1272 66720 15
 1273 62272 14
 1274 48928 11
 1275 84512 19
 1276 48928 11
 1277 31136 7
 1278 71168 16
 1279 35584 8
 1280 35584 8
 1281 35584 8
 1282 17792 4
 1283 22240 5
 1284 53376 12
 1285 17792 4
 1286 4448 1
 1287 66720 15
 1288 4448 1
 1289 62272 14
 1290 17792 4
 1291 44480 10
 1292 48928 11
 1293 35584 8
 1294 84512 19
 1295 75616 17
 1296 44480 10
 1297 84512 19
 1298 66720 15
 1299 13344 3
 1300 80064 18
 1301 66720 15
 1302 17792 4
 1303 17792 4
 1304 35584 8
 1305 44480 10
 1306 84512 19
 1307 13344 3
 1308 22240 5
 1309 13344 3
 1310 84512 19
 1311 4448 1
 1312 22240 5
 1313 44480 10
 1314 13344 3
 1315 31136 7
 1316 88960 20
 1317 13344 3
 1318 80064 18
 1319 62272 14
 1320 22240 5
 1321 53376 12
 1322 75616 17
 1323 84512 19
 1324 53376 12
 1325 88960 20
 1326 22240 5
 1327 88960 20
 1328 8896 2
 1329 57824 13
 1330 88960 20
 1331 75616 17
 1332 22240 5
 1333 66720 15
 1334 26688 6
 1335 8896 2
 1336 44480 10
 1337 88960 20
 1338 13344 3
 1339 62272 14
 1340 4448 1
 1341 84512 19
 1342 75616 17
 1343 53376 12
 1344 84512 19
 1345 17792 4
 1346 26688 6
 1347 35584 8
 1348 53376 12
 1349 53376 12
 1350 88960 20
 1351 44480 10
 1352 8896 2
 1353 40032 9
 1354 84512 19
 1355 84512 19
 1356 8896 2
 1357 44480 10
 1358 80064 18
 1359 8896 2
 1360 71168 16
 1361 62272 14
 1362 62272 14
 1363 62272 14
 1364 35584 8
 1365 84512 19
 1366 71168 16
 1367 17792 4
 1368 4448 1
 1369 62272 14
 1370 84512 19
 1371 44480 10
 1372 66720 15
 1373 35584 8
 1374 40032 9
 1375 26688 6
 1376 62272 14
 1377 80064 18
 1378 26688 6
 1379 35584 8
 1380 26688 6
 1381 75616 17
 1382 22240 5
 1383 26688 6
 1384 31136 7
 1385 57824 13
 1386 44480 10
 1387 8896 2
 1388 13344 3
 1389 71168 16
 1390 22240 5
 1391 53376 12
 1392 35584 8
 1393 88960 20
 1394 17792 4
 1395 4448 1
 1396 75616 17
 1397 57824 13
 1398 71168 16
 1399 88960 20
 1400 62272 14
 1401 17792 4
 1402 13344 3
 1403 75616 17
 1404 80064 18
 1405 13344 3
 1406 26688 6
 1407 66720 15
 1408 22240 5
 1409 31136 7
 1410 71168 16
 1411 48928 11
 1412 88960 20
 1413 48928 11
 1414 48928 11
 1415 35584 8
 1416 53376 12
 1417 26688 6
 1418 84512 19
 1419 53376 12
 1420 57824 13
 1421 4448 1
 1422 71168 16
 1423 57824 13
 1424 22240 5
 1425 48928 11
 1426 48928 11
 1427 75616 17
 1428 57824 13
 1429 44480 10
 1430 13344 3
 1431 22240 5
 1432 62272 14
 1433 71168 16
 1434 4448 1
 1435 53376 12
 1436 71168 16
 1437 66720 15
 1438 48928 11
 1439 35584 8
 1440 71168 16
 1441 71168 16
 1442 84512 19
 1443 80064 18
 1444 35584 8
 1445 17792 4
 1446 57824 13
 1447 4448 1
 1448 75616 17
 1449 35584 8
 1450 26688 6
 1451 13344 3
 1452 35584 8
 1453 66720 15
 1454 48928 11
 1455 17792 4
 1456 48928 11
 1457 48928 11
 1458 62272 14
 1459 80064 18
 1460 17792 4
 1461 66720 15
 1462 26688 6
 1463 88960 20
 1464 35584 8
 1465 8896 2
 1466 53376 12
 1467 80064 18
 1468 80064 18
 1469 57824 13
 1470 84512 19
 1471 31136 7
 1472 66720 15
 1473 40032 9
 1474 35584 8
 1475 35584 8
 1476 31136 7
 1477 22240 5
 1478 13344 3
 1479 62272 14
 1480 80064 18
 1481 84512 19
 1482 53376 12
 1483 53376 12
 1484 8896 2
 1485 22240 5
 1486 40032 9
 1487 62272 14
 1488 22240 5
 1489 22240 5
 1490 22240 5
 1491 13344 3
 1492 88960 20
 1493 13344 3
 1494 35584 8
 1495 35584 8
 1496 53376 12
 1497 84512 19
 1498 53376 12
 1499 53376 12
 1500 44480 10
 1501 71168 16
 1502 17792 4
 1503 35584 8
 1504 13344 3
 1505 35584 8
 1506 40032 9
 1507 31136 7
 1508 53376 12
 1509 22240 5
 1510 57824 13
 1511 8896 2
 1512 84512 19
 1513 48928 11
 1514 75616 17
 1515 62272 14
 1516 35584 8
 1517 80064 18
 1518 35584 8
 1519 80064 18
 1520 26688 6
 1521 75616 17
 1522 40032 9
 1523 35584 8
 1524 75616 17
 1525 17792 4
 1526 84512 19
 1527 75616 17
 1528 13344 3
 1529 57824 13
 1530 35584 8
 1531 44480 10
 1532 17792 4
 1533 57824 13
 1534 48928 11
 1535 17792 4
 1536 88960 20
 1537 26688 6
 1538 17792 4
 1539 80064 18
 1540 22240 5
 1541 66720 15
 1542 26688 6
 1543 13344 3
 1544 57824 13
 1545 88960 20
 1546 88960 20
 1547 35584 8
 1548 40032 9
 1549 66720 15
 1550 62272 14
 1551 4448 1
 1552 80064 18
 1553 48928 11
 1554 44480 10
 1555 53376 12
 1556 48928 11
 1557 44480 10
 1558 40032 9
 1559 8896 2
 1560 80064 18
 1561 44480 10
 1562 84512 19
 1563 26688 6
 1564 40032 9
 1565 84512 19
 1566 88960 20
 1567 80064 18
 1568 35584 8
 1569 8896 2
 1570 66720 15
 1571 80064 18
 1572 53376 12
 1573 75616 17
 1574 40032 9
 1575 75616 17
 1576 88960 20
 1577 17792 4
 1578 44480 10
 1579 71168 16
 1580 22240 5
 1581 40032 9
 1582 40032 9
 1583 75616 17
 1584 8896 2
 1585 40032 9
 1586 13344 3
 1587 17792 4
 1588 48928 11
 1589 26688 6
 1590 22240 5
 1591 31136 7
 1592 13344 3
 1593 84512 19
 1594 22240 5
 1595 75616 17
 1596 17792 4
 1597 35584 8
 1598 8896 2
 1599 17792 4
 1600 53376 12
 1601 17792 4
 1602 71168 16
 1603 31136 7
 1604 71168 16
 1605 75616 17
 1606 62272 14
 1607 62272 14
 1608 35584 8
 1609 62272 14
 1610 62272 14
 1611 17792 4
 1612 26688 6
 1613 4448 1
 1614 66720 15
 1615 4448 1
 1616 80064 18
 1617 26688 6
 1618 57824 13
 1619 44480 10
 1620 62272 14
 1621 48928 11
 1622 31136 7
 1623 35584 8
 1624 44480 10
 1625 44480 10
 1626 57824 13
 1627 88960 20
 1628 84512 19
 1629 57824 13
 1630 66720 15
 1631 53376 12
 1632 66720 15
 1633 66720 15
 1634 8896 2
 1635 88960 20
 1636 48928 11
 1637 31136 7
 1638 53376 12
 1639 62272 14
 1640 48928 11
 1641 66720 15
 1642 71168 16
 1643 8896 2
 1644 84512 19
 1645 13344 3
 1646 62272 14
 1647 13344 3
 1648 8896 2
 1649 17792 4
 1650 71168 16
 1651 17792 4
 1652 44480 10
 1653 13344 3
 1654 26688 6
 1655 8896 2
 1656 4448 1
 1657 17792 4
 1658 40032 9
 1659 44480 10
 1660 57824 13
 1661 4448 1
 1662 48928 11
 1663 75616 17
 1664 4448 1
 1665 62272 14
 1666 71168 16
 1667 17792 4
 1668 84512 19
 1669 53376 12
 1670 71168 16
 1671 75616 17
 1672 17792 4
 1673 53376 12
 1674 75616 17
 1675 57824 13
 1676 62272 14
 1677 80064 18
 1678 53376 12
 1679 57824 13
 1680 53376 12
 1681 88960 20
 1682 40032 9
 1683 8896 2
 1684 17792 4
 1685 71168 16
 1686 8896 2
 1687 48928 11
 1688 44480 10
 1689 75616 17
 1690 8896 2
 1691 26688 6
 1692 75616 17
 1693 62272 14
 1694 62272 14
 1695 17792 4
 1696 31136 7
 1697 35584 8
 1698 31136 7
 1699 53376 12
 1700 75616 17
 1701 88960 20
 1702 13344 3
 1703 4448 1
 1704 84512 19
 1705 48928 11
 1706 13344 3
 1707 44480 10
 1708 8896 2
 1709 62272 14
 1710 8896 2
 1711 62272 14
 1712 80064 18
 1713 66720 15
 1714 26688 6
 1715 26688 6
 1716 57824 13
 1717 62272 14
 1718 62272 14
 1719 62272 14
 1720 44480 10
 1721 4448 1
 1722 88960 20
 1723 22240 5
 1724 66720 15
 1725 88960 20
 1726 31136 7
 1727 35584 8
 1728 71168 16
 1729 75616 17
 1730 57824 13
 1731 75616 17
 1732 35584 8
 1733 44480 10
 1734 57824 13
 1735 40032 9
 1736 13344 3
 1737 48928 11
 1738 8896 2
 1739 4448 1
 1740 22240 5
 1741 17792 4
 1742 88960 20
 1743 84512 19
 1744 88960 20
 1745 62272 14
 1746 57824 13
 1747 31136 7
 1748 57824 13
 1749 13344 3
 1750 22240 5
 1751 75616 17
 1752 31136 7
 1753 80064 18
 1754 17792 4
 1755 40032 9
 1756 88960 20
 1757 84512 19
 1758 13344 3
 1759 48928 11
 1760 17792 4
 1761 57824 13
 1762 31136 7
 1763 80064 18
 1764 57824 13
 1765 80064 18
 1766 22240 5
 1767 84512 19
 1768 40032 9
 1769 88960 20
 1770 22240 5
 1771 8896 2
 1772 66720 15
 1773 44480 10
 1774 17792 4
 1775 53376 12
 1776 75616 17
 1777 66720 15
 1778 26688 6
 1779 22240 5
 1780 22240 5
 1781 57824 13
 1782 31136 7
 1783 88960 20
 1784 80064 18
 1785 62272 14
 1786 57824 13
 1787 53376 12
 1788 44480 10
 1789 35584 8
 1790 57824 13
 1791 4448 1
 1792 48928 11
 1793 84512 19
 1794 80064 18
 1795 13344 3
 1796 13344 3
 1797 88960 20
 1798 26688 6
 1799 80064 18
 1800 8896 2
 1801 66720 15
 1802 75616 17
 1803 88960 20
 1804 75616 17
 1805 44480 10
 1806 48928 11
 1807 80064 18
 1808 88960 20
 1809 13344 3
 1810 66720 15
 1811 53376 12
 1812 31136 7
 1813 13344 3
 1814 4448 1
 1815 84512 19
 1816 17792 4
 1817 4448 1
 1818 57824 13
 1819 48928 11
 1820 88960 20
 1821 66720 15
 1822 44480 10
 1823 75616 17
 1824 31136 7
 1825 66720 15
 1826 62272 14
 1827 88960 20
 1828 17792 4
 1829 88960 20
 1830 84512 19
 1831 13344 3
 1832 31136 7
 1833 35584 8
 1834 4448 1
 1835 8896 2
 1836 66720 15
 1837 8896 2
 1838 22240 5
 1839 4448 1
 1840 84512 19
 1841 66720 15
 1842 4448 1
 1843 13344 3
 1844 8896 2
 1845 80064 18
 1846 8896 2
 1847 84512 19
 1848 26688 6
 1849 44480 10
 1850 44480 10
 1851 40032 9
 1852 71168 16
 1853 13344 3
 1854 40032 9
 1855 75616 17
 1856 66720 15
 1857 71168 16
 1858 80064 18
 1859 17792 4
 1860 40032 9
 1861 71168 16
 1862 48928 11
 1863 80064 18
 1864 22240 5
 1865 62272 14
 1866 44480 10
 1867 48928 11
 1868 13344 3
 1869 17792 4
 1870 48928 11
 1871 66720 15
 1872 13344 3
 1873 48928 11
 1874 31136 7
 1875 88960 20
 1876 53376 12
 1877 31136 7
 1878 48928 11
 1879 80064 18
 1880 22240 5
 1881 13344 3
 1882 48928 11
 1883 8896 2
 1884 62272 14
 1885 35584 8
 1886 66720 15
 1887 13344 3
 1888 26688 6
 1889 26688 6
 1890 4448 1
 1891 31136 7
 1892 31136 7
 1893 40032 9
 1894 35584 8
 1895 57824 13
 1896 66720 15
 1897 80064 18
 1898 48928 11
 1899 26688 6
 1900 44480 10
 1901 40032 9
 1902 35584 8
 1903 8896 2
 1904 8896 2
 1905 40032 9
 1906 44480 10
 1907 26688 6
 1908 40032 9
 1909 13344 3
 1910 22240 5
 1911 40032 9
 1912 88960 20
 1913 62272 14
 1914 8896 2
 1915 8896 2
 1916 62272 14
 1917 31136 7
 1918 4448 1
 1919 53376 12
 1920 71168 16
 1921 66720 15
 1922 13344 3
 1923 13344 3
 1924 71168 16
 1925 71168 16
 1926 71168 16
 1927 75616 17
 1928 31136 7
 1929 8896 2
 1930 17792 4
 1931 35584 8
 1932 22240 5
 1933 4448 1
 1934 62272 14
 1935 48928 11
 1936 17792 4
 1937 22240 5
 1938 84512 19
 1939 71168 16
 1940 80064 18
 1941 66720 15
 1942 48928 11
 1943 48928 11
 1944 53376 12
 1945 13344 3
 1946 17792 4
 1947 53376 12
 1948 40032 9
 1949 80064 18
 1950 4448 1
 1951 57824 13
 1952 26688 6
 1953 80064 18
 1954 44480 10
 1955 17792 4
 1956 26688 6
 1957 17792 4
 1958 71168 16
 1959 48928 11
 1960 62272 14
 1961 53376 12
 1962 31136 7
 1963 31136 7
 1964 17792 4
 1965 35584 8
 1966 4448 1
 1967 40032 9
 1968 22240 5
 1969 66720 15
 1970 17792 4
 1971 80064 18
 1972 4448 1
 1973 48928 11
 1974 22240 5
 1975 22240 5
 1976 57824 13
 1977 75616 17
 1978 44480 10
 1979 71168 16
 1980 26688 6
 1981 48928 11
 1982 13344 3
 1983 53376 12
 1984 4448 1
 1985 17792 4
 1986 35584 8
 1987 13344 3
 1988 13344 3
 1989 62272 14
 1990 80064 18
 1991 31136 7
 1992 8896 2
 1993 80064 18
 1994 53376 12
 1995 40032 9
 1996 17792 4
 1997 57824 13
 1998 40032 9
 1999 26688 6
 2000 80064 18
 2001 75616 17
 2002 22240 5
 2003 31136 7
 2004 4448 1
 2005 31136 7
 2006 8896 2
 2007 66720 15
 2008 44480 10
 2009 62272 14
 2010 40032 9
 2011 57824 13
 2012 88960 20
 2013 71168 16
 2014 71168 16
 2015 44480 10
 2016 53376 12
 2017 44480 10
 2018 26688 6
 2019 62272 14
 2020 66720 15
 2021 26688 6
 2022 75616 17
 2023 53376 12
 2024 8896 2
 2025 35584 8
 2026 40032 9
 2027 26688 6
 2028 88960 20
 2029 44480 10
 2030 84512 19
 2031 13344 3
 2032 62272 14
 2033 17792 4
 2034 26688 6
 2035 13344 3
 2036 31136 7
 2037 22240 5
 2038 22240 5
 2039 31136 7
 2040 48928 11
 2041 17792 4
 2042 26688 6
 2043 88960 20
 2044 13344 3
 2045 57824 13
 2046 84512 19
 2047 48928 11
 2048 48928 11
 2049 84512 19
 2050 48928 11
 2051 84512 19
 2052 8896 2
 2053 44480 10
 2054 48928 11
 2055 66720 15
 2056 13344 3
 2057 8896 2
 2058 44480 10
 2059 40032 9
 2060 66720 15
 2061 17792 4
 2062 71168 16
 2063 35584 8
 2064 17792 4
 2065 66720 15
 2066 8896 2
 2067 13344 3
 2068 53376 12
 2069 62272 14
 2070 75616 17
 2071 8896 2
 2072 40032 9
 2073 26688 6
 2074 31136 7
 2075 48928 11
 2076 88960 20
 2077 35584 8
 2078 44480 10
 2079 57824 13
 2080 88960 20
 2081 71168 16
 2082 31136 7
 2083 66720 15
 2084 35584 8
 2085 53376 12
 2086 66720 15
 2087 4448 1
 2088 80064 18
 2089 22240 5
 2090 8896 2
 2091 57824 13
 2092 35584 8
 2093 22240 5
 2094 48928 11
 2095 66720 15
 2096 8896 2
 2097 4448 1
 2098 75616 17
 2099 22240 5
 2100 31136 7
 2101 13344 3
 2102 35584 8
 2103 66720 15
 2104 13344 3
 2105 35584 8
 2106 66720 15
 2107 44480 10
 2108 66720 15
 2109 80064 18
 2110 48928 11
 2111 40032 9
 2112 57824 13
 2113 4448 1
 2114 88960 20
 2115 88960 20
 2116 48928 11
 2117 40032 9
 2118 57824 13
 2119 62272 14
 2120 35584 8
 2121 31136 7
 2122 26688 6
 2123 75616 17
 2124 40032 9
 2125 71168 16
 2126 62272 14
 2127 8896 2
 2128 4448 1
 2129 88960 20
 2130 57824 13
 2131 4448 1
 2132 84512 19
 2133 13344 3
 2134 31136 7
 2135 80064 18
 2136 13344 3
 2137 57824 13
 2138 22240 5
 2139 88960 20
 2140 75616 17
 2141 8896 2
 2142 75616 17
 2143 48928 11
 2144 84512 19
 2145 80064 18
 2146 48928 11
 2147 75616 17
 2148 88960 20
 2149 80064 18
 2150 48928 11
 2151 44480 10
 2152 31136 7
 2153 44480 10
 2154 57824 13
 2155 31136 7
 2156 44480 10
 2157 22240 5
 2158 26688 6
 2159 31136 7
 2160 17792 4
 2161 62272 14
 2162 40032 9
 2163 57824 13
 2164 44480 10
 2165 71168 16
 2166 80064 18
 2167 17792 4
 2168 26688 6
 2169 44480 10
 2170 48928 11
 2171 13344 3
 2172 62272 14
 2173 44480 10
 2174 31136 7
 2175 88960 20
 2176 44480 10
 2177 44480 10
 2178 31136 7
 2179 48928 11
 2180 22240 5
 2181 53376 12
 2182 13344 3
 2183 48928 11
 2184 13344 3
 2185 57824 13
 2186 88960 20
 2187 13344 3
 2188 84512 19
 2189 44480 10
 2190 53376 12
 2191 62272 14
 2192 48928 11
 2193 62272 14
 2194 84512 19
 2195 44480 10
 2196 88960 20
 2197 84512 19
 2198 48928 11
 2199 31136 7
 2200 75616 17
 2201 66720 15
 2202 26688 6
 2203 44480 10
 2204 44480 10
 2205 71168 16
 2206 17792 4
 2207 22240 5
 2208 31136 7
 2209 53376 12
 2210 8896 2
 2211 71168 16
 2212 62272 14
 2213 13344 3
 2214 88960 20
 2215 88960 20
 2216 8896 2
 2217 75616 17
 2218 53376 12
 2219 26688 6
 2220 4448 1
 2221 4448 1
 2222 26688 6
 2223 22240 5
 2224 84512 19
 2225 22240 5
 2226 4448 1
 2227 26688 6
 2228 80064 18
 2229 44480 10
 2230 66720 15
 2231 13344 3
 2232 75616 17
 2233 66720 15
 2234 57824 13
 2235 66720 15
 2236 62272 14
 2237 8896 2
 2238 88960 20
 2239 44480 10
 2240 4448 1
 2241 88960 20
 2242 66720 15
 2243 8896 2
 2244 57824 13
 2245 26688 6
 2246 75616 17
 2247 26688 6
 2248 88960 20
 2249 71168 16
 2250 57824 13
 2251 53376 12
 2252 13344 3
 2253 44480 10
 2254 57824 13
 2255 84512 19
 2256 8896 2
 2257 80064 18
 2258 48928 11
 2259 48928 11
 2260 57824 13
 2261 13344 3
 2262 13344 3
 2263 80064 18
 2264 53376 12
 2265 88960 20
 2266 80064 18
 2267 44480 10
 2268 31136 7
 2269 8896 2
 2270 71168 16
 2271 48928 11
 2272 80064 18
 2273 8896 2
 2274 35584 8
 2275 80064 18
 2276 17792 4
 2277 57824 13
 2278 26688 6
 2279 80064 18
 2280 44480 10
 2281 84512 19
 2282 35584 8
 2283 35584 8
 2284 22240 5
 2285 17792 4
 2286 8896 2
 2287 22240 5
 2288 75616 17
 2289 40032 9
 2290 17792 4
 2291 35584 8
 2292 53376 12
 2293 71168 16
 2294 53376 12
 2295 88960 20
 2296 53376 12
 2297 75616 17
 2298 40032 9
 2299 62272 14
 2300 71168 16
 2301 84512 19
 2302 80064 18
 2303 48928 11
 2304 75616 17
 2305 35584 8
 2306 31136 7
 2307 75616 17
 2308 26688 6
 2309 53376 12
 2310 48928 11
 2311 57824 13
 2312 57824 13
 2313 48928 11
 2314 22240 5
 2315 53376 12
 2316 84512 19
 2317 71168 16
 2318 26688 6
 2319 62272 14
 2320 62272 14
 2321 88960 20
 2322 40032 9
 2323 84512 19
 2324 57824 13
 2325 80064 18
 2326 48928 11
 2327 48928 11
 2328 8896 2
 2329 13344 3
 2330 88960 20
 2331 17792 4
 2332 44480 10
 2333 57824 13
 2334 13344 3
 2335 75616 17
 2336 13344 3
 2337 35584 8
 2338 62272 14
 2339 44480 10
 2340 53376 12
 2341 22240 5
 2342 44480 10
 2343 66720 15
 2344 48928 11
 2345 4448 1
 2346 17792 4
 2347 8896 2
 2348 57824 13
 2349 75616 17
 2350 40032 9
 2351 4448 1
 2352 84512 19
 2353 35584 8
 2354 31136 7
 2355 48928 11
 2356 48928 11
 2357 48928 11
 2358 88960 20
 2359 40032 9
 2360 48928 11
 2361 84512 19
 2362 8896 2
 2363 17792 4
 2364 71168 16
 2365 13344 3
 2366 44480 10
 2367 57824 13
 2368 4448 1
 2369 26688 6
 2370 48928 11
 2371 31136 7
 2372 88960 20
 2373 13344 3
 2374 22240 5
 2375 62272 14
 2376 13344 3
 2377 17792 4
 2378 40032 9
 2379 88960 20
 2380 88960 20
 2381 53376 12
 2382 44480 10
 2383 22240 5
 2384 44480 10
 2385 40032 9
 2386 35584 8
 2387 48928 11
 2388 71168 16
 2389 80064 18
 2390 8896 2
 2391 13344 3
 2392 66720 15
 2393 53376 12
 2394 75616 17
 2395 53376 12
 2396 26688 6
 2397 84512 19
 2398 57824 13
 2399 13344 3
 2400 22240 5
 2401 31136 7
 2402 40032 9
 2403 44480 10
 2404 17792 4
 2405 22240 5
 2406 4448 1
 2407 35584 8
 2408 22240 5
 2409 48928 11
 2410 71168 16
 2411 13344 3
 2412 48928 11
 2413 48928 11
 2414 4448 1
 2415 84512 19
 2416 53376 12
 2417 80064 18
 2418 88960 20
 2419 4448 1
 2420 26688 6
 2421 13344 3
 2422 66720 15
 2423 62272 14
 2424 66720 15
 2425 8896 2
 2426 40032 9
 2427 84512 19
 2428 4448 1
 2429 26688 6
 2430 44480 10
 2431 4448 1
 2432 75616 17
 2433 80064 18
 2434 22240 5
 2435 26688 6
 2436 26688 6
 2437 62272 14
 2438 71168 16
 2439 44480 10
 2440 31136 7
 2441 53376 12
 2442 80064 18
 2443 40032 9
 2444 57824 13
 2445 80064 18
 2446 88960 20
 2447 8896 2
 2448 88960 20
 2449 44480 10
 2450 88960 20
 2451 4448 1
 2452 26688 6
 2453 84512 19
 2454 22240 5
 2455 26688 6
 2456 80064 18
 2457 84512 19
 2458 26688 6
 2459 22240 5
 2460 80064 18
 2461 57824 13
 2462 17792 4
 2463 13344 3
 2464 62272 14
 2465 17792 4
 2466 17792 4
 2467 13344 3
 2468 40032 9
 2469 71168 16
 2470 8896 2
 2471 88960 20
 2472 66720 15
 2473 53376 12
 2474 4448 1
 2475 31136 7
 2476 31136 7
 2477 71168 16
 2478 13344 3
 2479 22240 5
 2480 17792 4
 2481 80064 18
 2482 75616 17
 2483 26688 6
 2484 80064 18
 2485 53376 12
 2486 13344 3
 2487 8896 2
 2488 22240 5
 2489 75616 17
 2490 40032 9
 2491 35584 8
 2492 13344 3
 2493 88960 20
 2494 40032 9
 2495 17792 4
 2496 80064 18
 2497 66720 15
 2498 26688 6
 2499 80064 18
 2500 88960 20
 2501 48928 11
 2502 40032 9
 2503 35584 8
 2504 31136 7
 2505 48928 11
 2506 80064 18
 2507 80064 18
 2508 75616 17
 2509 13344 3
 2510 53376 12
 2511 80064 18
 2512 26688 6
 2513 44480 10
 2514 40032 9
 2515 48928 11
 2516 4448 1
 2517 75616 17
 2518 40032 9
 2519 53376 12
 2520 71168 16
 2521 8896 2
 2522 22240 5
 2523 62272 14
 2524 17792 4
 2525 80064 18
 2526 22240 5
 2527 22240 5
 2528 80064 18
 2529 4448 1
 2530 84512 19
 2531 62272 14
 2532 4448 1
 2533 13344 3
 2534 26688 6
 2535 8896 2
 2536 26688 6
 2537 31136 7
 2538 88960 20
 2539 48928 11
 2540 88960 20
 2541 40032 9
 2542 44480 10
 2543 26688 6
 2544 48928 11
 2545 71168 16
 2546 88960 20
 2547 4448 1
 2548 4448 1
 2549 17792 4
 2550 4448 1
 2551 48928 11
 2552 22240 5
 2553 31136 7
 2554 22240 5
 2555 44480 10
 2556 48928 11
 2557 44480 10
 2558 8896 2
 2559 4448 1
 2560 31136 7
 2561 57824 13
 2562 75616 17
 2563 22240 5
 2564 44480 10
 2565 8896 2
 2566 53376 12
 2567 75616 17
 2568 84512 19
 2569 17792 4
 2570 75616 17
 2571 57824 13
 2572 4448 1
 2573 84512 19
 2574 66720 15
 2575 62272 14
 2576 17792 4
 2577 62272 14
 2578 44480 10
 2579 71168 16
 2580 48928 11
 2581 13344 3
 2582 4448 1
 2583 84512 19
 2584 40032 9
 2585 44480 10
 2586 80064 18
 2587 26688 6
 2588 8896 2
 2589 44480 10
 2590 88960 20
 2591 48928 11
 2592 84512 19
 2593 8896 2
 2594 35584 8
 2595 35584 8
 2596 57824 13
 2597 31136 7
 2598 17792 4
 2599 26688 6
 2600 53376 12
 2601 17792 4
 2602 31136 7
 2603 13344 3
 2604 57824 13
 2605 22240 5
 2606 48928 11
 2607 71168 16
 2608 26688 6
 2609 80064 18
 2610 66720 15
 2611 44480 10
 2612 48928 11
 2613 26688 6
 2614 26688 6
 2615 71168 16
 2616 8896 2
 2617 66720 15
 2618 40032 9
 2619 40032 9
 2620 62272 14
 2621 53376 12
 2622 22240 5
 2623 88960 20
 2624 22240 5
 2625 57824 13
 2626 88960 20
 2627 88960 20
 2628 62272 14
 2629 26688 6
 2630 71168 16
 2631 62272 14
 2632 88960 20
 2633 53376 12
 2634 13344 3
 2635 22240 5
 2636 8896 2
 2637 48928 11
 2638 75616 17
 2639 62272 14
 2640 80064 18
 2641 4448 1
 2642 13344 3
 2643 57824 13
 2644 26688 6
 2645 26688 6
 2646 8896 2
 2647 4448 1
 2648 80064 18
 2649 66720 15
 2650 17792 4
 2651 62272 14
 2652 53376 12
 2653 62272 14
 2654 80064 18
 2655 75616 17
 2656 48928 11
 2657 84512 19
 2658 48928 11
 2659 84512 19
 2660 31136 7
 2661 26688 6
 2662 8896 2
 2663 88960 20
 2664 35584 8
 2665 53376 12
 2666 57824 13
 2667 17792 4
 2668 53376 12
 2669 88960 20
 2670 75616 17
 2671 71168 16
 2672 44480 10
 2673 26688 6
 2674 62272 14
 2675 75616 17
 2676 31136 7
 2677 75616 17
 2678 53376 12
 2679 88960 20
 2680 17792 4
 2681 4448 1
 2682 8896 2
 2683 84512 19
 2684 62272 14
 2685 22240 5
 2686 17792 4
 2687 53376 12
 2688 17792 4
 2689 48928 11
 2690 26688 6
 2691 26688 6
 2692 44480 10
 2693 57824 13
 2694 17792 4
 2695 71168 16
 2696 62272 14
 2697 44480 10
 2698 88960 20
 2699 88960 20
 2700 4448 1
 2701 53376 12
 2702 35584 8
 2703 71168 16
 2704 66720 15
 2705 4448 1
 2706 62272 14
 2707 35584 8
 2708 17792 4
 2709 62272 14
 2710 66720 15
 2711 40032 9
 2712 84512 19
 2713 71168 16
 2714 48928 11
 2715 26688 6
 2716 8896 2
 2717 48928 11
 2718 26688 6
 2719 75616 17
 2720 22240 5
 2721 13344 3
 2722 4448 1
 2723 84512 19
 2724 80064 18
 2725 26688 6
 2726 22240 5
 2727 31136 7
 2728 66720 15
 2729 62272 14
 2730 31136 7
 2731 62272 14
 2732 22240 5
 2733 35584 8
 2734 4448 1
 2735 75616 17
 2736 88960 20
 2737 53376 12
 2738 13344 3
 2739 62272 14
 2740 88960 20
 2741 4448 1
 2742 88960 20
 2743 53376 12
 2744 71168 16
 2745 53376 12
 2746 8896 2
 2747 44480 10
 2748 71168 16
 2749 71168 16
 2750 84512 19
 2751 62272 14
 2752 48928 11
 2753 80064 18
 2754 8896 2
 2755 44480 10
 2756 62272 14
 2757 40032 9
 2758 31136 7
 2759 80064 18
 2760 84512 19
 2761 53376 12
 2762 66720 15
 2763 44480 10
 2764 13344 3
 2765 75616 17
 2766 66720 15
 2767 31136 7
 2768 57824 13
 2769 53376 12
 2770 48928 11
 2771 40032 9
 2772 4448 1
 2773 62272 14
 2774 53376 12
 2775 8896 2
 2776 75616 17
 2777 84512 19
 2778 66720 15
 2779 88960 20
 2780 62272 14
 2781 22240 5
 2782 8896 2
 2783 13344 3
 2784 88960 20
 2785 4448 1
 2786 26688 6
 2787 4448 1
 2788 40032 9
 2789 22240 5
 2790 31136 7
 2791 88960 20
 2792 22240 5
 2793 71168 16
 2794 31136 7
 2795 26688 6
 2796 44480 10
 2797 57824 13
 2798 88960 20
 2799 75616 17
 2800 17792 4
 2801 44480 10
 2802 62272 14
 2803 80064 18
 2804 13344 3
 2805 62272 14
 2806 4448 1
 2807 48928 11
 2808 48928 11
 2809 26688 6
 2810 40032 9
 2811 17792 4
 2812 84512 19
 2813 26688 6
 2814 75616 17
 2815 48928 11
 2816 8896 2
 2817 13344 3
 2818 75616 17
 2819 31136 7
 2820 8896 2
 2821 53376 12
 2822 17792 4
 2823 53376 12
 2824 57824 13
 2825 48928 11
 2826 62272 14
 2827 31136 7
 2828 66720 15
 2829 4448 1
 2830 75616 17
 2831 8896 2
 2832 71168 16
 2833 88960 20
 2834 62272 14
 2835 88960 20
 2836 44480 10
 2837 88960 20
 2838 88960 20
 2839 48928 11
 2840 17792 4
 2841 4448 1
 2842 66720 15
 2843 13344 3
 2844 22240 5
 2845 40032 9
 2846 35584 8
 2847 26688 6
 2848 48928 11
 2849 53376 12
 2850 40032 9
 2851 88960 20
 2852 71168 16
 2853 84512 19
 2854 22240 5
 2855 88960 20
 2856 71168 16
 2857 26688 6
 2858 17792 4
 2859 57824 13
 2860 66720 15
 2861 88960 20
 2862 44480 10
 2863 31136 7
 2864 75616 17
 2865 40032 9
 2866 4448 1
 2867 48928 11
 2868 31136 7
 2869 71168 16
 2870 71168 16
 2871 44480 10
 2872 13344 3
 2873 66720 15
 2874 35584 8
 2875 8896 2
 2876 31136 7
 2877 44480 10
 2878 13344 3
 2879 62272 14
 2880 4448 1
 2881 26688 6
 2882 62272 14
 2883 71168 16
 2884 57824 13
 2885 4448 1
 2886 40032 9
 2887 84512 19
 2888 26688 6
 2889 26688 6
 2890 62272 14
 2891 22240 5
 2892 66720 15
 2893 66720 15
 2894 8896 2
 2895 53376 12
 2896 22240 5
 2897 80064 18
 2898 44480 10
 2899 8896 2
 2900 53376 12
 2901 8896 2
 2902 4448 1
 2903 57824 13
 2904 88960 20
 2905 48928 11
 2906 31136 7
 2907 57824 13
 2908 57824 13
 2909 44480 10
 2910 84512 19
 2911 80064 18
 2912 66720 15
 2913 26688 6
 2914 13344 3
 2915 17792 4
 2916 80064 18
 2917 88960 20
 2918 40032 9
 2919 26688 6
 2920 44480 10
 2921 53376 12
 2922 57824 13
 2923 66720 15
 2924 17792 4
 2925 66720 15
 2926 66720 15
 2927 80064 18
 2928 31136 7
 2929 53376 12
 2930 88960 20
 2931 62272 14
 2932 88960 20
 2933 31136 7
 2934 80064 18
 2935 80064 18
 2936 13344 3
 2937 84512 19
 2938 35584 8
 2939 88960 20
 2940 75616 17
 2941 71168 16
 2942 17792 4
 2943 75616 17
 2944 71168 16
 2945 71168 16
 2946 8896 2
 2947 40032 9
 2948 53376 12
 2949 57824 13
 2950 48928 11
 2951 31136 7
 2952 13344 3
 2953 13344 3
 2954 84512 19
 2955 4448 1
 2956 84512 19
 2957 88960 20
 2958 62272 14
 2959 66720 15
 2960 8896 2
 2961 13344 3
 2962 62272 14
 2963 75616 17
 2964 75616 17
 2965 31136 7
 2966 13344 3
 2967 4448 1
 2968 44480 10
 2969 75616 17
 2970 44480 10
 2971 53376 12
 2972 13344 3
 2973 44480 10
 2974 31136 7
 2975 4448 1
 2976 57824 13
 2977 22240 5
 2978 13344 3
 2979 13344 3
 2980 4448 1
 2981 44480 10
 2982 26688 6
 2983 40032 9
 2984 53376 12
 2985 13344 3
 2986 31136 7
 2987 53376 12
 2988 22240 5
 2989 4448 1
 2990 71168 16
 2991 31136 7
 2992 40032 9
 2993 84512 19
 2994 71168 16
 2995 31136 7
 2996 35584 8
 2997 40032 9
 2998 13344 3
 2999 48928 11
 3000 26688 6
 3001 88960 20
 3002 75616 17
 3003 57824 13
 3004 62272 14
 3005 40032 9
 3006 26688 6
 3007 53376 12
 3008 8896 2
 3009 75616 17
 3010 71168 16
 3011 48928 11
 3012 13344 3
 3013 66720 15
 3014 80064 18
 3015 44480 10
 3016 71168 16
 3017 66720 15
 3018 31136 7
 3019 84512 19
 3020 71168 16
 3021 13344 3
 3022 66720 15
 3023 57824 13
 3024 13344 3
 3025 48928 11
 3026 8896 2
 3027 62272 14
 3028 4448 1
 3029 48928 11
 3030 80064 18
 3031 48928 11
 3032 22240 5
 3033 75616 17
 3034 62272 14
 3035 53376 12
 3036 13344 3
 3037 80064 18
 3038 8896 2
 3039 26688 6
 3040 62272 14
 3041 22240 5
 3042 35584 8
 3043 22240 5
 3044 4448 1
 3045 71168 16
 3046 57824 13
 3047 40032 9
 3048 13344 3
 3049 4448 1
 3050 8896 2
 3051 75616 17
 3052 71168 16
 3053 22240 5
 3054 13344 3
 3055 75616 17
 3056 22240 5
 3057 71168 16
 3058 57824 13
 3059 31136 7
 3060 26688 6
 3061 8896 2
 3062 13344 3
 3063 80064 18
 3064 80064 18
 3065 71168 16
 3066 26688 6
 3067 35584 8
 3068 66720 15
 3069 17792 4
 3070 62272 14
 3071 57824 13
 3072 88960 20
 3073 13344 3
 3074 17792 4
 3075 62272 14
 3076 35584 8
 3077 75616 17
 3078 48928 11
 3079 57824 13
 3080 80064 18
 3081 4448 1
 3082 31136 7
 3083 4448 1
 3084 31136 7
 3085 17792 4
 3086 44480 10
 3087 88960 20
 3088 53376 12
 3089 35584 8
 3090 88960 20
 3091 71168 16
 3092 48928 11
 3093 84512 19
 3094 40032 9
 3095 44480 10
 3096 75616 17
 3097 80064 18
 3098 40032 9
 3099 22240 5
 3100 44480 10
 3101 44480 10
 3102 57824 13
 3103 48928 11
 3104 35584 8
 3105 17792 4
 3106 84512 19
 3107 75616 17
 3108 71168 16
 3109 84512 19
 3110 62272 14
 3111 57824 13
 3112 62272 14
 3113 57824 13
 3114 4448 1
 3115 57824 13
 3116 57824 13
 3117 40032 9
 3118 53376 12
 3119 88960 20
 3120 35584 8
 3121 75616 17
 3122 44480 10
 3123 62272 14
 3124 57824 13
 3125 8896 2
 3126 31136 7
 3127 53376 12
 3128 48928 11
 3129 8896 2
 3130 31136 7
 3131 26688 6
 3132 17792 4
 3133 57824 13
 3134 31136 7
 3135 44480 10
 3136 66720 15
 3137 62272 14
 3138 48928 11
 3139 4448 1
 3140 80064 18
 3141 84512 19
 3142 22240 5
 3143 57824 13
 3144 71168 16
 3145 35584 8
 3146 57824 13
 3147 4448 1
 3148 62272 14
 3149 71168 16
 3150 53376 12
 3151 35584 8
 3152 88960 20
 3153 80064 18
 3154 44480 10
 3155 53376 12
 3156 88960 20
 3157 4448 1
 3158 40032 9
 3159 75616 17
 3160 84512 19
 3161 88960 20
 3162 40032 9
 3163 17792 4
 3164 22240 5
 3165 40032 9
 3166 71168 16
 3167 75616 17
 3168 48928 11
 3169 57824 13
 3170 40032 9
 3171 80064 18
 3172 31136 7
 3173 48928 11
 3174 31136 7
 3175 75616 17
 3176 8896 2
 3177 13344 3
 3178 62272 14
 3179 8896 2
 3180 53376 12
 3181 40032 9
 3182 26688 6
 3183 22240 5
 3184 44480 10
 3185 80064 18
 3186 48928 11
 3187 62272 14
 3188 48928 11
 3189 57824 13
 3190 75616 17
 3191 22240 5
 3192 88960 20
 3193 80064 18
 3194 48928 11
 3195 48928 11
 3196 44480 10
 3197 40032 9
 3198 35584 8
 3199 62272 14
 3200 35584 8
 3201 40032 9
 3202 71168 16
 3203 31136 7
 3204 57824 13
 3205 75616 17
 3206 53376 12
 3207 44480 10
 3208 66720 15
 3209 17792 4
 3210 62272 14
 3211 84512 19
 3212 66720 15
 3213 53376 12
 3214 88960 20
 3215 88960 20
 3216 57824 13
 3217 26688 6
 3218 35584 8
 3219 62272 14
 3220 13344 3
 3221 57824 13
 3222 31136 7
 3223 48928 11
 3224 13344 3
 3225 40032 9
 3226 31136 7
 3227 40032 9
 3228 48928 11
 3229 48928 11
 3230 62272 14
 3231 40032 9
 3232 80064 18
 3233 26688 6
 3234 66720 15
 3235 53376 12
 3236 44480 10
 3237 84512 19
 3238 66720 15
 3239 22240 5
 3240 53376 12
 3241 75616 17
 3242 80064 18
 3243 35584 8
 3244 71168 16
 3245 80064 18
 3246 48928 11
 3247 80064 18
 3248 57824 13
 3249 53376 12
 3250 4448 1
 3251 62272 14
 3252 80064 18
 3253 40032 9
 3254 40032 9
 3255 17792 4
 3256 8896 2
 3257 80064 18
 3258 35584 8
 3259 84512 19
 3260 53376 12
 3261 53376 12
 3262 57824 13
 3263 8896 2
 3264 13344 3
 3265 8896 2
 3266 44480 10
 3267 44480 10
 3268 22240 5
 3269 84512 19
 3270 44480 10
 3271 57824 13
 3272 40032 9
 3273 66720 15
 3274 44480 10
 3275 44480 10
 3276 75616 17
 3277 44480 10
 3278 26688 6
 3279 62272 14
 3280 80064 18
 3281 62272 14
 3282 8896 2
 3283 48928 11
 3284 44480 10
 3285 84512 19
 3286 57824 13
 3287 62272 14
 3288 31136 7
 3289 75616 17
 3290 35584 8
 3291 57824 13
 3292 40032 9
 3293 44480 10
 3294 48928 11
 3295 62272 14
 3296 22240 5
 3297 8896 2
 3298 26688 6
 3299 84512 19
 3300 80064 18
 3301 88960 20
 3302 75616 17
 3303 84512 19
 3304 88960 20
 3305 53376 12
 3306 71168 16
 3307 80064 18
 3308 57824 13
 3309 4448 1
 3310 31136 7
 3311 62272 14
 3312 57824 13
 3313 13344 3
 3314 8896 2
 3315 88960 20
 3316 84512 19
 3317 62272 14
 3318 88960 20
 3319 71168 16
 3320 44480 10
 3321 57824 13
 3322 17792 4
 3323 13344 3
 3324 48928 11
 3325 13344 3
 3326 66720 15
 3327 40032 9
 3328 44480 10
 3329 57824 13
 3330 80064 18
 3331 88960 20
 3332 75616 17
 3333 71168 16
 3334 62272 14
 3335 57824 13
 3336 31136 7
 3337 48928 11
 3338 57824 13
 3339 8896 2
 3340 48928 11
 3341 8896 2
 3342 22240 5
 3343 75616 17
 3344 57824 13
 3345 84512 19
 3346 13344 3
 3347 13344 3
 3348 53376 12
 3349 4448 1
 3350 75616 17
 3351 22240 5
 3352 88960 20
 3353 71168 16
 3354 84512 19
 3355 4448 1
 3356 71168 16
 3357 31136 7
 3358 4448 1
 3359 44480 10
 3360 75616 17
 3361 31136 7
 3362 88960 20
 3363 35584 8
 3364 22240 5
 3365 84512 19
 3366 75616 17
 3367 62272 14
 3368 26688 6
 3369 44480 10
 3370 31136 7
 3371 53376 12
 3372 22240 5
 3373 57824 13
 3374 40032 9
 3375 31136 7
 3376 84512 19
 3377 66720 15
 3378 13344 3
 3379 48928 11
 3380 71168 16
 3381 26688 6
 3382 84512 19
 3383 62272 14
 3384 80064 18
 3385 22240 5
 3386 17792 4
 3387 62272 14
 3388 31136 7
 3389 44480 10
 3390 31136 7
 3391 62272 14
 3392 62272 14
 3393 57824 13
 3394 88960 20
 3395 4448 1
 3396 17792 4
 3397 88960 20
 3398 62272 14
 3399 8896 2
 3400 48928 11
 3401 88960 20
 3402 84512 19
 3403 88960 20
 3404 75616 17
 3405 75616 17
 3406 84512 19
 3407 84512 19
 3408 8896 2
 3409 53376 12
 3410 26688 6
 3411 13344 3
 3412 17792 4
 3413 4448 1
 3414 17792 4
 3415 88960 20
 3416 35584 8
 3417 44480 10
 3418 26688 6
 3419 80064 18
 3420 26688 6
 3421 44480 10
 3422 62272 14
 3423 22240 5
 3424 40032 9
 3425 8896 2
 3426 48928 11
 3427 35584 8
 3428 48928 11
 3429 66720 15
 3430 84512 19
 3431 31136 7
 3432 13344 3
 3433 31136 7
 3434 35584 8
 3435 13344 3
 3436 66720 15
 3437 57824 13
 3438 35584 8
 3439 71168 16
 3440 53376 12
 3441 13344 3
 3442 71168 16
 3443 40032 9
 3444 48928 11
 3445 17792 4
 3446 26688 6
 3447 66720 15
 3448 13344 3
 3449 80064 18
 3450 26688 6
 3451 57824 13
 3452 62272 14
 3453 17792 4
 3454 44480 10
 3455 35584 8
 3456 88960 20
 3457 44480 10
 3458 48928 11
 3459 88960 20
 3460 26688 6
 3461 44480 10
 3462 66720 15
 3463 35584 8
 3464 13344 3
 3465 35584 8
 3466 35584 8
 3467 31136 7
 3468 26688 6
 3469 75616 17
 3470 53376 12
 3471 40032 9
 3472 88960 20
 3473 71168 16
 3474 31136 7
 3475 88960 20
 3476 22240 5
 3477 88960 20
 3478 75616 17
 3479 75616 17
 3480 40032 9
 3481 13344 3
 3482 31136 7
 3483 22240 5
 3484 57824 13
 3485 62272 14
 3486 40032 9
 3487 62272 14
 3488 40032 9
 3489 26688 6
 3490 71168 16
 3491 48928 11
 3492 71168 16
 3493 44480 10
 3494 22240 5
 3495 4448 1
 3496 26688 6
 3497 31136 7
 3498 88960 20
 3499 71168 16
 3500 13344 3
 3501 88960 20
 3502 88960 20
 3503 17792 4
 3504 62272 14
 3505 84512 19
 3506 40032 9
 3507 13344 3
 3508 40032 9
 3509 8896 2
 3510 17792 4
 3511 13344 3
 3512 17792 4
 3513 44480 10
 3514 35584 8
 3515 26688 6
 3516 53376 12
 3517 84512 19
 3518 84512 19
 3519 22240 5
 3520 35584 8
 3521 66720 15
 3522 62272 14
 3523 75616 17
 3524 26688 6
 3525 80064 18
 3526 44480 10
 3527 44480 10
 3528 22240 5
 3529 22240 5
 3530 66720 15
 3531 57824 13
 3532 8896 2
 3533 62272 14
 3534 75616 17
 3535 53376 12
 3536 48928 11
 3537 17792 4
 3538 80064 18
 3539 48928 11
 3540 88960 20
 3541 53376 12
 3542 13344 3
 3543 13344 3
 3544 48928 11
 3545 75616 17
 3546 4448 1
 3547 22240 5
 3548 31136 7
 3549 35584 8
 3550 66720 15
 3551 75616 17
 3552 31136 7
 3553 8896 2
 3554 26688 6
 3555 88960 20
 3556 88960 20
 3557 80064 18
 3558 71168 16
 3559 88960 20
 3560 71168 16
 3561 48928 11
 3562 75616 17
 3563 57824 13
 3564 75616 17
 3565 17792 4
 3566 48928 11
 3567 44480 10
 3568 80064 18
 3569 88960 20
 3570 4448 1
 3571 22240 5
 3572 48928 11
 3573 88960 20
 3574 22240 5
 3575 71168 16
 3576 31136 7
 3577 75616 17
 3578 13344 3
 3579 88960 20
 3580 57824 13
 3581 17792 4
 3582 22240 5
 3583 80064 18
 3584 26688 6
 3585 22240 5
 3586 35584 8
 3587 53376 12
 3588 75616 17
 3589 66720 15
 3590 75616 17
 3591 66720 15
 3592 22240 5
 3593 17792 4
 3594 26688 6
 3595 75616 17
 3596 31136 7
 3597 88960 20
 3598 88960 20
 3599 62272 14
 3600 53376 12
 3601 84512 19
 3602 26688 6
 3603 57824 13
 3604 40032 9
 3605 88960 20
 3606 71168 16
 3607 57824 13
 3608 62272 14
 3609 75616 17
 3610 84512 19
 3611 62272 14
 3612 26688 6
 3613 17792 4
 3614 71168 16
 3615 26688 6
 3616 8896 2
 3617 8896 2
 3618 13344 3
 3619 17792 4
 3620 66720 15
 3621 62272 14
 3622 4448 1
 3623 53376 12
 3624 13344 3
 3625 66720 15
 3626 35584 8
 3627 71168 16
 3628 80064 18
 3629 88960 20
 3630 35584 8
 3631 40032 9
 3632 17792 4
 3633 35584 8
 3634 75616 17
 3635 4448 1
 3636 13344 3
 3637 35584 8
 3638 48928 11
 3639 84512 19
 3640 71168 16
 3641 31136 7
 3642 57824 13
 3643 84512 19
 3644 17792 4
 3645 44480 10
 3646 40032 9
 3647 35584 8
 3648 44480 10
 3649 53376 12
 3650 17792 4
 3651 53376 12
 3652 84512 19
 3653 71168 16
 3654 53376 12
 3655 88960 20
 3656 66720 15
 3657 26688 6
 3658 17792 4
 3659 31136 7
 3660 26688 6
 3661 4448 1
 3662 31136 7
 3663 4448 1
 3664 8896 2
 3665 26688 6
 3666 4448 1
 3667 57824 13
 3668 53376 12
 3669 84512 19
 3670 4448 1
 3671 26688 6
 3672 35584 8
 3673 17792 4
 3674 8896 2
 3675 80064 18
 3676 4448 1
 3677 66720 15
 3678 8896 2
 3679 17792 4
 3680 13344 3
 3681 17792 4
 3682 26688 6
 3683 80064 18
 3684 75616 17
 3685 66720 15
 3686 80064 18
 3687 31136 7
 3688 88960 20
 3689 48928 11
 3690 88960 20
 3691 31136 7
 3692 80064 18
 3693 80064 18
 3694 4448 1
 3695 66720 15
 3696 57824 13
 3697 35584 8
 3698 66720 15
 3699 75616 17
 3700 22240 5
 3701 8896 2
 3702 53376 12
 3703 26688 6
 3704 88960 20
 3705 13344 3
 3706 8896 2
 3707 22240 5
 3708 4448 1
 3709 4448 1
 3710 71168 16
 3711 75616 17
 3712 62272 14
 3713 48928 11
 3714 62272 14
 3715 62272 14
 3716 4448 1
 3717 40032 9
 3718 35584 8
 3719 88960 20
 3720 17792 4
 3721 75616 17
 3722 66720 15
 3723 84512 19
 3724 31136 7
 3725 48928 11
 3726 66720 15
 3727 40032 9
 3728 71168 16
 3729 75616 17
 3730 26688 6
 3731 13344 3
 3732 88960 20
 3733 13344 3
 3734 88960 20
 3735 80064 18
 3736 8896 2
 3737 71168 16
 3738 13344 3
 3739 44480 10
 3740 22240 5
 3741 71168 16
 3742 13344 3
 3743 88960 20
 3744 4448 1
 3745 26688 6
 3746 31136 7
 3747 35584 8
 3748 88960 20
 3749 48928 11
 3750 75616 17
 3751 13344 3
 3752 80064 18
 3753 40032 9
 3754 62272 14
 3755 66720 15
 3756 4448 1
 3757 17792 4
 3758 4448 1
 3759 66720 15
 3760 8896 2
 3761 71168 16
 3762 17792 4
 3763 31136 7
 3764 88960 20
 3765 84512 19
 3766 31136 7
 3767 35584 8
 3768 75616 17
 3769 8896 2
 3770 84512 19
 3771 22240 5
 3772 44480 10
 3773 40032 9
 3774 26688 6
 3775 22240 5
 3776 62272 14
 3777 4448 1
 3778 75616 17
 3779 22240 5
 3780 48928 11
 3781 48928 11
 3782 17792 4
 3783 88960 20
 3784 75616 17
 3785 88960 20
 3786 62272 14
 3787 57824 13
 3788 48928 11
 3789 80064 18
 3790 57824 13
 3791 57824 13
 3792 57824 13
 3793 80064 18
 3794 26688 6
 3795 71168 16
 3796 44480 10
 3797 62272 14
 3798 62272 14
 3799 57824 13
 3800 13344 3
 3801 88960 20
 3802 4448 1
 3803 80064 18
 3804 57824 13
 3805 88960 20
 3806 71168 16
 3807 4448 1
 3808 17792 4
 3809 84512 19
 3810 26688 6
 3811 48928 11
 3812 66720 15
 3813 62272 14
 3814 62272 14
 3815 88960 20
 3816 40032 9
 3817 84512 19
 3818 62272 14
 3819 75616 17
 3820 26688 6
 3821 53376 12
 3822 17792 4
 3823 44480 10
 3824 53376 12
 3825 48928 11
 3826 35584 8
 3827 71168 16
 3828 17792 4
 3829 8896 2
 3830 75616 17
 3831 75616 17
 3832 57824 13
 3833 26688 6
 3834 44480 10
 3835 57824 13
 3836 88960 20
 3837 71168 16
 3838 4448 1
 3839 26688 6
 3840 88960 20
 3841 53376 12
 3842 75616 17
 3843 53376 12
 3844 66720 15
 3845 71168 16
 3846 53376 12
 3847 40032 9
 3848 48928 11
 3849 40032 9
 3850 84512 19
 3851 66720 15
 3852 57824 13
 3853 88960 20
 3854 48928 11
 3855 40032 9
 3856 35584 8
 3857 71168 16
 3858 31136 7
 3859 66720 15
 3860 53376 12
 3861 22240 5
 3862 66720 15
 3863 44480 10
 3864 75616 17
 3865 88960 20
 3866 53376 12
 3867 53376 12
 3868 26688 6
 3869 22240 5
 3870 75616 17
 3871 48928 11
 3872 35584 8
 3873 84512 19
 3874 88960 20
 3875 26688 6
 3876 4448 1
 3877 53376 12
 3878 35584 8
 3879 22240 5
 3880 66720 15
 3881 13344 3
 3882 84512 19
 3883 75616 17
 3884 44480 10
 3885 80064 18
 3886 57824 13
 3887 26688 6
 3888 75616 17
 3889 75616 17
 3890 35584 8
 3891 31136 7
 3892 53376 12
 3893 75616 17
 3894 40032 9
 3895 4448 1
 3896 75616 17
 3897 53376 12
 3898 71168 16
 3899 26688 6
 3900 8896 2
 3901 84512 19
 3902 31136 7
 3903 88960 20
 3904 66720 15
 3905 13344 3
 3906 17792 4
 3907 26688 6
 3908 71168 16
 3909 35584 8
 3910 80064 18
 3911 44480 10
 3912 31136 7
 3913 53376 12
 3914 80064 18
 3915 22240 5
 3916 75616 17
 3917 26688 6
 3918 66720 15
 3919 84512 19
 3920 48928 11
 3921 62272 14
 3922 31136 7
 3923 80064 18
 3924 4448 1
 3925 62272 14
 3926 4448 1
 3927 57824 13
 3928 71168 16
 3929 8896 2
 3930 57824 13
 3931 88960 20
 3932 4448 1
 3933 48928 11
 3934 71168 16
 3935 75616 17
 3936 88960 20
 3937 8896 2
 3938 13344 3
 3939 57824 13
 3940 57824 13
 3941 8896 2
 3942 53376 12
 3943 8896 2
 3944 31136 7
 3945 26688 6
 3946 35584 8
 3947 26688 6
 3948 57824 13
 3949 53376 12
 3950 80064 18
 3951 53376 12
 3952 17792 4
 3953 75616 17
 3954 80064 18
 3955 40032 9
 3956 17792 4
 3957 13344 3
 3958 53376 12
 3959 57824 13
 3960 35584 8
 3961 57824 13
 3962 88960 20
 3963 62272 14
 3964 13344 3
 3965 44480 10
 3966 31136 7
 3967 44480 10
 3968 62272 14
 3969 88960 20
 3970 8896 2
 3971 31136 7
 3972 13344 3
 3973 57824 13
 3974 84512 19
 3975 88960 20
 3976 44480 10
 3977 75616 17
 3978 71168 16
 3979 88960 20
 3980 22240 5
 3981 8896 2
 3982 62272 14
 3983 13344 3
 3984 4448 1
 3985 75616 17
 3986 4448 1
 3987 4448 1
 3988 44480 10
 3989 22240 5
 3990 26688 6
 3991 44480 10
 3992 35584 8
 3993 57824 13
 3994 8896 2
 3995 13344 3
 3996 66720 15
 3997 62272 14
 3998 26688 6
 3999 57824 13
 4000 75616 17
 4001 8896 2
 4002 26688 6
 4003 80064 18
 4004 35584 8
 4005 31136 7
 4006 4448 1
 4007 62272 14
 4008 62272 14
 4009 13344 3
 4010 75616 17
 4011 57824 13
 4012 13344 3
 4013 88960 20
 4014 40032 9
 4015 31136 7
 4016 22240 5
 4017 4448 1
 4018 57824 13
 4019 84512 19
 4020 8896 2
 4021 80064 18
 4022 84512 19
 4023 66720 15
 4024 84512 19
 4025 13344 3
 4026 84512 19
 4027 13344 3
 4028 44480 10
 4029 62272 14
 4030 8896 2
 4031 44480 10
 4032 22240 5
 4033 8896 2
 4034 84512 19
 4035 35584 8
 4036 8896 2
 4037 8896 2
 4038 48928 11
 4039 31136 7
 4040 75616 17
 4041 40032 9
 4042 26688 6
 4043 75616 17
 4044 71168 16
 4045 57824 13
 4046 31136 7
 4047 66720 15
 4048 53376 12
 4049 26688 6
 4050 26688 6
 4051 17792 4
 4052 84512 19
 4053 75616 17
 4054 53376 12
 4055 48928 11
 4056 53376 12
 4057 80064 18
 4058 44480 10
 4059 35584 8
 4060 26688 6
 4061 53376 12
 4062 84512 19
 4063 88960 20
 4064 44480 10
 4065 48928 11
 4066 31136 7
 4067 8896 2
 4068 8896 2
 4069 71168 16
 4070 17792 4
 4071 40032 9
 4072 84512 19
 4073 44480 10
 4074 53376 12
 4075 31136 7
 4076 88960 20
 4077 4448 1
 4078 17792 4
 4079 71168 16
 4080 22240 5
 4081 66720 15
 4082 84512 19
 4083 13344 3
 4084 66720 15
 4085 84512 19
 4086 13344 3
 4087 57824 13
 4088 31136 7
 4089 40032 9
 4090 53376 12
 4091 71168 16
 4092 40032 9
 4093 66720 15
 4094 88960 20
 4095 40032 9
 4096 40032 9
 4097 57824 13
 4098 88960 20
 4099 66720 15
 4100 48928 11
 4101 71168 16
 4102 62272 14
 4103 53376 12
 4104 8896 2
 4105 88960 20
 4106 53376 12
 4107 88960 20
 4108 35584 8
 4109 84512 19
 4110 4448 1
 4111 44480 10
 4112 13344 3
 4113 44480 10
 4114 66720 15
 4115 31136 7
 4116 84512 19
 4117 66720 15
 4118 71168 16
 4119 4448 1
 4120 8896 2
 4121 40032 9
 4122 53376 12
 4123 80064 18
 4124 84512 19
 4125 80064 18
 4126 48928 11
 4127 31136 7
 4128 35584 8
 4129 13344 3
 4130 22240 5
 4131 84512 19
 4132 88960 20
 4133 66720 15
 4134 8896 2
 4135 13344 3
 4136 80064 18
 4137 31136 7
 4138 35584 8
 4139 17792 4
 4140 13344 3
 4141 75616 17
 4142 17792 4
 4143 31136 7
 4144 80064 18
 4145 35584 8
 4146 44480 10
 4147 22240 5
 4148 35584 8
 4149 75616 17
 4150 57824 13
 4151 13344 3
 4152 26688 6
 4153 13344 3
 4154 4448 1
 4155 48928 11
 4156 22240 5
 4157 80064 18
 4158 8896 2
 4159 40032 9
 4160 44480 10
 4161 26688 6
 4162 26688 6
 4163 48928 11
 4164 44480 10
 4165 44480 10
 4166 57824 13
 4167 84512 19
 4168 66720 15
 4169 26688 6
 4170 53376 12
 4171 88960 20
 4172 22240 5
 4173 75616 17
 4174 57824 13
 4175 40032 9
 4176 13344 3
 4177 22240 5
 4178 75616 17
 4179 53376 12
 4180 40032 9
 4181 31136 7
 4182 8896 2
 4183 44480 10
 4184 48928 11
 4185 22240 5
 4186 57824 13
 4187 57824 13
 4188 80064 18
 4189 13344 3
 4190 8896 2
 4191 88960 20
 4192 57824 13
 4193 75616 17
 4194 48928 11
 4195 17792 4
 4196 57824 13
 4197 71168 16
 4198 48928 11
 4199 8896 2
 4200 57824 13
 4201 88960 20
 4202 75616 17
 4203 53376 12
 4204 40032 9
 4205 80064 18
 4206 71168 16
 4207 13344 3
 4208 31136 7
 4209 80064 18
 4210 13344 3
 4211 35584 8
 4212 40032 9
 4213 31136 7
 4214 13344 3
 4215 26688 6
 4216 8896 2
 4217 57824 13
 4218 13344 3
 4219 40032 9
 4220 71168 16
 4221 31136 7
 4222 48928 11
 4223 80064 18
 4224 71168 16
 4225 40032 9
 4226 31136 7
 4227 44480 10
 4228 22240 5
 4229 75616 17
 4230 48928 11
 4231 84512 19
 4232 13344 3
 4233 48928 11
 4234 17792 4
 4235 57824 13
 4236 13344 3
 4237 4448 1
 4238 62272 14
 4239 88960 20
 4240 17792 4
 4241 48928 11
 4242 40032 9
 4243 62272 14
 4244 75616 17
 4245 75616 17
 4246 35584 8
 4247 75616 17
 4248 13344 3
 4249 71168 16
 4250 53376 12
 4251 48928 11
 4252 88960 20
 4253 66720 15
 4254 75616 17
 4255 75616 17
 4256 35584 8
 4257 80064 18
 4258 35584 8
 4259 44480 10
 4260 13344 3
 4261 22240 5
 4262 31136 7
 4263 4448 1
 4264 75616 17
 4265 13344 3
 4266 48928 11
 4267 8896 2
 4268 17792 4
 4269 66720 15
 4270 35584 8
 4271 75616 17
 4272 35584 8
 4273 35584 8
 4274 13344 3
 4275 75616 17
 4276 57824 13
 4277 71168 16
 4278 75616 17
 4279 26688 6
 4280 75616 17
 4281 8896 2
 4282 8896 2
 4283 53376 12
 4284 84512 19
 4285 66720 15
 4286 66720 15
 4287 57824 13
 4288 44480 10
 4289 17792 4
 4290 66720 15
 4291 75616 17
 4292 31136 7
 4293 88960 20
 4294 80064 18
 4295 62272 14
 4296 35584 8
 4297 22240 5
 4298 13344 3
 4299 66720 15
 4300 4448 1
 4301 75616 17
 4302 62272 14
 4303 75616 17
 4304 53376 12
 4305 26688 6
 4306 13344 3
 4307 8896 2
 4308 26688 6
 4309 40032 9
 4310 44480 10
 4311 35584 8
 4312 53376 12
 4313 35584 8
 4314 84512 19
 4315 80064 18
 4316 84512 19
 4317 4448 1
 4318 62272 14
 4319 48928 11
 4320 71168 16
 4321 4448 1
 4322 26688 6
 4323 88960 20
 4324 22240 5
 4325 80064 18
 4326 22240 5
 4327 71168 16
 4328 48928 11
 4329 4448 1
 4330 66720 15
 4331 62272 14
 4332 71168 16
 4333 84512 19
 4334 26688 6
 4335 75616 17
 4336 57824 13
 4337 26688 6
 4338 40032 9
 4339 84512 19
 4340 57824 13
 4341 22240 5
 4342 8896 2
 4343 31136 7
 4344 48928 11
 4345 84512 19
 4346 40032 9
 4347 57824 13
 4348 75616 17
 4349 57824 13
 4350 75616 17
 4351 48928 11
 4352 57824 13
 4353 40032 9
 4354 53376 12
 4355 62272 14
 4356 17792 4
 4357 40032 9
 4358 26688 6
 4359 13344 3
 4360 31136 7
 4361 88960 20
 4362 48928 11
 4363 62272 14
 4364 62272 14
 4365 44480 10
 4366 13344 3
 4367 66720 15
 4368 53376 12
 4369 40032 9
 4370 71168 16
 4371 48928 11
 4372 48928 11
 4373 57824 13
 4374 8896 2
 4375 75616 17
 4376 88960 20
 4377 88960 20
 4378 8896 2
 4379 4448 1
 4380 40032 9
 4381 22240 5
 4382 35584 8
 4383 88960 20
 4384 31136 7
 4385 88960 20
 4386 53376 12
 4387 57824 13
 4388 48928 11
 4389 22240 5
 4390 71168 16
 4391 35584 8
 4392 35584 8
 4393 13344 3
 4394 35584 8
 4395 26688 6
 4396 8896 2
 4397 17792 4
 4398 48928 11
 4399 66720 15
 4400 13344 3
 4401 26688 6
 4402 57824 13
 4403 26688 6
 4404 75616 17
 4405 26688 6
 4406 48928 11
 4407 66720 15
 4408 88960 20
 4409 4448 1
 4410 31136 7
 4411 35584 8
 4412 31136 7
 4413 71168 16
 4414 66720 15
 4415 17792 4
 4416 57824 13
 4417 66720 15
 4418 80064 18
 4419 71168 16
 4420 53376 12
 4421 75616 17
 4422 31136 7
 4423 48928 11
 4424 8896 2
 4425 66720 15
 4426 62272 14
 4427 26688 6
 4428 84512 19
 4429 26688 6
 4430 31136 7
 4431 8896 2
 4432 88960 20
 4433 8896 2
 4434 84512 19
 4435 53376 12
 4436 31136 7
 4437 8896 2
 4438 66720 15
 4439 88960 20
 4440 71168 16
 4441 13344 3
 4442 62272 14
 4443 53376 12
 4444 57824 13
 4445 26688 6
 4446 48928 11
 4447 44480 10
 4448 40032 9
88960