474
 1 5688 12
 2 2370 5
 3 4740 10
 4 9480 20
 5 948 2
 6 7110 15
 7 1422 3
 8 948 2
 9 9006 19
 10 4740 10
 11 8532 18
 12 3318 7
 13 8532 18
 14 9480 20
 15 948 2
 16 9006 19
 17 1422 3
 18 5688 12
 19 474 1
 20 2370 5
 21 2844 6
 22 2844 6
 23 3318 7
 24 7110 15
 25 7584 16
 26 9006 19
 27 9480 20
 28 1896 4
 29 7584 16
 30 4740 10
 31 6162 13
 32 2844 6
 33 8532 18
 34 1422 3
 35 3792 8
 36 3792 8
 37 2844 6
 38 7584 16
 39 1422 3
 40 6162 13
 41 4740 10
 42 3792 8
 43 8058 17
 44 8058 17
 45 948 2
 46 948 2
 47 2844 6
 48 1422 3
 49 9006 19
 50 4266 9
 51 474 1
 52 7110 15
 53 5214 11
 54 2370 5
 55 8532 18
 56 5688 12
 57 5688 12
 58 474 1
 59 7110 15
 60 6162 13
 61 9480 20
 62 5214 11
 63 6636 14
 64 1422 3
 65 948 2
 66 5688 12
 67 8532 18
 68 3318 7
 69 1422 3
 70 1896 4
 71 4266 9
 72 1896 4
 73 8532 18
 74 9006 19
 75 9006 19
 76 3318 7
 77 2844 6
 78 7584 16
 79 5688 12
 80 1422 3
 81 2844 6
 82 5214 11
 83 7110 15
 84 474 1
 85 7584 16
 86 7584 16
 87 7584 16
 88 3792 8
 89 7110 15
 90 4740 10
 91 7584 16
 92 3792 8
 93 948 2
 94 5688 12
 95 948 2
 96 2370 5
 97 948 2
 98 8058 17
 99 7110 15
 100 4740 10
 101 4740 10
 102 948 2
 103 8532 18
 104 7110 15
 105 7110 15
 106 5688 12
 107 8532 18
 108 5688 12
 109 1422 3
 110 7584 16
 111 5214 11
 112 1422 3
 113 3318 7
 114 8532 18
 115 5214 11
 116 1896 4
 117 4266 9
 118 948 2
 119 9480 20
 120 8058 17
 121 474 1
 122 948 2
 123 9006 19
 124 2370 5
 125 474 1
 126 9006 19
 127 948 2
 128 6636 14
 129 1422 3
 130 474 1
 131 4266 9
 132 5214 11
 133 3792 8
 134 6636 14
 135 5214 11
 136 1896 4
 137 7110 15
 138 5214 11
 139 3318 7
 140 948 2
 141 7110 15
 142 474 1
 143 8058 17
 144 9006 19
 145 2370 5
 146 6162 13
 147 3318 7
 148 7584 16
 149 7584 16
 150 3792 8
 151 1896 4
 152 6162 13
 153 6636 14
 154 7110 15
 155 3318 7
 156 9480 20
 157 1422 3
 158 5214 11
 159 7584 16
 160 3792 8
 161 4740 10
 162 8532 18
 163 9480 20
 164 1896 4
 165 3792 8
 166 2844 6
 167 9006 19
 168 2844 6
 169 2844 6
 170 8058 17
 171 6636 14
 172 1896 4
 173 2844 6
 174 9480 20
 175 3792 8
 176 3318 7
 177 474 1
 178 5214 11
 179 4266 9
 180 2370 5
 181 1896 4
 182 6162 13
 183 474 1
 184 3792 8
 185 4740 10
 186 1896 4
 187 3318 7
 188 948 2
 189 6162 13
 190 474 1
 191 948 2
 192 5688 12
 193 9480 20
 194 8058 17
 195 5214 11
 196 474 1
 197 8532 18
 198 5214 11
 199 6636 14
 200 4266 9
 201 6636 14
 202 474 1
 203 3792 8
 204 3318 7
 205 1422 3
 206 4740 10
 207 9006 19
 208 1422 3
 209 8058 17
 210 9006 19
 211 474 1
 212 3792 8
 213 8532 18
 214 4740 10
 215 474 1
 216 6162 13
 217 3318 7
 218 8058 17
 219 8058 17
 220 474 1
 221 3792 8
 222 2370 5
 223 6636 14
 224 3318 7
 225 4266 9
 226 3792 8
 227 5688 12
 228 6162 13
 229 7110 15
 230 5214 11
 231 9006 19
 232 3318 7
 233 3318 7
 234 5688 12
 235 8532 18
 236 5214 11
 237 5688 12
 238 9480 20
 239 2844 6
 240 948 2
 241 2844 6
 242 7584 16
 243 6636 14
 244 1422 3
 245 948 2
 246 6162 13
 247 5688 12
 248 5688 12
 249 4740 10
 250 2844 6
 251 9480 20
 252 948 2
 253 4266 9
 254 8058 17
 255 3792 8
 256 4740 10
 257 5214 11
 258 8532 18
 259 5214 11
 260 7584 16
 261 8058 17
 262 2370 5
 263 9006 19
 264 3792 8
 265 5688 12
 266 3792 8
 267 6162 13
 268 4740 10
 269 7110 15
 270 4740 10
 271 9480 20
 272 4266 9
 273 2844 6
 274 7584 16
 275 7110 15
 276 4740 10
 277 2370 5
 278 9006 19
 279 6636 14
 280 6636 14
 281 8058 17
 282 9480 20
 283 2844 6
 284 6636 14
 285 5688 12
 286 9006 19
 287 9480 20
 288 2844 6
 289 474 1
 290 7110 15
 291 5688 12
 292 2844 6
 293 9006 19
 294 9006 19
 295 8532 18
 296 948 2
 297 6162 13
 298 9480 20
 299 474 1
 300 2370 5
 301 1896 4
 302 6636 14
 303 7584 16
 304 8532 18
 305 3792 8
 306 4266 9
 307 948 2
 308 948 2
 309 7584 16
 310 2370 5
 311 948 2
 312 9006 19
 313 474 1
 314 2844 6
 315 7110 15
 316 474 1
 317 8532 18
 318 1422 3
 319 8058 17
 320 5214 11
 321 7110 15
 322 7584 16
 323 6636 14
 324 1896 4
 325 7110 15
 326 2844 6
 327 2370 5
 328 7584 16
 329 2844 6
 330 1422 3
 331 2370 5
 332 8532 18
 333 8532 18
 334 9480 20
 335 2370 5
 336 5688 12
 337 9006 19
 338 2844 6
 339 1422 3
 340 6162 13
 341 3792 8
 342 8532 18
 343 7584 16
 344 7110 15
 345 9006 19
 346 948 2
 347 3318 7
 348 8532 18
 349 1896 4
 350 3792 8
 351 9006 19
 352 4266 9
 353 474 1
 354 7584 16
 355 5214 11
 356 3792 8
 357 2844 6
 358 8532 18
 359 5214 11
 360 4740 10
 361 2844 6
 362 948 2
 363 3792 8
 364 6636 14
 365 8058 17
 366 4740 10
 367 3318 7
 368 9480 20
 369 4740 10
 370 9006 19
 371 474 1
 372 6162 13
 373 1896 4
 374 3792 8
 375 8058 17
 376 7584 16
 377 474 1
 378 2370 5
 379 7584 16
 380 5214 11
 381 3318 7
 382 4266 9
 383 948 2
 384 1422 3
 385 3792 8
 386 7110 15
 387 3318 7
 388 3792 8
 389 8532 18
 390 4740 10
 391 1422 3
 392 2844 6
 393 4740 10
 394 474 1
 395 7110 15
 396 1896 4
 397 948 2
 398 9480 20
 399 8058 17
 400 8058 17
 401 8532 18
 402 2844 6
 403 3792 8
 404 6162 13
 405 2370 5
 406 1896 4
 407 9006 19
 408 7584 16
 409 7110 15
 410 8532 18
 411 9480 20
 412 6636 14
 413 1896 4
 414 5688 12
 415 7110 15
 416 6162 13
 417 2844 6
 418 1896 4
 419 6636 14
 420 474 1
 421 5688 12
 422 1422 3
 423 9480 20
 424 9006 19
 425 7110 15
 426 3318 7
 427 6162 13
 428 2844 6
 429 2844 6
 430 9006 19
 431 6636 14
 432 7110 15
 433 4740 10
 434 7110 15
 435 7584 16
 436 8532 18
 437 2370 5
 438 3318 7
 439 2844 6
 440 9480 20
 441 2370 5
 442 1896 4
 443 3318 7
 444 2844 6
 445 948 2
 446 1422 3
 447 5214 11
 448 8532 18
 449 2370 5
 450 5688 12
 451 9480 20
 452 6636 14
 453 9480 20
 454 8058 17
 455 2844 6
 456 2370 5
 457 4740 10
 458 2844 6
 459 9480 20
 460 1422 3
 461 6162 13
 462 948 2
 463 9006 19
 464 6636 14
 465 6162 13
 466 1422 3
 467 3792 8
 468 5688 12
 469 2370 5
 470 6162 13
 471 8532 18
 472 1422 3
 473 3318 7
 474 2370 5
5214