474
 1 2370 5
 2 1419 3
 3 9440 20
 4 6123 13
 5 9400 20
 6 7973 17
 7 8892 19
 8 7472 16
 9 1864 4
 10 2325 5
 11 8352 18
 12 926 2
 13 3696 8
 14 7376 16
 15 4140 9
 16 8262 18
 17 4122 9
 18 6855 15
 19 7752 17
 20 9100 20
 21 1362 3
 22 8607 19
 23 2260 5
 24 4059 9
 25 8100 18
 26 5837 13
 27 1792 4
 28 3129 7
 29 2676 6
 30 4450 10
 31 1776 4
 32 4430 10
 33 4420 10
 34 3528 8
 35 3520 8
 36 3073 7
 37 7884 18
 38 2622 6
 39 5668 13
 40 8700 20
 41 7812 18
 42 2165 5
 43 2160 5
 44 3448 8
 45 6450 15
 46 4719 11
 47 3424 8
 48 6405 15
 49 5538 13
 50 2975 7
 51 8056 19
 52 1692 4
 53 7596 18
 54 7578 18
 55 3360 8
 56 419 1
 57 8360 20
 58 4587 11
 59 4576 11
 60 4980 12
 61 414 1
 62 5369 13
 63 5768 14
 64 4110 10
 65 2870 7
 66 2045 5
 67 6528 16
 68 814 2
 69 6902 17
 70 1620 4
 71 1212 3
 72 8060 20
 73 2814 7
 74 802 2
 75 3600 9
 76 1995 5
 77 2786 7
 78 5161 13
 79 5148 13
 80 5530 14
 81 1576 4
 82 7467 19
 83 7056 18
 84 7429 19
 85 390 1
 86 6613 17
 87 3880 10
 88 1935 5
 89 5018 13
 90 7700 20
 91 7296 19
 92 4979 13
 93 382 1
 94 6858 18
 95 6840 18
 96 2274 6
 97 6048 16
 98 2639 7
 99 3760 10
 100 375 1
 101 3366 9
 102 6341 17
 103 4464 12
 104 4823 13
 105 7030 19
 106 1476 4
 107 6256 17
 108 5872 16
 109 732 2
 110 365 1
 111 6552 18
 112 4356 12
 113 724 2
 114 6137 17
 115 4320 12
 116 2513 7
 117 2864 8
 118 3570 10
 119 2136 6
 120 3195 9
 121 4956 14
 122 6354 18
 123 5280 15
 124 1755 5
 125 2800 8
 126 3839 11
 127 6612 19
 128 347 1
 129 3806 11
 130 6900 20
 131 688 2
 132 6517 19
 133 5472 16
 134 4092 12
 135 5440 16
 136 1356 4
 137 6084 18
 138 2359 7
 139 5040 15
 140 6700 20
 141 4342 13
 142 2997 9
 143 2656 8
 144 1986 6
 145 6600 20
 146 329 1
 147 4920 15
 148 1962 6
 149 652 2
 150 5200 16
 151 1944 6
 152 6460 20
 153 6440 20
 154 6099 19
 155 5760 18
 156 638 2
 157 4134 13
 158 6023 19
 159 6320 20
 160 5355 17
 161 1884 6
 162 3443 11
 163 1872 6
 164 933 3
 165 4650 15
 166 3399 11
 167 4620 15
 168 5526 18
 169 5508 18
 170 1220 4
 171 912 3
 172 606 2
 173 1510 5
 174 2408 8
 175 6000 20
 176 2691 9
 177 5960 20
 178 5643 19
 179 5920 20
 180 3835 13
 181 2940 10
 182 4688 16
 183 5548 19
 184 4656 16
 185 1740 6
 186 4913 17
 187 576 2
 188 861 3
 189 2860 10
 190 4275 15
 191 1988 7
 192 1415 5
 193 4230 15
 194 281 1
 195 840 3
 196 1395 5
 197 1946 7
 198 4155 15
 199 828 3
 200 2475 9
 201 822 3
 202 3822 14
 203 5168 19
 204 2439 9
 205 1890 7
 206 1076 4
 207 1340 5
 208 5073 19
 209 1064 4
 210 4240 16
 211 3960 15
 212 4997 19
 213 4716 18
 214 3393 13
 215 4940 19
 216 4403 17
 217 2064 8
 218 2827 11
 219 1024 4
 220 5100 20
 221 3556 14
 222 4807 19
 223 756 3
 224 1757 7
 225 2750 11
 226 3984 16
 227 1736 7
 228 4199 17
 229 1722 7
 230 2940 12
 231 1708 7
 232 1944 8
 233 2178 9
 234 4579 19
 235 480 2
 236 2868 12
 237 3808 16
 238 1659 7
 239 236 1
 240 1645 7
 241 2340 10
 242 1864 8
 243 3016 13
 244 2772 12
 245 920 4
 246 3664 16
 247 1140 5
 248 454 2
 249 1130 5
 250 4050 18
 251 2912 13
 252 4237 19
 253 444 2
 254 442 2
 255 4180 19
 256 2190 10
 257 3706 17
 258 3472 16
 259 3456 16
 260 2795 13
 261 1498 7
 262 2769 13
 263 3816 18
 264 4220 20
 265 210 1
 266 3344 16
 267 1872 9
 268 2898 14
 269 3090 15
 270 2460 12
 271 2856 14
 272 2842 14
 273 2020 10
 274 402 2
 275 2000 10
 276 3582 18
 277 1980 10
 278 394 2
 279 1764 9
 280 1170 6
 281 582 3
 282 965 5
 283 768 4
 284 2101 11
 285 380 2
 286 1701 9
 287 188 1
 288 748 4
 289 1860 10
 290 740 4
 291 3496 19
 292 549 3
 293 546 3
 294 3077 17
 295 540 3
 296 537 3
 297 178 1
 298 1593 9
 299 1056 6
 300 1925 11
 301 2262 13
 302 3114 18
 303 2752 16
 304 1881 11
 305 1870 11
 306 2197 13
 307 2184 13
 308 1002 6
 309 3154 19
 310 1320 8
 311 1312 8
 312 1467 9
 313 1458 9
 314 1449 9
 315 640 4
 316 1272 8
 317 1738 11
 318 2983 19
 319 2340 15
 320 2635 17
 321 1848 12
 322 1377 9
 323 1520 10
 324 1359 9
 325 2850 19
 326 2533 17
 327 2368 16
 328 1176 8
 329 1898 13
 330 2755 19
 331 1872 13
 332 143 1
 333 1562 11
 334 1974 14
 335 2380 17
 336 1112 8
 337 2208 16
 338 2329 17
 339 1904 14
 340 1215 9
 341 536 4
 342 665 5
 343 2244 17
 344 1965 15
 345 1300 10
 346 2193 17
 347 1408 11
 348 1651 13
 349 1764 14
 350 2375 19
 351 2480 20
 352 1968 16
 353 2318 19
 354 1089 9
 355 2280 19
 356 714 6
 357 1062 9
 358 585 5
 359 1856 16
 360 2185 19
 361 684 6
 362 2260 20
 363 1344 12
 364 2220 20
 365 770 7
 366 218 2
 367 1188 11
 368 1819 17
 369 1908 18
 370 735 7
 371 520 5
 372 412 4
 373 2040 20
 374 404 4
 375 1600 16
 376 693 7
 377 1764 18
 378 1649 17
 379 1824 19
 380 1330 14
 381 1786 19
 382 1674 18
 383 460 5
 384 1092 12
 385 90 1
 386 712 8
 387 1760 20
 388 87 1
 389 1118 13
 390 255 3
 391 420 5
 392 332 4
 393 820 10
 394 1539 19
 395 160 2
 396 1106 14
 397 156 2
 398 1386 18
 399 1444 19
 400 975 13
 401 74 1
 402 803 11
 403 1224 17
 404 1136 16
 405 70 1
 406 414 6
 407 1156 17
 408 536 8
 409 858 13
 410 520 8
 411 512 8
 412 945 15
 413 1054 17
 414 61 1
 415 1140 19
 416 118 2
 417 870 15
 418 342 6
 419 896 16
 420 825 15
 421 702 13
 422 636 12
 423 676 13
 424 510 10
 425 1000 20
 426 98 2
 427 960 20
 428 517 11
 429 506 11
 430 630 14
 431 528 12
 432 172 4
 433 504 12
 434 820 20
 435 720 18
 436 234 6
 437 646 17
 438 222 6
 439 540 15
 440 665 19
 441 408 12
 442 330 10
 443 576 18
 444 31 1
 445 450 15
 446 377 13
 447 364 13
 448 486 18
 449 52 2
 450 75 3
 451 168 7
 452 276 12
 453 88 4
 454 126 6
 455 140 7
 456 95 5
 457 252 14
 458 51 3
 459 96 6
 460 15 1
 461 84 6
 462 39 3
 463 72 6
 464 198 18
 465 150 15
 466 9 1
 467 80 10
 468 119 17
 469 48 8
 470 80 16
 471 44 11
 472 30 10
 473 34 17
 474 18 18
9480