545
 1 9810 18
 2 2180 4
 3 1635 3
 4 9810 18
 5 2180 4
 6 1090 2
 7 2725 5
 8 5995 11
 9 8720 16
 10 10900 20
 11 10900 20
 12 3815 7
 13 7085 13
 14 4905 9
 15 7085 13
 16 4905 9
 17 9265 17
 18 4360 8
 19 7085 13
 20 9810 18
 21 6540 12
 22 9810 18
 23 545 1
 24 9810 18
 25 9265 17
 26 1090 2
 27 9265 17
 28 2725 5
 29 7630 14
 30 5450 10
 31 10900 20
 32 2180 4
 33 6540 12
 34 4905 9
 35 7630 14
 36 6540 12
 37 7630 14
 38 10900 20
 39 5995 11
 40 5995 11
 41 10900 20
 42 5450 10
 43 6540 12
 44 1635 3
 45 1635 3
 46 3270 6
 47 3815 7
 48 7085 13
 49 545 1
 50 7085 13
 51 1090 2
 52 7630 14
 53 1090 2
 54 6540 12
 55 9810 18
 56 9810 18
 57 5450 10
 58 2725 5
 59 5450 10
 60 7085 13
 61 8175 15
 62 5450 10
 63 545 1
 64 10355 19
 65 1635 3
 66 7630 14
 67 1090 2
 68 7630 14
 69 1090 2
 70 2725 5
 71 2180 4
 72 1635 3
 73 1090 2
 74 4905 9
 75 9265 17
 76 1635 3
 77 3270 6
 78 8720 16
 79 1635 3
 80 2725 5
 81 5995 11
 82 10900 20
 83 545 1
 84 8175 15
 85 4360 8
 86 9810 18
 87 2180 4
 88 545 1
 89 7085 13
 90 4360 8
 91 3815 7
 92 7085 13
 93 1090 2
 94 1090 2
 95 5995 11
 96 1090 2
 97 2725 5
 98 9810 18
 99 6540 12
 100 8720 16
 101 2725 5
 102 9810 18
 103 7630 14
 104 545 1
 105 9265 17
 106 545 1
 107 2725 5
 108 9810 18
 109 545 1
 110 8175 15
 111 7085 13
 112 9810 18
 113 2180 4
 114 1635 3
 115 9810 18
 116 7085 13
 117 3815 7
 118 2725 5
 119 8175 15
 120 2180 4
 121 545 1
 122 10900 20
 123 4360 8
 124 8720 16
 125 6540 12
 126 9810 18
 127 2180 4
 128 4905 9
 129 10355 19
 130 9265 17
 131 5450 10
 132 7085 13
 133 1090 2
 134 7085 13
 135 4905 9
 136 9810 18
 137 3270 6
 138 4360 8
 139 2725 5
 140 10900 20
 141 10355 19
 142 2725 5
 143 10355 19
 144 8175 15
 145 8720 16
 146 9810 18
 147 5995 11
 148 10355 19
 149 1635 3
 150 6540 12
 151 9810 18
 152 5995 11
 153 5450 10
 154 2725 5
 155 1635 3
 156 3815 7
 157 2180 4
 158 3270 6
 159 4905 9
 160 7630 14
 161 545 1
 162 8720 16
 163 2725 5
 164 545 1
 165 9810 18
 166 9810 18
 167 3270 6
 168 1635 3
 169 8720 16
 170 10355 19
 171 10355 19
 172 4905 9
 173 2180 4
 174 545 1
 175 9265 17
 176 9810 18
 177 10355 19
 178 7630 14
 179 1635 3
 180 2725 5
 181 8175 15
 182 5995 11
 183 2180 4
 184 5995 11
 185 7630 14
 186 7630 14
 187 5450 10
 188 1635 3
 189 5450 10
 190 1635 3
 191 9265 17
 192 8175 15
 193 1635 3
 194 9810 18
 195 5450 10
 196 3815 7
 197 2725 5
 198 4905 9
 199 1090 2
 200 2180 4
 201 3815 7
 202 3815 7
 203 2725 5
 204 8720 16
 205 8175 15
 206 9810 18
 207 7085 13
 208 4360 8
 209 1090 2
 210 2180 4
 211 10355 19
 212 2180 4
 213 8720 16
 214 6540 12
 215 1635 3
 216 9265 17
 217 1090 2
 218 4905 9
 219 4360 8
 220 1090 2
 221 3815 7
 222 4360 8
 223 4360 8
 224 3815 7
 225 3270 6
 226 6540 12
 227 7630 14
 228 3815 7
 229 7630 14
 230 7630 14
 231 10900 20
 232 545 1
 233 2180 4
 234 9810 18
 235 3270 6
 236 3815 7
 237 10355 19
 238 3270 6
 239 8720 16
 240 6540 12
 241 7630 14
 242 4905 9
 243 3815 7
 244 5450 10
 245 545 1
 246 10355 19
 247 1635 3
 248 10355 19
 249 4905 9
 250 1635 3
 251 6540 12
 252 7630 14
 253 7630 14
 254 10900 20
 255 2725 5
 256 8720 16
 257 545 1
 258 3270 6
 259 1635 3
 260 5995 11
 261 7085 13
 262 1090 2
 263 8175 15
 264 8720 16
 265 1635 3
 266 5995 11
 267 1090 2
 268 4905 9
 269 8720 16
 270 7630 14
 271 1635 3
 272 8720 16
 273 9265 17
 274 2180 4
 275 3815 7
 276 4360 8
 277 1635 3
 278 10900 20
 279 2180 4
 280 545 1
 281 10355 19
 282 1635 3
 283 5450 10
 284 9265 17
 285 2180 4
 286 9810 18
 287 7630 14
 288 10900 20
 289 1090 2
 290 545 1
 291 2725 5
 292 3270 6
 293 9265 17
 294 8720 16
 295 5450 10
 296 8175 15
 297 3815 7
 298 2725 5
 299 6540 12
 300 8175 15
 301 3815 7
 302 545 1
 303 7085 13
 304 10900 20
 305 4905 9
 306 5995 11
 307 8720 16
 308 2180 4
 309 545 1
 310 1090 2
 311 9810 18
 312 1635 3
 313 3815 7
 314 8175 15
 315 10900 20
 316 4905 9
 317 6540 12
 318 3815 7
 319 545 1
 320 3270 6
 321 9265 17
 322 3815 7
 323 1635 3
 324 3815 7
 325 5995 11
 326 5995 11
 327 2725 5
 328 8175 15
 329 8720 16
 330 9810 18
 331 3815 7
 332 10900 20
 333 3815 7
 334 10355 19
 335 10355 19
 336 545 1
 337 3815 7
 338 4905 9
 339 1090 2
 340 10355 19
 341 5450 10
 342 2725 5
 343 2180 4
 344 6540 12
 345 1635 3
 346 1635 3
 347 1635 3
 348 8720 16
 349 7630 14
 350 1090 2
 351 5995 11
 352 8720 16
 353 10900 20
 354 3815 7
 355 9810 18
 356 8175 15
 357 545 1
 358 3270 6
 359 10900 20
 360 1635 3
 361 2725 5
 362 7630 14
 363 3815 7
 364 1090 2
 365 2180 4
 366 10900 20
 367 5450 10
 368 1635 3
 369 10900 20
 370 9810 18
 371 4360 8
 372 2180 4
 373 9265 17
 374 545 1
 375 5450 10
 376 1635 3
 377 8175 15
 378 10355 19
 379 8720 16
 380 2725 5
 381 5995 11
 382 7630 14
 383 8175 15
 384 9265 17
 385 7630 14
 386 1635 3
 387 545 1
 388 9265 17
 389 9810 18
 390 3270 6
 391 9265 17
 392 9265 17
 393 4360 8
 394 1090 2
 395 2725 5
 396 9810 18
 397 4905 9
 398 7085 13
 399 2725 5
 400 5995 11
 401 2180 4
 402 8720 16
 403 2180 4
 404 5995 11
 405 1090 2
 406 3270 6
 407 9810 18
 408 9810 18
 409 3270 6
 410 7630 14
 411 1090 2
 412 7085 13
 413 9265 17
 414 7630 14
 415 7085 13
 416 5995 11
 417 9810 18
 418 10355 19
 419 7085 13
 420 3270 6
 421 2180 4
 422 1090 2
 423 8720 16
 424 5450 10
 425 5450 10
 426 1635 3
 427 3815 7
 428 2180 4
 429 7085 13
 430 2180 4
 431 9265 17
 432 5995 11
 433 1635 3
 434 5995 11
 435 4360 8
 436 3270 6
 437 2180 4
 438 545 1
 439 1635 3
 440 545 1
 441 8175 15
 442 9265 17
 443 8175 15
 444 3270 6
 445 5995 11
 446 8175 15
 447 7085 13
 448 1635 3
 449 4360 8
 450 545 1
 451 1635 3
 452 8175 15
 453 545 1
 454 9265 17
 455 9265 17
 456 3815 7
 457 5450 10
 458 7630 14
 459 7085 13
 460 545 1
 461 7085 13
 462 3270 6
 463 8720 16
 464 8175 15
 465 1635 3
 466 9265 17
 467 9265 17
 468 2725 5
 469 8720 16
 470 5450 10
 471 3815 7
 472 545 1
 473 10900 20
 474 8175 15
 475 2725 5
 476 9810 18
 477 1635 3
 478 4360 8
 479 8720 16
 480 7085 13
 481 5450 10
 482 5450 10
 483 9265 17
 484 9265 17
 485 5450 10
 486 545 1
 487 10900 20
 488 9810 18
 489 7630 14
 490 5995 11
 491 4905 9
 492 5450 10
 493 1635 3
 494 2725 5
 495 7630 14
 496 9810 18
 497 9810 18
 498 2725 5
 499 5995 11
 500 1635 3
 501 7630 14
 502 2180 4
 503 2725 5
 504 10900 20
 505 10355 19
 506 6540 12
 507 9265 17
 508 1090 2
 509 6540 12
 510 10900 20
 511 2180 4
 512 7085 13
 513 4905 9
 514 2180 4
 515 9265 17
 516 1635 3
 517 7085 13
 518 7630 14
 519 7630 14
 520 10355 19
 521 3815 7
 522 3270 6
 523 4360 8
 524 9810 18
 525 9810 18
 526 1090 2
 527 10355 19
 528 4905 9
 529 6540 12
 530 7085 13
 531 5450 10
 532 2180 4
 533 2725 5
 534 9265 17
 535 8720 16
 536 2180 4
 537 5995 11
 538 10355 19
 539 5450 10
 540 3270 6
 541 8175 15
 542 8720 16
 543 3815 7
 544 8720 16
 545 3270 6
5450