5885
 1 47080 8
 2 35304 6
 3 41181 7
 4 35292 6
 5 41167 7
 6 82320 14
 7 105822 18
 8 99926 17
 9 105786 18
 10 5876 1
 11 94000 16
 12 88110 15
 13 88095 15
 14 70464 12
 15 23484 4
 16 29350 5
 17 23476 4
 18 58680 10
 19 52803 9
 20 35196 6
 21 87975 15
 22 46912 8
 23 87945 15
 24 5862 1
 25 35166 6
 26 117200 20
 27 87885 15
 28 99586 17
 29 17571 3
 30 58560 10
 31 35130 6
 32 81956 14
 33 35118 6
 34 76076 13
 35 29255 5
 36 87750 15
 37 5849 1
 38 76024 13
 39 5847 1
 40 64306 11
 41 46760 8
 42 105192 18
 43 116860 20
 44 40894 7
 45 70092 12
 46 116800 20
 47 29195 5
 48 35028 6
 49 70044 12
 50 105048 18
 51 52515 9
 52 116680 20
 53 52497 9
 54 69984 12
 55 29155 5
 56 23320 4
 57 75777 13
 58 87420 15
 59 34962 6
 60 52434 9
 61 69900 12
 62 52416 9
 63 34938 6
 64 52398 9
 65 46568 8
 66 87300 15
 67 17457 3
 68 58180 10
 69 93072 16
 70 104688 18
 71 46520 8
 72 52326 9
 73 116260 20
 74 69744 12
 75 17433 3
 76 75530 13
 77 11618 2
 78 40656 7
 79 104526 18
 80 46448 8
 81 92880 16
 82 5804 1
 83 5803 1
 84 11604 2
 85 98617 17
 86 46400 8
 87 52191 9
 88 75374 13
 89 46376 8
 90 98532 17
 91 98515 17
 92 115880 20
 93 86895 15
 94 86880 15
 95 69492 12
 96 81060 14
 97 28945 5
 98 28940 5
 99 63657 11
 100 46288 8
 101 23140 4
 102 46272 8
 103 11566 2
 104 104076 18
 105 17343 3
 106 92480 16
 107 98243 17
 108 104004 18
 109 5777 1
 110 109744 19
 111 63525 11
 112 23096 4
 113 17319 3
 114 86580 15
 115 57710 10
 116 115400 20
 117 98073 17
 118 115360 20
 119 28835 5
 120 17298 3
 121 46120 8
 122 109516 19
 123 34578 6
 124 109478 19
 125 80654 14
 126 115200 20
 127 109421 19
 128 11516 2
 129 115140 20
 130 34536 6
 131 34530 6
 132 23016 4
 133 69036 12
 134 11504 2
 135 34506 6
 136 34500 6
 137 86235 15
 138 86220 15
 139 97699 17
 140 57460 10
 141 34470 6
 142 80416 14
 143 91888 16
 144 63162 11
 145 17223 3
 146 17220 3
 147 91824 16
 148 109022 19
 149 114740 20
 150 45888 8
 151 114700 20
 152 17202 3
 153 22932 4
 154 28660 5
 155 45848 8
 156 97410 17
 157 108851 19
 158 45824 8
 159 108813 19
 160 5726 1
 161 5725 1
 162 103032 18
 163 103014 18
 164 5722 1
 165 22884 4
 166 5720 1
 167 80066 14
 168 17154 3
 169 108623 19
 170 97172 17
 171 62865 11
 172 22856 4
 173 108547 19
 174 79968 14
 175 11422 2
 176 102780 18
 177 11418 2
 178 11416 2
 179 45656 8
 180 17118 3
 181 5705 1
 182 114080 20
 183 22812 4
 184 45616 8
 185 96917 17
 186 102600 18
 187 34194 6
 188 45584 8
 189 91152 16
 190 11392 2
 191 51255 9
 192 11388 2
 193 102474 18
 194 79688 14
 195 102438 18
 196 39830 7
 197 62579 11
 198 73944 13
 199 79618 14
 200 22744 4
 201 73905 13
 202 51156 9
 203 51147 9
 204 62502 11
 205 45448 8
 206 102240 18
 207 34074 6
 208 102204 18
 209 34062 6
 210 34056 6
 211 113500 20
 212 68088 12
 213 90768 16
 214 68064 12
 215 5671 1
 216 90720 16
 217 5669 1
 218 28340 5
 219 96339 17
 220 16998 3
 221 45320 8
 222 11328 2
 223 90608 16
 224 90592 16
 225 16983 3
 226 107540 19
 227 67908 12
 228 67896 12
 229 113140 20
 230 22624 4
 231 33930 6
 232 45232 8
 233 96101 17
 234 33912 6
 235 5651 1
 236 79100 14
 237 22596 4
 238 96016 17
 239 28235 5
 240 62106 11
 241 90320 16
 242 79016 14
 243 90288 16
 244 56420 10
 245 84615 15
 246 95880 17
 247 101502 18
 248 107122 19
 249 33822 6
 250 5636 1
 251 39445 7
 252 5634 1
 253 16899 3
 254 95744 17
 255 101358 18
 256 73190 13
 257 22516 4
 258 95676 17
 259 5627 1
 260 33756 6
 261 106875 19
 262 50616 9
 263 95591 17
 264 44976 8
 265 95557 17
 266 44960 8
 267 73047 13
 268 61798 11
 269 33702 6
 270 28080 5
 271 101070 18
 272 101052 18
 273 101034 18
 274 39284 7
 275 28055 5
 276 5610 1
 277 84135 15
 278 106552 19
 279 106533 19
 280 16818 3
 281 106495 19
 282 11208 2
 283 44824 8
 284 22408 4
 285 44808 8
 286 100800 18
 287 39193 7
 288 95166 17
 289 27985 5
 290 16788 3
 291 39165 7
 292 61534 11
 293 95081 17
 294 61512 11
 295 83865 15
 296 5590 1
 297 89424 16
 298 61468 11
 299 55870 10
 300 50274 9
 301 11170 2
 302 106096 19
 303 78162 14
 304 106058 19
 305 111620 20
 306 39060 7
 307 111580 20
 308 5578 1
 309 11154 2
 310 83640 15
 311 50175 9
 312 72462 13
 313 16719 3
 314 44576 8
 315 66852 12
 316 5570 1
 317 33414 6
 318 5568 1
 319 111340 20
 320 16698 3
 321 72345 13
 322 72332 13
 323 38941 7
 324 44496 8
 325 38927 7
 326 50040 9
 327 111180 20
 328 16674 3
 329 100026 18
 330 66672 12
 331 16665 3
 332 83310 15
 333 83295 15
 334 105488 19
 335 72163 13
 336 27750 5
 337 44392 8
 338 77672 14
 339 72111 13
 340 49914 9
 341 16635 3
 342 83160 15
 343 16629 3
 344 88672 16
 345 94197 17
 346 83100 15
 347 5539 1
 348 22152 4
 349 83055 15
 350 16608 3
 351 77490 14
 352 11068 2
 353 38731 7
 354 66384 12
 355 105089 19
 356 33180 6
 357 33174 6
 358 71864 13
 359 5527 1
 360 49734 9
 361 88400 16
 362 11048 2
 363 60753 11
 364 55220 10
 365 88336 16
 366 49680 9
 367 77266 14
 368 71734 13
 369 44136 8
 370 93772 17
 371 49635 9
 372 82710 15
 373 99234 18
 374 99216 18
 375 5511 1
 376 27550 5
 377 11018 2
 378 44064 8
 379 71591 13
 380 55060 10
 381 5505 1
 382 71552 13
 383 38521 7
 384 66024 12
 385 49509 9
 386 55000 10
 387 5499 1
 388 98964 18
 389 76958 14
 390 82440 15
 391 93415 17
 392 104386 19
 393 54930 10
 394 93364 17
 395 109820 20
 396 16470 3
 397 76846 14
 398 27440 5
 399 104253 19
 400 49374 9
 401 76790 14
 402 60324 11
 403 93211 17
 404 43856 8
 405 5481 1
 406 38360 7
 407 60269 11
 408 104082 19
 409 104063 19
 410 71188 13
 411 65700 12
 412 43792 8
 413 76622 14
 414 54720 10
 415 38297 7
 416 10940 2
 417 16407 3
 418 5468 1
 419 21868 4
 420 71058 13
 421 71045 13
 422 109280 20
 423 87408 16
 424 16386 3
 425 54610 10
 426 103740 19
 427 54590 10
 428 87328 16
 429 109140 20
 430 92752 17
 431 60005 11
 432 43632 8
 433 81795 15
 434 32712 6
 435 59961 11
 436 87200 16
 437 43592 8
 438 65376 12
 439 92599 17
 440 54460 10
 441 5445 1
 442 54440 10
 443 76202 14
 444 27210 5
 445 76174 14
 446 97920 18
 447 70707 13
 448 10876 2
 449 86992 16
 450 70668 13
 451 76090 14
 452 92378 17
 453 43464 8
 454 32592 6
 455 54310 10
 456 65160 12
 457 21716 4
 458 59708 11
 459 54270 10
 460 37982 7
 461 75950 14
 462 65088 12
 463 16269 3
 464 81330 15
 465 37947 7
 466 65040 12
 467 92123 17
 468 59598 11
 469 54170 10
 470 48744 9
 471 16245 3
 472 16242 3
 473 32478 6
 474 59532 11
 475 86576 16
 476 91970 17
 477 54090 10
 478 16224 3
 479 91919 17
 480 59466 11
 481 75670 14
 482 32424 6
 483 5403 1
 484 5402 1
 485 86416 16
 486 16200 3
 487 53990 10
 488 43184 8
 489 59367 11
 490 26980 5
 491 32370 6
 492 43152 8
 493 16179 3
 494 102448 19
 495 21564 4
 496 97020 18
 497 75446 14
 498 107760 20
 499 64644 12
 500 107720 20
 501 96930 18
 502 64608 12
 503 107660 20
 504 80730 15
 505 53810 10
 506 86080 16
 507 96822 18
 508 59158 11
 509 5377 1
 510 86016 16
 511 59125 11
 512 26870 5
 513 107460 20
 514 64464 12
 515 37597 7
 516 37590 7
 517 69797 13
 518 107360 20
 519 107340 20
 520 53660 10
 521 64380 12
 522 32184 6
 523 69719 13
 524 58982 11
 525 21444 4
 526 16080 3
 527 107180 20
 528 26790 5
 529 64284 12
 530 91052 17
 531 48195 9
 532 80310 15
 533 80295 15
 534 101688 19
 535 85616 16
 536 5350 1
 537 106980 20
 538 74872 14
 539 10694 2
 540 64152 12
 541 58795 11
 542 21376 4
 543 48087 9
 544 96156 18
 545 106820 20
 546 58740 11
 547 106780 20
 548 10676 2
 549 48033 9
 550 32016 6
 551 58685 11
 552 37338 7
 553 74662 14
 554 79980 15
 555 79965 15
 556 53300 10
 557 79935 15
 558 21312 4
 559 26635 5
 560 42608 8
 561 63900 12
 562 74536 14
 563 31938 6
 564 58542 11
 565 69173 13
 566 69160 13
 567 63828 12
 568 63816 12
 569 42536 8
 570 69108 13
 571 69095 13
 572 15942 3
 573 106260 20
 574 79680 15
 575 95598 18
 576 26550 5
 577 95562 18
 578 90236 17
 579 84912 16
 580 79590 15
 581 68965 13
 582 68952 13
 583 47727 9
 584 63624 12
 585 84816 16
 586 68900 13
 587 21196 4
 588 100662 19
 589 84752 16
 590 95328 18
 591 74130 14
 592 31764 6
 593 15879 3
 594 68796 13
 595 68783 13
 596 100510 19
 597 89913 17
 598 10576 2
 599 52870 10
 600 79290 15
 601 58135 11
 602 47556 9
 603 21132 4
 604 5282 1
 605 26405 5
 606 63360 12
 607 31674 6
 608 73892 14
 609 5277 1
 610 36932 7
 611 21100 4
 612 15822 3
 613 79095 15
 614 63264 12
 615 52710 10
 616 63240 12
 617 79035 15
 618 57948 11
 619 26335 5
 620 94788 18
 621 42120 8
 622 36848 7
 623 73682 14
 624 99978 19
 625 94698 18
 626 21040 4
 627 42072 8
 628 10516 2
 629 94626 18
 630 89352 17
 631 78825 15
 632 89318 17
 633 68289 13
 634 52520 10
 635 84016 16
 636 52500 10
 637 47241 9
 638 62976 12
 639 104940 20
 640 62952 12
 641 99655 19
 642 89148 17
 643 104860 20
 644 104840 20
 645 15723 3
 646 10480 2
 647 26195 5
 648 78570 15
 649 99503 19
 650 47124 9
 651 5235 1
 652 31404 6
 653 83728 16
 654 15696 3
 655 15693 3
 656 62760 12
 657 73206 14
 658 26140 5
 659 26135 5
 660 36582 7
 661 57475 11
 662 99256 19
 663 78345 15
 664 10444 2
 665 73094 14
 666 52200 10
 667 73066 14
 668 62616 12
 669 67821 13
 670 46944 9
 671 52150 10
 672 57354 11
 673 46917 9
 674 62544 12
 675 36477 7
 676 46890 9
 677 5209 1
 678 78120 15
 679 20828 4
 680 20824 4
 681 15615 3
 682 26020 5
 683 20812 4
 684 26010 5
 685 26005 5
 686 62400 12
 687 62388 12
 688 77970 15
 689 46773 9
 690 51960 10
 691 10390 2
 692 31164 6
 693 5193 1
 694 103840 20
 695 51910 10
 696 10380 2
 697 5189 1
 698 83008 16
 699 67431 13
 700 10372 2
 701 20740 4
 702 57024 11
 703 57013 11
 704 57002 11
 705 56991 11
 706 72520 14
 707 20716 4
 708 36246 7
 709 67301 13
 710 62112 12
 711 20700 4
 712 25870 5
 713 103460 20
 714 67236 13
 715 10342 2
 716 25850 5
 717 31014 6
 718 93024 18
 719 5167 1
 720 92988 18
 721 5165 1
 722 92952 18
 723 10326 2
 724 46458 9
 725 82576 16
 726 5160 1
 727 15477 3
 728 87686 17
 729 97983 19
 730 67028 13
 731 30930 6
 732 41232 8
 733 92754 18
 734 5152 1
 735 20604 4
 736 72100 14
 737 30894 6
 738 15444 3
 739 36029 7
 740 87482 17
 741 41160 8
 742 5144 1
 743 36001 7
 744 102840 20
 745 51410 10
 746 15420 3
 747 20556 4
 748 71932 14
 749 97603 19
 750 10272 2
 751 25675 5
 752 25670 5
 753 30798 6
 754 82112 16
 755 20524 4
 756 25650 5
 757 51290 10
 758 46152 9
 759 61524 12
 760 102520 20
 761 82000 16
 762 97356 19
 763 20492 4
 764 5122 1
 765 56331 11
 766 15360 3
 767 71666 14
 768 35826 7
 769 25585 5
 770 25580 5
 771 25575 5
 772 71596 14
 773 35791 7
 774 86904 17
 775 5111 1
 776 51100 10
 777 35763 7
 778 56188 11
 779 97033 19
 780 91908 18
 781 86785 17
 782 71456 14
 783 51030 10
 784 76530 15
 785 30606 6
 786 45900 9
 787 61188 12
 788 45882 9
 789 25485 5
 790 61152 12
 791 35665 7
 792 61128 12
 793 5093 1
 794 56012 11
 795 91638 18
 796 86530 17
 797 66157 13
 798 45792 9
 799 30522 6
 800 45774 9
 801 76275 15
 802 5084 1
 803 50830 10
 804 35574 7
 805 96539 19
 806 20320 4
 807 35553 7
 808 35546 7
 809 30462 6
 810 5076 1
 811 15225 3
 812 91332 18
 813 86241 17
 814 86224 17
 815 70994 14
 816 76050 15
 817 81104 16
 818 81088 16
 819 40536 8
 820 55726 11
 821 40520 8
 822 40512 8
 823 75945 15
 824 5062 1
 825 20244 4
 826 10120 2
 827 45531 9
 828 20232 4
 829 101140 20
 830 45504 9
 831 96045 19
 832 65702 13
 833 50530 10
 834 50520 10
 835 20204 4
 836 55550 11
 837 15147 3
 838 100960 20
 839 5047 1
 840 5046 1
 841 60540 12
 842 95836 19
 843 35301 7
 844 60504 12
 845 65533 13
 846 35280 7
 847 20156 4
 848 30228 6
 849 95703 19
 850 65468 13
 851 80560 16
 852 20136 4
 853 65429 13
 854 35224 7
 855 35217 7
 856 20120 4
 857 90522 18
 858 80448 16
 859 70378 14
 860 85442 17
 861 10050 2
 862 45216 9
 863 35161 7
 864 5022 1
 865 20084 4
 866 95380 19
 867 95361 19
 868 75270 15
 869 55187 11
 870 45144 9
 871 30090 6
 872 90252 18
 873 65169 13
 874 40096 8
 875 25055 5
 876 35070 7
 877 90162 18
 878 55088 11
 879 35049 7
 880 10012 2
 881 95095 19
 882 100080 20
 883 25015 5
 884 50020 10
 885 70014 14
 886 55000 11
 887 34993 7
 888 34986 7
 889 9994 2
 890 24980 5
 891 84915 17
 892 9988 2
 893 84881 17
 894 84864 17
 895 54901 11
 896 79840 16
 897 69846 14
 898 44892 9
 899 84779 17
 900 84762 17
 901 79760 16
 902 64792 13
 903 59796 12
 904 99640 20
 905 69734 14
 906 49800 10
 907 54769 11
 908 59736 12
 909 69678 14
 910 79616 16
 911 54725 11
 912 79584 16
 913 89514 18
 914 29832 6
 915 89478 18
 916 24850 5
 917 79504 16
 918 54648 11
 919 49670 10
 920 59592 12
 921 44685 9
 922 69496 14
 923 64519 13
 924 24810 5
 925 89298 18
 926 99200 20
 927 99180 20
 928 99160 20
 929 34699 7
 930 74340 15
 931 84235 17
 932 24770 5
 933 44577 9
 934 24760 5
 935 19804 4
 936 74250 15
 937 14847 3
 938 4948 1
 939 19788 4
 940 9892 2
 941 39560 8
 942 79104 16
 943 49430 10
 944 84014 17
 945 79056 16
 946 74100 15
 947 4939 1
 948 88884 18
 949 29622 6
 950 93784 19
 951 19740 4
 952 44406 9
 953 69062 14
 954 54252 11
 955 4931 1
 956 34510 7
 957 78864 16
 958 44352 9
 959 4927 1
 960 64038 13
 961 14775 3
 962 19696 4
 963 78768 16
 964 14766 3
 965 24605 5
 966 63960 13
 967 39352 8
 968 14754 3
 969 98340 20
 970 63908 13
 971 44235 9
 972 39312 8
 973 88434 18
 974 9824 2
 975 19644 4
 976 24550 5
 977 78544 16
 978 4908 1
 979 98140 20
 980 44154 9
 981 19620 4
 982 29424 6
 983 24515 5
 984 98040 20
 985 53911 11
 986 4900 1
 987 63687 13
 988 4898 1
 989 39176 8
 990 78336 16
 991 4895 1
 992 44046 9
 993 83181 17
 994 39136 8
 995 9782 2
 996 48900 10
 997 88002 18
 998 4888 1
 999 34209 7
 1000 92834 19
 1001 63505 13
 1002 58608 12
 1003 14649 3
 1004 29292 6
 1005 14643 3
 1006 9760 2
 1007 48790 10
 1008 92682 19
 1009 87786 18
 1010 9752 2
 1011 97500 20
 1012 82858 17
 1013 87714 18
 1014 38976 8
 1015 34097 7
 1016 24350 5
 1017 9738 2
 1018 9736 2
 1019 53537 11
 1020 24330 5
 1021 4865 1
 1022 63232 13
 1023 38904 8
 1024 97240 20
 1025 19444 4
 1026 92340 19
 1027 68026 14
 1028 92302 19
 1029 33999 7
 1030 72840 15
 1031 92245 19
 1032 53394 11
 1033 82501 17
 1034 77632 16
 1035 19404 4
 1036 97000 20
 1037 92131 19
 1038 14544 3
 1039 53317 11
 1040 29076 6
 1041 67830 14
 1042 33908 7
 1043 58116 12
 1044 87156 18
 1045 53251 11
 1046 4840 1
 1047 19356 4
 1048 9676 2
 1049 33859 7
 1050 33852 7
 1051 24175 5
 1052 29004 6
 1053 67662 14
 1054 96640 20
 1055 4831 1
 1056 57960 12
 1057 86922 18
 1058 91732 19
 1059 4827 1
 1060 67564 14
 1061 57900 12
 1062 33768 7
 1063 48230 10
 1064 33754 7
 1065 9642 2
 1066 48200 10
 1067 62647 13
 1068 14454 3
 1069 57804 12
 1070 62608 13
 1071 33705 7
 1072 57768 12
 1073 72195 15
 1074 81804 17
 1075 33677 7
 1076 96200 20
 1077 81753 17
 1078 19232 4
 1079 24035 5
 1080 33642 7
 1081 57660 12
 1082 81668 17
 1083 14409 3
 1084 43218 9
 1085 48010 10
 1086 33600 7
 1087 52789 11
 1088 23990 5
 1089 76752 16
 1090 76736 16
 1091 4795 1
 1092 52734 11
 1093 14379 3
 1094 9584 2
 1095 4791 1
 1096 38320 8
 1097 28734 6
 1098 57456 12
 1099 33509 7
 1100 71790 15
 1101 38280 8
 1102 90896 19
 1103 76528 16
 1104 86076 18
 1105 71715 15
 1106 62140 13
 1107 76464 16
 1108 90782 19
 1109 76432 16
 1110 66864 14
 1111 90725 19
 1112 81158 17
 1113 66822 14
 1114 95440 20
 1115 14313 3
 1116 71550 15
 1117 71535 15
 1118 71520 15
 1119 61971 13
 1120 38128 8
 1121 19060 4
 1122 33348 7
 1123 95260 20
 1124 80954 17
 1125 61893 13
 1126 85680 18
 1127 42831 9
 1128 80886 17
 1129 38056 8
 1130 66584 14
 1131 66570 14
 1132 33278 7
 1133 28518 6
 1134 90288 19
 1135 66514 14
 1136 47500 10
 1137 61737 13
 1138 18992 4
 1139 66458 14
 1140 52206 11
 1141 94900 20
 1142 18976 4
 1143 42687 9
 1144 61646 13
 1145 90079 19
 1146 80580 17
 1147 94780 20
 1148 42642 9
 1149 71055 15
 1150 56832 12
 1151 14205 3
 1152 37872 8
 1153 33131 7
 1154 70980 15
 1155 14193 3
 1156 56760 12
 1157 52019 11
 1158 94560 20
 1159 23635 5
 1160 33082 7
 1161 51975 11
 1162 9448 2
 1163 23615 5
 1164 56664 12
 1165 9442 2
 1166 61360 13
 1167 66066 14
 1168 14154 3
 1169 23585 5
 1170 37728 8
 1171 94300 20
 1172 56568 12
 1173 65982 14
 1174 51832 11
 1175 89509 19
 1176 42390 9
 1177 65926 14
 1178 37664 8
 1179 70605 15
 1180 94120 20
 1181 18820 4
 1182 18816 4
 1183 65842 14
 1184 42318 9
 1185 75216 16
 1186 42300 9
 1187 89281 19
 1188 79866 17
 1189 61061 13
 1190 42264 9
 1191 28170 6
 1192 61022 13
 1193 46930 10
 1194 14076 3
 1195 56292 12
 1196 93800 20
 1197 65646 14
 1198 56256 12
 1199 89053 19
 1200 79662 17
 1201 28110 6
 1202 65576 14
 1203 4683 1
 1204 88958 19
 1205 60853 13
 1206 46800 10
 1207 23395 5
 1208 14034 3
 1209 93540 20
 1210 79492 17
 1211 70125 15
 1212 14022 3
 1213 74768 16
 1214 79424 17
 1215 4671 1
 1216 93400 20
 1217 51359 11
 1218 60684 13
 1219 9334 2
 1220 41994 9
 1221 46650 10
 1222 88616 19
 1223 55956 12
 1224 60606 13
 1225 41949 9
 1226 83880 18
 1227 37272 8
 1228 60554 13
 1229 69855 15
 1230 93120 20
 1231 79135 17
 1232 79118 17
 1233 88407 19
 1234 23260 5
 1235 23255 5
 1236 13950 3
 1237 23245 5
 1238 23240 5
 1239 41823 9
 1240 60398 13
 1241 9290 2
 1242 4644 1
 1243 78931 17
 1244 60346 13
 1245 74256 16
 1246 51040 11
 1247 13917 3
 1248 32466 7
 1249 51007 11
 1250 41724 9
 1251 92700 20
 1252 46340 10
 1253 64862 14
 1254 46320 10
 1255 78727 17
 1256 50930 11
 1257 18516 4
 1258 69420 15
 1259 92540 20
 1260 46260 10
 1261 87875 19
 1262 18496 4
 1263 83214 18
 1264 18488 4
 1265 9242 2
 1266 4620 1
 1267 73904 16
 1268 64652 14
 1269 13851 3
 1270 92320 20
 1271 41535 9
 1272 78438 17
 1273 32291 7
 1274 92240 20
 1275 59943 13
 1276 18440 4
 1277 13827 3
 1278 87552 19
 1279 69105 15
 1280 9212 2
 1281 69075 15
 1282 23020 5
 1283 78251 17
 1284 4602 1
 1285 23005 5
 1286 69000 15
 1287 59787 13
 1288 55176 12
 1289 55164 12
 1290 18384 4
 1291 73520 16
 1292 4594 1
 1293 68895 15
 1294 78064 17
 1295 87229 19
 1296 18360 4
 1297 9178 2
 1298 45880 10
 1299 22935 5
 1300 9172 2
 1301 32095 7
 1302 32088 7
 1303 22915 5
 1304 36656 8
 1305 64134 14
 1306 87020 19
 1307 22895 5
 1308 13734 3
 1309 41193 9
 1310 13728 3
 1311 50325 11
 1312 9148 2
 1313 54876 12
 1314 68580 15
 1315 86849 19
 1316 59410 13
 1317 27414 6
 1318 77656 17
 1319 13701 3
 1320 63924 14
 1321 9130 2
 1322 54768 12
 1323 18252 4
 1324 27372 6
 1325 91220 20
 1326 50160 11
 1327 27354 6
 1328 63812 14
 1329 68355 15
 1330 18224 4
 1331 27330 6
 1332 45540 10
 1333 81954 18
 1334 68280 15
 1335 81918 18
 1336 81900 18
 1337 68235 15
 1338 81864 18
 1339 4547 1
 1340 59098 13
 1341 68175 15
 1342 27264 6
 1343 9086 2
 1344 49962 11
 1345 86279 19
 1346 90800 20
 1347 49929 11
 1348 90760 20
 1349 9074 2
 1350 27216 6
 1351 45350 10
 1352 13602 3
 1353 77061 17
 1354 36256 8
 1355 31717 7
 1356 77010 17
 1357 76993 17
 1358 63392 14
 1359 54324 12
 1360 67890 15
 1361 63350 14
 1362 18096 4
 1363 54276 12
 1364 40698 9
 1365 67815 15
 1366 85880 19
 1367 13557 3
 1368 22590 5
 1369 76789 17
 1370 67740 15
 1371 40635 9
 1372 76738 17
 1373 81234 18
 1374 9024 2
 1375 72176 16
 1376 13530 3
 1377 22545 5
 1378 27048 6
 1379 63098 14
 1380 45060 10
 1381 36040 8
 1382 22520 5
 1383 76551 17
 1384 18008 4
 1385 27006 6
 1386 54000 12
 1387 49489 11
 1388 89960 20
 1389 31479 7
 1390 67440 15
 1391 31465 7
 1392 31458 7
 1393 49423 11
 1394 26952 6
 1395 44910 10
 1396 85310 19
 1397 71824 16
 1398 26928 6
 1399 4487 1
 1400 17944 4
 1401 76245 17
 1402 62776 14
 1403 53796 12
 1404 89640 20
 1405 76177 17
 1406 71680 16
 1407 58227 13
 1408 4478 1
 1409 76109 17
 1410 85044 19
 1411 31325 7
 1412 58162 13
 1413 40257 9
 1414 22360 5
 1415 76007 17
 1416 80460 18
 1417 67035 15
 1418 4468 1
 1419 4467 1
 1420 26796 6
 1421 35720 8
 1422 49104 11
 1423 75871 17
 1424 49082 11
 1425 35688 8
 1426 89200 20
 1427 26754 6
 1428 35664 8
 1429 71312 16
 1430 62384 14
 1431 35640 8
 1432 53448 12
 1433 44530 10
 1434 57876 13
 1435 66765 15
 1436 53400 12
 1437 8898 2
 1438 88960 20
 1439 13341 3
 1440 75582 17
 1441 4445 1
 1442 8888 2
 1443 44430 10
 1444 57746 13
 1445 44410 10
 1446 44400 10
 1447 48829 11
 1448 39942 9
 1449 48807 11
 1450 4436 1
 1451 17740 4
 1452 88680 20
 1453 79794 18
 1454 35456 8
 1455 31017 7
 1456 26580 6
 1457 48719 11
 1458 22140 5
 1459 13281 3
 1460 66390 15
 1461 53100 12
 1462 30968 7
 1463 70768 16
 1464 61908 14
 1465 35368 8
 1466 35360 8
 1467 30933 7
 1468 22090 5
 1469 39753 9
 1470 44160 10
 1471 13245 3
 1472 83866 19
 1473 48543 11
 1474 44120 10
 1475 4411 1
 1476 39690 9
 1477 88180 20
 1478 30856 7
 1479 8814 2
 1480 30842 7
 1481 26430 6
 1482 22020 5
 1483 13209 3
 1484 48422 11
 1485 88020 20
 1486 44000 10
 1487 30793 7
 1488 65970 15
 1489 13191 3
 1490 17584 4
 1491 83505 19
 1492 4394 1
 1493 57109 13
 1494 57096 13
 1495 17564 4
 1496 8780 2
 1497 57057 13
 1498 83372 19
 1499 57031 13
 1500 30702 7
 1501 4385 1
 1502 48224 11
 1503 78894 18
 1504 39438 9
 1505 65715 15
 1506 87600 20
 1507 74443 17
 1508 78804 18
 1509 70032 16
 1510 4376 1
 1511 4375 1
 1512 8748 2
 1513 87460 20
 1514 13116 3
 1515 39339 9
 1516 61180 14
 1517 34952 8
 1518 56784 13
 1519 74239 17
 1520 26196 6
 1521 4365 1
 1522 74188 17
 1523 56719 13
 1524 8724 2
 1525 52332 12
 1526 43600 10
 1527 39231 9
 1528 87160 20
 1529 69712 16
 1530 69696 16
 1531 8710 2
 1532 56602 13
 1533 74001 17
 1534 82688 19
 1535 30457 7
 1536 69600 16
 1537 43490 10
 1538 13044 3
 1539 52164 12
 1540 21730 5
 1541 73865 17
 1542 4344 1
 1543 26058 6
 1544 56446 13
 1545 73797 17
 1546 52080 12
 1547 86780 20
 1548 69408 16
 1549 43370 10
 1550 34688 8
 1551 13005 3
 1552 56342 13
 1553 51996 12
 1554 60648 14
 1555 86620 20
 1556 73610 17
 1557 8658 2
 1558 21640 5
 1559 38943 9
 1560 51912 12
 1561 12975 3
 1562 60536 14
 1563 17292 4
 1564 47542 11
 1565 60494 14
 1566 69120 16
 1567 86380 20
 1568 51816 12
 1569 34536 8
 1570 25896 6
 1571 21575 5
 1572 73338 17
 1573 30191 7
 1574 25872 6
 1575 60354 14
 1576 25860 6
 1577 56017 13
 1578 30156 7
 1579 38763 9
 1580 64590 15
 1581 34440 8
 1582 81776 19
 1583 30121 7
 1584 51624 12
 1585 8602 2
 1586 73100 17
 1587 30093 7
 1588 73066 17
 1589 51564 12
 1590 8592 2
 1591 8590 2
 1592 25764 6
 1593 17172 4
 1594 81548 19
 1595 34328 8
 1596 64350 15
 1597 77202 18
 1598 25728 6
 1599 81453 19
 1600 85720 20
 1601 77130 18
 1602 68544 16
 1603 4283 1
 1604 81358 19
 1605 85620 20
 1606 4280 1
 1607 12837 3
 1608 59892 14
 1609 51324 12
 1610 47036 11
 1611 4275 1
 1612 42740 10
 1613 55549 13
 1614 21360 5
 1615 25626 6
 1616 64050 15
 1617 4269 1
 1618 59752 14
 1619 76806 18
 1620 72522 17
 1621 76770 18
 1622 38376 9
 1623 17052 4
 1624 80978 19
 1625 72437 17
 1626 21300 5
 1627 17036 4
 1628 34064 8
 1629 25542 6
 1630 46816 11
 1631 38295 9
 1632 72318 17
 1633 80807 19
 1634 46772 11
 1635 12753 3
 1636 72250 17
 1637 80731 19
 1638 55224 13
 1639 67952 16
 1640 80674 19
 1641 80655 19
 1642 63660 15
 1643 33944 8
 1644 46662 11
 1645 21205 5
 1646 67840 16
 1647 50868 12
 1648 63570 15
 1649 63555 15
 1650 8472 2
 1651 50820 12
 1652 42340 10
 1653 38097 9
 1654 21160 5
 1655 63465 15
 1656 54990 13
 1657 84580 20
 1658 59192 14
 1659 46497 11
 1660 12678 3
 1661 25350 6
 1662 42240 10
 1663 29561 7
 1664 8444 2
 1665 46431 11
 1666 25320 6
 1667 29533 7
 1668 84360 20
 1669 59038 14
 1670 71672 17
 1671 12645 3
 1672 58996 14
 1673 8426 2
 1674 37908 9
 1675 50532 12
 1676 12630 3
 1677 8418 2
 1678 54704 13
 1679 16828 4
 1680 71502 17
 1681 25230 6
 1682 37836 9
 1683 75654 18
 1684 58828 14
 1685 8402 2
 1686 37800 9
 1687 8398 2
 1688 75564 18
 1689 33576 8
 1690 58744 14
 1691 25170 6
 1692 20970 5
 1693 4193 1
 1694 79648 19
 1695 50292 12
 1696 29330 7
 1697 12567 3
 1698 50256 12
 1699 79553 19
 1700 66976 16
 1701 37665 9
 1702 29288 7
 1703 20915 5
 1704 58548 14
 1705 66896 16
 1706 54340 13
 1707 62685 15
 1708 83560 20
 1709 16708 4
 1710 37584 9
 1711 16700 4
 1712 41740 10
 1713 8346 2
 1714 79268 19
 1715 29197 7
 1716 70890 17
 1717 50028 12
 1718 20840 5
 1719 54171 13
 1720 79154 19
 1721 54145 13
 1722 83280 20
 1723 8326 2
 1724 70754 17
 1725 45771 11
 1726 37440 9
 1727 8318 2
 1728 79002 19
 1729 12471 3
 1730 41560 10
 1731 70635 17
 1732 62310 15
 1733 33224 8
 1734 41520 10
 1735 4151 1
 1736 74700 18
 1737 33192 8
 1738 33184 8
 1739 20735 5
 1740 24876 6
 1741 45595 11
 1742 16576 4
 1743 74574 18
 1744 82840 20
 1745 20705 5
 1746 74520 18
 1747 12417 3
 1748 12414 3
 1749 4137 1
 1750 33088 8
 1751 12405 3
 1752 57876 14
 1753 8266 2
 1754 24792 6
 1755 82620 20
 1756 57820 14
 1757 24774 6
 1758 45408 11
 1759 24762 6
 1760 82520 20
 1761 4125 1
 1762 65984 16
 1763 70091 17
 1764 20610 5
 1765 49452 12
 1766 53560 13
 1767 61785 15
 1768 74124 18
 1769 53521 13
 1770 41160 10
 1771 41150 10
 1772 61710 15
 1773 49356 12
 1774 32896 8
 1775 16444 4
 1776 32880 8
 1777 16436 4
 1778 53404 13
 1779 12321 3
 1780 8212 2
 1781 61575 15
 1782 4104 1
 1783 36927 9
 1784 53326 13
 1785 20505 5
 1786 32800 8
 1787 40990 10
 1788 57372 14
 1789 28679 7
 1790 36864 9
 1791 36855 9
 1792 20470 5
 1793 36837 9
 1794 65472 16
 1795 36819 9
 1796 40900 10
 1797 44979 11
 1798 24528 6
 1799 61305 15
 1800 24516 6
 1801 16340 4
 1802 24504 6
 1803 4083 1
 1804 73476 18
 1805 48972 12
 1806 4080 1
 1807 16316 4
 1808 73404 18
 1809 36693 9
 1810 48912 12
 1811 8150 2
 1812 16296 4
 1813 44803 11
 1814 61080 15
 1815 28497 7
 1816 69190 17
 1817 44759 11
 1818 40680 10
 1819 24402 6
 1820 69122 17
 1821 20325 5
 1822 28448 7
 1823 36567 9
 1824 16248 4
 1825 56854 14
 1826 73080 18
 1827 28413 7
 1828 24348 6
 1829 12171 3
 1830 44616 11
 1831 60825 15
 1832 68918 17
 1833 32424 8
 1834 64832 16
 1835 32408 8
 1836 20250 5
 1837 36441 9
 1838 24288 6
 1839 80940 20
 1840 40460 10
 1841 40450 10
 1842 4044 1
 1843 80860 20
 1844 68714 17
 1845 68697 17
 1846 24240 6
 1847 12117 3
 1848 4038 1
 1849 56518 14
 1850 8072 2
 1851 64560 16
 1852 32272 8
 1853 76627 19
 1854 56448 14
 1855 4031 1
 1856 4030 1
 1857 72522 18
 1858 72504 18
 1859 24162 6
 1860 52338 13
 1861 4025 1
 1862 36216 9
 1863 72414 18
 1864 76418 19
 1865 16084 4
 1866 4020 1
 1867 44209 11
 1868 80360 20
 1869 36153 9
 1870 28112 7
 1871 4015 1
 1872 80280 20
 1873 28091 7
 1874 40120 10
 1875 68187 17
 1876 16040 4
 1877 24054 6
 1878 76152 19
 1879 4007 1
 1880 8012 2
 1881 72090 18
 1882 52052 13
 1883 32024 8
 1884 24012 6
 1885 80020 20
 1886 64000 16
 1887 23994 6
 1888 67966 17
 1889 35973 9
 1890 31968 8
 1891 15980 4
 1892 79880 20
 1893 31944 8
 1894 3992 1
 1895 75829 19
 1896 47880 12
 1897 43879 11
 1898 43868 11
 1899 23922 6
 1900 43846 11
 1901 35865 9
 1902 19920 5
 1903 23898 6
 1904 79640 20
 1905 15924 4
 1906 47760 12
 1907 59685 15
 1908 55692 14
 1909 79540 20
 1910 23856 6
 1911 11925 3
 1912 55636 14
 1913 39730 10
 1914 19860 5
 1915 79420 20
 1916 23820 6
 1917 55566 14
 1918 55552 14
 1919 3967 1
 1920 35694 9
 1921 15860 4
 1922 11892 3
 1923 3963 1
 1924 39620 10
 1925 23766 6
 1926 11880 3
 1927 19795 5
 1928 23748 6
 1929 19785 5
 1930 63296 16
 1931 11865 3
 1932 3954 1
 1933 7906 2
 1934 51376 13
 1935 39510 10
 1936 59250 15
 1937 59235 15
 1938 71064 18
 1939 67099 17
 1940 31568 8
 1941 67065 17
 1942 55216 14
 1943 19715 5
 1944 59130 15
 1945 78820 20
 1946 55160 14
 1947 63024 16
 1948 11814 3
 1949 7874 2
 1950 70848 18
 1951 7870 2
 1952 78680 20
 1953 55062 14
 1954 66844 17
 1955 74689 19
 1956 47160 12
 1957 39290 10
 1958 51064 13
 1959 43197 11
 1960 27482 7
 1961 11775 3
 1962 70632 18
 1963 58845 15
 1964 11766 3
 1965 7842 2
 1966 78400 20
 1967 35271 9
 1968 66606 17
 1969 11751 3
 1970 23496 6
 1971 35235 9
 1972 43054 11
 1973 39130 10
 1974 15648 4
 1975 23466 6
 1976 7820 2
 1977 23454 6
 1978 58620 15
 1979 62512 16
 1980 15624 4
 1981 23430 6
 1982 31232 8
 1983 78060 20
 1984 74138 19
 1985 39010 10
 1986 11700 3
 1987 70182 18
 1988 27286 7
 1989 35073 9
 1990 7792 2
 1991 70110 18
 1992 77880 20
 1993 27251 7
 1994 15568 4
 1995 11673 3
 1996 35010 9
 1997 77780 20
 1998 15552 4
 1999 19435 5
 2000 27202 7
 2001 15540 4
 2002 38840 10
 2003 54362 14
 2004 73758 19
 2005 19405 5
 2006 15520 4
 2007 19395 5
 2008 11634 3
 2009 11631 3
 2010 3876 1
 2011 23250 6
 2012 23244 6
 2013 23238 6
 2014 46464 12
 2015 77420 20
 2016 54180 14
 2017 38690 10
 2018 15472 4
 2019 19335 5
 2020 69588 18
 2021 69570 18
 2022 38640 10
 2023 42493 11
 2024 3862 1
 2025 3861 1
 2026 73340 19
 2027 65603 17
 2028 69444 18
 2029 38570 10
 2030 53984 14
 2031 38550 10
 2032 69372 18
 2033 50089 13
 2034 77040 20
 2035 73169 19
 2036 15400 4
 2037 53886 14
 2038 7696 2
 2039 15388 4
 2040 73074 19
 2041 26915 7
 2042 49972 13
 2043 7686 2
 2044 19210 5
 2045 42251 11
 2046 42240 11
 2047 19195 5
 2048 34542 9
 2049 19185 5
 2050 26852 7
 2051 61360 16
 2052 65178 17
 2053 57495 15
 2054 26824 7
 2055 42141 11
 2056 61280 16
 2057 26803 7
 2058 30624 8
 2059 45924 12
 2060 38260 10
 2061 42075 11
 2062 38240 10
 2063 76460 20
 2064 76440 20
 2065 45852 12
 2066 26740 7
 2067 38190 10
 2068 30544 8
 2069 11451 3
 2070 26712 7
 2071 68670 18
 2072 19070 5
 2073 3813 1
 2074 30496 8
 2075 41921 11
 2076 22860 6
 2077 22854 6
 2078 57120 15
 2079 7614 2
 2080 38060 10
 2081 60880 16
 2082 64668 17
 2083 30424 8
 2084 3802 1
 2085 64617 17
 2086 30400 8
 2087 15196 4
 2088 56970 15
 2089 26579 7
 2090 60736 16
 2091 41745 11
 2092 41734 11
 2093 3793 1
 2094 26544 7
 2095 15164 4
 2096 68220 18
 2097 68202 18
 2098 41668 11
 2099 34083 9
 2100 71934 19
 2101 26495 7
 2102 75680 20
 2103 22698 6
 2104 7564 2
 2105 45372 12
 2106 30240 8
 2107 30232 8
 2108 41558 11
 2109 33993 9
 2110 41536 11
 2111 11325 3
 2112 22644 6
 2113 45276 12
 2114 22632 6
 2115 49023 13
 2116 60320 16
 2117 3769 1
 2118 33912 9
 2119 60272 16
 2120 71554 19
 2121 48945 13
 2122 56460 15
 2123 11289 3
 2124 48906 13
 2125 3761 1
 2126 56400 15
 2127 75180 20
 2128 71402 19
 2129 37570 10
 2130 3756 1
 2131 52570 14
 2132 11262 3
 2133 67554 18
 2134 15008 4
 2135 41261 11
 2136 15000 4
 2137 22494 6
 2138 29984 8
 2139 14988 4
 2140 48698 13
 2141 44940 12
 2142 14976 4
 2143 33687 9
 2144 37420 10
 2145 22446 6
 2146 26180 7
 2147 22434 6
 2148 33642 9
 2149 37370 10
 2150 41096 11
 2151 59760 16
 2152 74680 20
 2153 55995 15
 2154 67176 18
 2155 18655 5
 2156 52220 14
 2157 22374 6
 2158 63376 17
 2159 11181 3
 2160 29808 8
 2161 67050 18
 2162 14896 4
 2163 40953 11
 2164 59552 16
 2165 11163 3
 2166 74400 20
 2167 11157 3
 2168 18590 5
 2169 11151 3
 2170 48308 13
 2171 63155 17
 2172 33426 9
 2173 33417 9
 2174 7424 2
 2175 29688 8
 2176 40810 11
 2177 11127 3
 2178 66744 18
 2179 29656 8
 2180 3706 1
 2181 70395 19
 2182 74080 20
 2183 66654 18
 2184 18510 5
 2185 48113 13
 2186 7400 2
 2187 11097 3
 2188 7396 2
 2189 14788 4
 2190 25872 7
 2191 7390 2
 2192 33246 9
 2193 62781 17
 2194 36920 10
 2195 33219 9
 2196 40590 11
 2197 33201 9
 2198 40568 11
 2199 36870 10
 2200 55290 15
 2201 18425 5
 2202 7368 2
 2203 25781 7
 2204 22092 6
 2205 3681 1
 2206 47840 13
 2207 11037 3
 2208 33102 9
 2209 47801 13
 2210 51464 14
 2211 51450 14
 2212 11022 3
 2213 14692 4
 2214 66096 18
 2215 58736 16
 2216 25690 7
 2217 11007 3
 2218 58688 16
 2219 69673 19
 2220 40326 11
 2221 62305 17
 2222 25648 7
 2223 54945 15
 2224 58592 16
 2225 21966 6
 2226 40260 11
 2227 51226 14
 2228 25606 7
 2229 58512 16
 2230 65808 18
 2231 29240 8
 2232 43848 12
 2233 29224 8
 2234 65736 18
 2235 7302 2
 2236 58400 16
 2237 54735 15
 2238 14592 4
 2239 14588 4
 2240 18230 5
 2241 69255 19
 2242 61948 17
 2243 54645 15
 2244 72840 20
 2245 3641 1
 2246 72800 20
 2247 43668 12
 2248 18190 5
 2249 58192 16
 2250 36360 10
 2251 32715 9
 2252 7268 2
 2253 65394 18
 2254 61744 17
 2255 10893 3
 2256 54450 15
 2257 39919 11
 2258 61676 17
 2259 50778 14
 2260 32634 9
 2261 36250 10
 2262 65232 18
 2263 61591 17
 2264 50708 14
 2265 10863 3
 2266 36200 10
 2267 65142 18
 2268 43416 12
 2269 28936 8
 2270 10848 3
 2271 7230 2
 2272 50596 14
 2273 68647 19
 2274 65016 18
 2275 64998 18
 2276 21660 6
 2277 54135 15
 2278 72160 20
 2279 3607 1
 2280 61302 17
 2281 14420 4
 2282 10812 3
 2283 3603 1
 2284 32418 9
 2285 46813 13
 2286 46800 13
 2287 71980 20
 2288 7196 2
 2289 43164 12
 2290 32364 9
 2291 32355 9
 2292 64692 18
 2293 28744 8
 2294 39512 11
 2295 64638 18
 2296 25130 7
 2297 61013 17
 2298 50232 14
 2299 64566 18
 2300 39446 11
 2301 68115 19
 2302 7168 2
 2303 57328 16
 2304 42984 12
 2305 25067 7
 2306 21480 6
 2307 50106 14
 2308 3578 1
 2309 71540 20
 2310 14304 4
 2311 35750 10
 2312 57184 16
 2313 60741 17
 2314 17860 5
 2315 24997 7
 2316 39270 11
 2317 71380 20
 2318 46384 13
 2319 53505 15
 2320 32094 9
 2321 24955 7
 2322 53460 15
 2323 71260 20
 2324 21372 6
 2325 7122 2
 2326 56960 16
 2327 56944 16
 2328 24906 7
 2329 28456 8
 2330 35560 10
 2331 53325 15
 2332 35540 10
 2333 42636 12
 2334 10656 3
 2335 46163 13
 2336 56800 16
 2337 60333 17
 2338 3548 1
 2339 17735 5
 2340 31914 9
 2341 60265 17
 2342 7088 2
 2343 35430 10
 2344 3542 1
 2345 46033 13
 2346 67260 19
 2347 3539 1
 2348 42456 12
 2349 49518 14
 2350 24752 7
 2351 63630 18
 2352 38874 11
 2353 3533 1
 2354 10596 3
 2355 42372 12
 2356 56480 16
 2357 28232 8
 2358 10584 3
 2359 31743 9
 2360 3526 1
 2361 24675 7
 2362 45812 13
 2363 38753 11
 2364 52830 15
 2365 66899 19
 2366 35200 10
 2367 66861 19
 2368 42216 12
 2369 35170 10
 2370 10548 3
 2371 49210 14
 2372 21084 6
 2373 21078 6
 2374 14048 4
 2375 56176 16
 2376 35100 10
 2377 45617 13
 2378 28064 8
 2379 66633 19
 2380 52590 15
 2381 52575 15
 2382 52560 15
 2383 28024 8
 2384 70040 20
 2385 59517 17
 2386 56000 16
 2387 10497 3
 2388 10494 3
 2389 38467 11
 2390 41952 12
 2391 31455 9
 2392 59398 17
 2393 66367 19
 2394 31428 9
 2395 6982 2
 2396 3490 1
 2397 13956 4
 2398 17440 5
 2399 17435 5
 2400 59262 17
 2401 45305 13
 2402 6968 2
 2403 31347 9
 2404 17410 5
 2405 3481 1
 2406 45240 13
 2407 55664 16
 2408 13912 4
 2409 24339 7
 2410 24332 7
 2411 20850 6
 2412 69480 20
 2413 6946 2
 2414 10416 3
 2415 59007 17
 2416 20820 6
 2417 24283 7
 2418 65892 19
 2419 45071 13
 2420 65854 19
 2421 3465 1
 2422 51960 15
 2423 13852 4
 2424 58854 17
 2425 10383 3
 2426 38060 11
 2427 41508 12
 2428 69160 20
 2429 17285 5
 2430 51840 15
 2431 58735 17
 2432 10362 3
 2433 62154 18
 2434 34520 10
 2435 34510 10
 2436 17250 5
 2437 68980 20
 2438 68960 20
 2439 41364 12
 2440 44798 13
 2441 10335 3
 2442 3444 1
 2443 65417 19
 2444 34420 10
 2445 51615 15
 2446 65360 19
 2447 61902 18
 2448 58446 17
 2449 30933 9
 2450 68720 20
 2451 58395 17
 2452 3434 1
 2453 20598 6
 2454 10296 3
 2455 51465 15
 2456 6860 2
 2457 41148 12
 2458 34280 10
 2459 34270 10
 2460 20556 6
 2461 20550 6
 2462 34240 10
 2463 30807 9
 2464 41064 12
 2465 61578 18
 2466 51300 15
 2467 34190 10
 2468 64942 19
 2469 47838 14
 2470 17080 5
 2471 40980 12
 2472 37554 11
 2473 40956 12
 2474 44356 13
 2475 57987 17
 2476 10230 3
 2477 57953 17
 2478 61344 18
 2479 34070 10
 2480 51090 15
 2481 3405 1
 2482 17020 5
 2483 44239 13
 2484 10206 3
 2485 68020 20
 2486 61200 18
 2487 20394 6
 2488 23786 7
 2489 54352 16
 2490 61128 18
 2491 64505 19
 2492 6788 2
 2493 23751 7
 2494 27136 8
 2495 23737 7
 2496 47460 14
 2497 54224 16
 2498 44044 13
 2499 10161 3
 2500 67720 20
 2501 27080 8
 2502 13536 4
 2503 33830 10
 2504 30438 9
 2505 40572 12
 2506 50700 15
 2507 33790 10
 2508 10134 3
 2509 23639 7
 2510 50640 15
 2511 13500 4
 2512 47236 14
 2513 60714 18
 2514 64068 19
 2515 6742 2
 2516 57290 17
 2517 40428 12
 2518 37048 11
 2519 6734 2
 2520 20196 6
 2521 40380 12
 2522 20184 6
 2523 40356 12
 2524 43706 13
 2525 13444 4
 2526 13440 4
 2527 36949 11
 2528 10074 3
 2529 16785 5
 2530 53696 16
 2531 50325 15
 2532 67080 20
 2533 67060 20
 2534 63688 19
 2535 16755 5
 2536 67000 20
 2537 43537 13
 2538 66960 20
 2539 23429 7
 2540 16730 5
 2541 3345 1
 2542 46816 14
 2543 63517 19
 2544 66840 20
 2545 30069 9
 2546 60120 18
 2547 13356 4
 2548 33380 10
 2549 46718 14
 2550 6672 2
 2551 60030 18
 2552 40008 12
 2553 23331 7
 2554 9996 3
 2555 46634 14
 2556 36630 11
 2557 13316 4
 2558 29952 9
 2559 16635 5
 2560 16630 5
 2561 63175 19
 2562 16620 5
 2563 53168 16
 2564 49830 15
 2565 29889 9
 2566 53120 16
 2567 43147 13
 2568 59724 18
 2569 26536 8
 2570 49740 15
 2571 3315 1
 2572 43082 13
 2573 59634 18
 2574 52992 16
 2575 16555 5
 2576 46340 14
 2577 26472 8
 2578 3308 1
 2579 39684 12
 2580 52896 16
 2581 56185 17
 2582 16520 5
 2583 9909 3
 2584 42926 13
 2585 59418 18
 2586 3300 1
 2587 52784 16
 2588 29682 9
 2589 36267 11
 2590 13184 4
 2591 16475 5
 2592 36234 11
 2593 52688 16
 2594 42796 13
 2595 6582 2
 2596 13160 4
 2597 55913 17
 2598 16440 5
 2599 9861 3
 2600 49290 15
 2601 19710 6
 2602 45976 14
 2603 22981 7
 2604 62358 19
 2605 22967 7
 2606 26240 8
 2607 49185 15
 2608 42614 13
 2609 55709 17
 2610 32760 10
 2611 62225 19
 2612 9822 3
 2613 52368 16
 2614 52352 16
 2615 29439 9
 2616 22890 7
 2617 52304 16
 2618 32680 10
 2619 6534 2
 2620 35926 11
 2621 42445 13
 2622 6528 2
 2623 29367 9
 2624 19572 6
 2625 39132 12
 2626 13040 4
 2627 45626 14
 2628 55386 17
 2629 9771 3
 2630 48840 15
 2631 48825 15
 2632 13016 4
 2633 35783 11
 2634 19512 6
 2635 13004 4
 2636 45500 14
 2637 3249 1
 2638 22736 7
 2639 48705 15
 2640 22722 7
 2641 3245 1
 2642 55148 17
 2643 55131 17
 2644 3242 1
 2645 19446 6
 2646 38880 12
 2647 9717 3
 2648 64760 20
 2649 35607 11
 2650 64720 20
 2651 58230 18
 2652 19404 6
 2653 38796 12
 2654 16160 5
 2655 32310 10
 2656 9690 3
 2657 12916 4
 2658 41964 13
 2659 16135 5
 2660 9678 3
 2661 45150 14
 2662 54808 17
 2663 9669 3
 2664 35442 11
 2665 48315 15
 2666 64400 20
 2667 51504 16
 2668 64360 20
 2669 3217 1
 2670 61104 19
 2671 28935 9
 2672 48210 15
 2673 3213 1
 2674 19272 6
 2675 16055 5
 2676 64200 20
 2677 38508 12
 2678 48120 15
 2679 19242 6
 2680 51296 16
 2681 6410 2
 2682 32040 10
 2683 3203 1
 2684 16010 5
 2685 6402 2
 2686 64000 20
 2687 31990 10
 2688 60762 19
 2689 31970 10
 2690 12784 4
 2691 3195 1
 2692 47910 15
 2693 15965 5
 2694 60648 19
 2695 6382 2
 2696 12760 4
 2697 3189 1
 2698 35068 11
 2699 50992 16
 2700 6372 2
 2701 44590 14
 2702 44576 14
 2703 41379 13
 2704 47730 15
 2705 31810 10
 2706 25440 8
 2707 54043 17
 2708 34958 11
 2709 12708 4
 2710 44464 14
 2711 44450 14
 2712 57132 18
 2713 34903 11
 2714 12688 4
 2715 34881 11
 2716 22190 7
 2717 38028 12
 2718 28512 9
 2719 28503 9
 2720 9498 3
 2721 6330 2
 2722 22148 7
 2723 56934 18
 2724 47430 15
 2725 31610 10
 2726 47400 15
 2727 6318 2
 2728 50528 16
 2729 6314 2
 2730 6312 2
 2731 63100 20
 2732 53618 17
 2733 31530 10
 2734 37824 12
 2735 22057 7
 2736 28350 9
 2737 34639 11
 2738 18888 6
 2739 3147 1
 2740 44044 14
 2741 53465 17
 2742 47160 15
 2743 3143 1
 2744 34562 11
 2745 34551 11
 2746 18840 6
 2747 50224 16
 2748 28242 9
 2749 28233 9
 2750 34496 11
 2751 47025 15
 2752 25072 8
 2753 59527 19
 2754 53244 17
 2755 37572 12
 2756 31300 10
 2757 50064 16
 2758 62560 20
 2759 37524 12
 2760 37512 12
 2761 50000 16
 2762 34364 11
 2763 56214 18
 2764 18732 6
 2765 62420 20
 2766 59280 19
 2767 31190 10
 2768 34298 11
 2769 28053 9
 2770 6232 2
 2771 28035 9
 2772 43596 14
 2773 12452 4
 2774 31120 10
 2775 40443 13
 2776 3110 1
 2777 21763 7
 2778 15540 5
 2779 37284 12
 2780 31060 10
 2781 40365 13
 2782 12416 4
 2783 12412 4
 2784 6204 2
 2785 37212 12
 2786 12400 4
 2787 55782 18
 2788 61960 20
 2789 49552 16
 2790 9288 3
 2791 40235 13
 2792 3094 1
 2793 37116 12
 2794 3092 1
 2795 24728 8
 2796 40170 13
 2797 49424 16
 2798 27792 9
 2799 37044 12
 2800 30860 10
 2801 43190 14
 2802 6168 2
 2803 46245 15
 2804 12328 4
 2805 3081 1
 2806 36960 12
 2807 9237 3
 2808 27702 9
 2809 58463 19
 2810 33836 11
 2811 52275 17
 2812 43036 14
 2813 6146 2
 2814 39936 13
 2815 21497 7
 2816 3070 1
 2817 3069 1
 2818 6136 2
 2819 3067 1
 2820 12264 4
 2821 18390 6
 2822 39832 13
 2823 9189 3
 2824 12248 4
 2825 9183 3
 2826 12240 4
 2827 39767 13
 2828 51986 17
 2829 39741 13
 2830 6112 2
 2831 9165 3
 2832 54972 18
 2833 6106 2
 2834 24416 8
 2835 15255 5
 2836 3050 1
 2837 18294 6
 2838 39624 13
 2839 36564 12
 2840 54828 18
 2841 57855 19
 2842 60880 20
 2843 39559 13
 2844 18252 6
 2845 18246 6
 2846 33440 11
 2847 39507 13
 2848 57722 19
 2849 12148 4
 2850 39468 13
 2851 3035 1
 2852 36408 12
 2853 18198 6
 2854 60640 20
 2855 39403 13
 2856 57570 19
 2857 21203 7
 2858 27252 9
 2859 6054 2
 2860 57494 19
 2861 3025 1
 2862 57456 19
 2863 33253 11
 2864 30220 10
 2865 18126 6
 2866 51340 17
 2867 21133 7
 2868 12072 4
 2869 21119 7
 2870 24128 8
 2871 33165 11
 2872 42196 14
 2873 42182 14
 2874 51204 17
 2875 39143 13
 2876 15050 5
 2877 36108 12
 2878 9024 3
 2879 21049 7
 2880 18036 6
 2881 9015 3
 2882 18024 6
 2883 18018 6
 2884 30020 10
 2885 54018 18
 2886 18000 6
 2887 32989 11
 2888 8994 3
 2889 8991 3
 2890 32956 11
 2891 53910 18
 2892 20958 7
 2893 56867 19
 2894 23936 8
 2895 8973 3
 2896 20930 7
 2897 38857 13
 2898 2988 1
 2899 35844 12
 2900 41804 14
 2901 2985 1
 2902 5968 2
 2903 56677 19
 2904 23856 8
 2905 41734 14
 2906 41720 14
 2907 5958 2
 2908 44670 15
 2909 53586 18
 2910 41664 14
 2911 5950 2
 2912 32714 11
 2913 47568 16
 2914 38636 13
 2915 23768 8
 2916 56430 19
 2917 53442 18
 2918 56392 19
 2919 20769 7
 2920 56354 19
 2921 53370 18
 2922 23712 8
 2923 41482 14
 2924 59240 20
 2925 11844 4
 2926 29600 10
 2927 44385 15
 2928 2958 1
 2929 53226 18
 2930 17736 6
 2931 14775 5
 2932 26586 9
 2933 26577 9
 2934 14760 5
 2935 29510 10
 2936 50150 17
 2937 5898 2
 2938 29480 10
 2939 44205 15
 2940 41244 14
 2941 5890 2
 2942 5888 2
 2943 58860 20
 2944 47072 16
 2945 29410 10
 2946 55860 19
 2947 11756 4
 2948 8814 3
 2949 2937 1
 2950 14680 5
 2951 26415 9
 2952 32274 11
 2953 11732 4
 2954 8796 3
 2955 49827 17
 2956 55670 19
 2957 20503 7
 2958 2928 1
 2959 17562 6
 2960 55594 19
 2961 5850 2
 2962 58480 20
 2963 11692 4
 2964 23376 8
 2965 43815 15
 2966 20440 7
 2967 46704 16
 2968 52524 18
 2969 40838 14
 2970 20412 7
 2971 46640 16
 2972 20398 7
 2973 8739 3
 2974 8736 3
 2975 40754 14
 2976 49470 17
 2977 5818 2
 2978 34896 12
 2979 5814 2
 2980 23248 8
 2981 34860 12
 2982 26136 9
 2983 8709 3
 2984 37726 13
 2985 26109 9
 2986 58000 20
 2987 17394 6
 2988 26082 9
 2989 11588 4
 2990 26064 9
 2991 26055 9
 2992 28940 10
 2993 11572 4
 2994 26028 9
 2995 34692 12
 2996 31790 11
 2997 49113 17
 2998 11552 4
 2999 43305 15
 3000 23088 8
 3001 28850 10
 3002 46144 16
 3003 17298 6
 3004 40348 14
 3005 2881 1
 3006 28800 10
 3007 17274 6
 3008 34536 12
 3009 5754 2
 3010 51768 18
 3011 20125 7
 3012 8622 3
 3013 48841 17
 3014 20104 7
 3015 5742 2
 3016 40180 14
 3017 22952 8
 3018 5736 2
 3019 40138 14
 3020 34392 12
 3021 54435 19
 3022 25776 9
 3023 37219 13
 3024 48654 17
 3025 5722 2
 3026 31460 11
 3027 11436 4
 3028 54302 19
 3029 19999 7
 3030 22848 8
 3031 42825 15
 3032 48518 17
 3033 42795 15
 3034 31372 11
 3035 11404 4
 3036 48450 17
 3037 54131 19
 3038 11392 4
 3039 31317 11
 3040 48382 17
 3041 5690 2
 3042 5688 2
 3043 2843 1
 3044 2842 1
 3045 51138 18
 3046 56800 20
 3047 56780 20
 3048 51084 18
 3049 17022 6
 3050 48212 17
 3051 31185 11
 3052 42510 15
 3053 50994 18
 3054 45312 16
 3055 5662 2
 3056 36790 13
 3057 28290 10
 3058 28280 10
 3059 8481 3
 3060 8478 3
 3061 8475 3
 3062 28240 10
 3063 25407 9
 3064 16932 6
 3065 8463 3
 3066 8460 3
 3067 47923 17
 3068 39452 14
 3069 25353 9
 3070 39424 14
 3071 25335 9
 3072 19698 7
 3073 53447 19
 3074 33744 12
 3075 16866 6
 3076 56200 20
 3077 5618 2
 3078 19656 7
 3079 42105 15
 3080 53314 19
 3081 14025 5
 3082 50472 18
 3083 22424 8
 3084 44832 16
 3085 2801 1
 3086 28000 10
 3087 13995 5
 3088 53162 19
 3089 8391 3
 3090 41940 15
 3091 8385 3
 3092 41910 15
 3093 53067 19
 3094 30712 11
 3095 47447 17
 3096 8370 3
 3097 36257 13
 3098 16728 6
 3099 2787 1
 3100 36218 13
 3101 52915 19
 3102 22272 8
 3103 50094 18
 3104 36166 13
 3105 5562 2
 3106 38920 14
 3107 25011 9
 3108 2778 1
 3109 22216 8
 3110 22208 8
 3111 22200 8
 3112 16644 6
 3113 27730 10
 3114 41580 15
 3115 55420 20
 3116 44320 16
 3117 30459 11
 3118 16608 6
 3119 33204 12
 3120 55320 20
 3121 19355 7
 3122 24876 9
 3123 13815 5
 3124 11048 4
 3125 19327 7
 3126 41400 15
 3127 2759 1
 3128 24822 9
 3129 11028 4
 3130 5512 2
 3131 5510 2
 3132 24786 9
 3133 55060 20
 3134 24768 9
 3135 49518 18
 3136 41250 15
 3137 27490 10
 3138 24732 9
 3139 24723 9
 3140 13730 5
 3141 52155 19
 3142 19208 7
 3143 35659 13
 3144 2742 1
 3145 38374 14
 3146 10960 4
 3147 27390 10
 3148 10952 4
 3149 46529 17
 3150 46512 17
 3151 24615 9
 3152 21872 8
 3153 35529 13
 3154 19124 7
 3155 19117 7
 3156 10920 4
 3157 32748 12
 3158 54560 20
 3159 43632 16
 3160 5452 2
 3161 29975 11
 3162 38136 14
 3163 51737 19
 3164 2722 1
 3165 48978 18
 3166 48960 18
 3167 8157 3
 3168 24462 9
 3169 46189 17
 3170 40740 15
 3171 29865 11
 3172 18998 7
 3173 2713 1
 3174 27120 10
 3175 35243 13
 3176 32520 12
 3177 2709 1
 3178 8124 3
 3179 21656 8
 3180 16236 6
 3181 51395 19
 3182 29744 11
 3183 43248 16
 3184 16212 6
 3185 40515 15
 3186 24300 9
 3187 18893 7
 3188 45866 17
 3189 43152 16
 3190 18872 7
 3191 40425 15
 3192 45798 17
 3193 48474 18
 3194 40380 15
 3195 10764 4
 3196 21520 8
 3197 37646 14
 3198 18816 7
 3199 16122 6
 3200 26860 10
 3201 26850 10
 3202 42944 16
 3203 18781 7
 3204 8046 3
 3205 18767 7
 3206 37520 14
 3207 37506 14
 3208 2678 1
 3209 26770 10
 3210 45492 17
 3211 21400 8
 3212 18718 7
 3213 37422 14
 3214 13360 5
 3215 53420 20
 3216 37380 14
 3217 26690 10
 3218 26680 10
 3219 48006 18
 3220 18662 7
 3221 13325 5
 3222 42624 16
 3223 15978 6
 3224 5324 2
 3225 37254 14
 3226 21280 8
 3227 26590 10
 3228 39870 15
 3229 47826 18
 3230 23904 9
 3231 21240 8
 3232 26540 10
 3233 23877 9
 3234 39780 15
 3235 53020 20
 3236 10600 4
 3237 10596 4
 3238 7944 3
 3239 37058 14
 3240 13230 5
 3241 31740 12
 3242 37016 14
 3243 26430 10
 3244 44914 17
 3245 36974 14
 3246 26400 10
 3247 50141 19
 3248 39570 15
 3249 7911 3
 3250 31632 12
 3251 50065 19
 3252 44778 17
 3253 23697 9
 3254 28952 11
 3255 18417 7
 3256 52600 20
 3257 13145 5
 3258 2628 1
 3259 23643 9
 3260 44642 17
 3261 52500 20
 3262 39360 15
 3263 44591 17
 3264 20976 8
 3265 41936 16
 3266 39300 15
 3267 41904 16
 3268 15708 6
 3269 34021 13
 3270 7848 3
 3271 26150 10
 3272 44438 17
 3273 39195 15
 3274 7836 3
 3275 15666 6
 3276 31320 12
 3277 52180 20
 3278 10432 4
 3279 10428 4
 3280 39090 15
 3281 33865 13
 3282 5208 2
 3283 52060 20
 3284 10408 4
 3285 26010 10
 3286 2600 1
 3287 46782 18
 3288 18186 7
 3289 51940 20
 3290 28556 11
 3291 12975 5
 3292 31128 12
 3293 51860 20
 3294 20736 8
 3295 18137 7
 3296 18130 7
 3297 36246 14
 3298 46584 18
 3299 12935 5
 3300 31032 12
 3301 31020 12
 3302 12920 5
 3303 30996 12
 3304 2582 1
 3305 46458 18
 3306 51600 20
 3307 43843 17
 3308 12890 5
 3309 18039 7
 3310 33488 13
 3311 10300 4
 3312 38610 15
 3313 5146 2
 3314 20576 8
 3315 48849 19
 3316 2570 1
 3317 10276 4
 3318 15408 6
 3319 17969 7
 3320 17962 7
 3321 48735 19
 3322 35896 14
 3323 23067 9
 3324 51240 20
 3325 43537 17
 3326 5120 2
 3327 7677 3
 3328 15348 6
 3329 51140 20
 3330 5112 2
 3331 30660 12
 3332 38310 15
 3333 2553 1
 3334 20416 8
 3335 22959 9
 3336 38250 15
 3337 12745 5
 3338 25480 10
 3339 40752 16
 3340 2546 1
 3341 17815 7
 3342 35616 14
 3343 45774 18
 3344 7626 3
 3345 20328 8
 3346 30480 12
 3347 22851 9
 3348 38070 15
 3349 32981 13
 3350 32968 13
 3351 40560 16
 3352 22806 9
 3353 20264 8
 3354 30384 12
 3355 15186 6
 3356 10120 4
 3357 30348 12
 3358 48032 19
 3359 7581 3
 3360 5052 2
 3361 22725 9
 3362 2524 1
 3363 50460 20
 3364 32786 13
 3365 2521 1
 3366 45360 18
 3367 32747 13
 3368 25180 10
 3369 40272 16
 3370 47804 19
 3371 50300 20
 3372 15084 6
 3373 17591 7
 3374 17584 7
 3375 22599 9
 3376 5020 2
 3377 32617 13
 3378 17556 7
 3379 22563 9
 3380 35084 14
 3381 25050 10
 3382 47576 19
 3383 47557 19
 3384 30024 12
 3385 15006 6
 3386 15000 6
 3387 47481 19
 3388 7494 3
 3389 37455 15
 3390 34944 14
 3391 32435 13
 3392 34916 14
 3393 37395 15
 3394 7476 3
 3395 14946 6
 3396 27390 11
 3397 19912 8
 3398 9952 4
 3399 34818 14
 3400 24860 10
 3401 9940 4
 3402 14904 6
 3403 32279 13
 3404 2482 1
 3405 29772 12
 3406 39680 16
 3407 34706 14
 3408 7434 3
 3409 17339 7
 3410 34664 14
 3411 37125 15
 3412 14844 6
 3413 4946 2
 3414 14832 6
 3415 27181 11
 3416 34580 14
 3417 7407 3
 3418 29616 12
 3419 44406 18
 3420 32058 13
 3421 7395 3
 3422 34496 14
 3423 22167 9
 3424 7386 3
 3425 39376 16
 3426 46740 19
 3427 34426 14
 3428 27038 11
 3429 24570 10
 3430 4912 2
 3431 39280 16
 3432 19632 8
 3433 49060 20
 3434 46588 19
 3435 24510 10
 3436 17150 7
 3437 14694 6
 3438 7344 3
 3439 7341 3
 3440 12230 5
 3441 24450 10
 3442 14664 6
 3443 7329 3
 3444 29304 12
 3445 29292 12
 3446 7320 3
 3447 39024 16
 3448 31694 13
 3449 14622 6
 3450 38976 16
 3451 7305 3
 3452 4868 2
 3453 31629 13
 3454 36480 15
 3455 31603 13
 3456 38880 16
 3457 12145 5
 3458 38848 16
 3459 9708 4
 3460 14556 6
 3461 4850 2
 3462 9696 4
 3463 19384 8
 3464 26642 11
 3465 7263 3
 3466 24200 10
 3467 33866 14
 3468 12090 5
 3469 9668 4
 3470 16912 7
 3471 7245 3
 3472 41038 17
 3473 33782 14
 3474 19296 8
 3475 36165 15
 3476 9640 4
 3477 21681 9
 3478 14448 6
 3479 7221 3
 3480 2406 1
 3481 24050 10
 3482 31252 13
 3483 36045 15
 3484 33628 14
 3485 38416 16
 3486 16800 7
 3487 21591 9
 3488 40766 17
 3489 21573 9
 3490 40732 17
 3491 33530 14
 3492 14364 6
 3493 38288 16
 3494 14352 6
 3495 31083 13
 3496 21510 9
 3497 26279 11
 3498 2388 1
 3499 26257 11
 3500 4772 2
 3501 40545 17
 3502 38144 16
 3503 14298 6
 3504 47640 20
 3505 11905 5
 3506 21420 9
 3507 42822 18
 3508 16646 7
 3509 40409 17
 3510 7128 3
 3511 26125 11
 3512 45106 19
 3513 18984 8
 3514 40324 17
 3515 7113 3
 3516 28440 12
 3517 11845 5
 3518 18944 8
 3519 11835 5
 3520 18928 8
 3521 26015 11
 3522 4728 2
 3523 30719 13
 3524 18896 8
 3525 37776 16
 3526 11800 5
 3527 11795 5
 3528 14148 6
 3529 21213 9
 3530 18848 8
 3531 25905 11
 3532 47080 20
 3533 23530 10
 3534 30576 13
 3535 44669 19
 3536 44650 19
 3537 46980 20
 3538 42264 18
 3539 2347 1
 3540 44574 19
 3541 16415 7
 3542 32816 14
 3543 23430 10
 3544 18736 8
 3545 37456 16
 3546 30420 13
 3547 30407 13
 3548 32732 14
 3549 7011 3
 3550 9344 4
 3551 2335 1
 3552 23340 10
 3553 41994 18
 3554 9328 4
 3555 27972 12
 3556 46600 20
 3557 25619 11
 3558 16296 7
 3559 30251 13
 3560 34890 15
 3561 6975 3
 3562 32536 14
 3563 16261 7
 3564 41796 18
 3565 25531 11
 3566 30160 13
 3567 37104 16
 3568 39406 17
 3569 13902 6
 3570 44004 19
 3571 9260 4
 3572 37024 16
 3573 39321 17
 3574 11560 5
 3575 4622 2
 3576 18480 8
 3577 39253 17
 3578 41544 18
 3579 25377 11
 3580 25366 11
 3581 23050 10
 3582 41472 18
 3583 25333 11
 3584 13812 6
 3585 16107 7
 3586 11500 5
 3587 13794 6
 3588 11490 5
 3589 34455 15
 3590 16072 7
 3591 27540 12
 3592 25234 11
 3593 32102 14
 3594 18336 8
 3595 2291 1
 3596 38930 17
 3597 6867 3
 3598 32032 14
 3599 4574 2
 3600 38862 17
 3601 22850 10
 3602 41112 18
 3603 25113 11
 3604 15974 7
 3605 13686 6
 3606 25080 11
 3607 41022 18
 3608 43282 19
 3609 31878 14
 3610 27312 12
 3611 29575 13
 3612 22740 10
 3613 45460 20
 3614 27264 12
 3615 24981 11
 3616 38590 17
 3617 13614 6
 3618 4536 2
 3619 34005 15
 3620 11330 5
 3621 9060 4
 3622 27168 12
 3623 27156 12
 3624 24882 11
 3625 6783 3
 3626 29380 13
 3627 9036 4
 3628 15806 7
 3629 4514 2
 3630 33840 15
 3631 9020 4
 3632 24794 11
 3633 15771 7
 3634 18016 8
 3635 15757 7
 3636 27000 12
 3637 11245 5
 3638 20232 9
 3639 4494 2
 3640 33690 15
 3641 42655 19
 3642 42636 19
 3643 20187 9
 3644 35872 16
 3645 33615 15
 3646 38080 17
 3647 26868 12
 3648 42522 19
 3649 2237 1
 3650 13416 6
 3651 22350 10
 3652 44680 20
 3653 31262 14
 3654 26784 12
 3655 6693 3
 3656 20070 9
 3657 22290 10
 3658 40104 18
 3659 8908 4
 3660 22260 10
 3661 33375 15
 3662 17792 8
 3663 42237 19
 3664 2222 1
 3665 33315 15
 3666 2220 1
 3667 19971 9
 3668 15526 7
 3669 6651 3
 3670 17728 8
 3671 33225 15
 3672 39852 18
 3673 26556 12
 3674 28756 13
 3675 15477 7
 3676 19890 9
 3677 30926 14
 3678 2208 1
 3679 11035 5
 3680 30884 14
 3681 6615 3
 3682 11020 5
 3683 22030 10
 3684 33030 15
 3685 19809 9
 3686 35200 16
 3687 19791 9
 3688 41762 19
 3689 2197 1
 3690 15372 7
 3691 2195 1
 3692 10970 5
 3693 19737 9
 3694 6576 3
 3695 10955 5
 3696 24090 11
 3697 8756 4
 3698 24068 11
 3699 8748 4
 3700 28418 13
 3701 4370 2
 3702 4368 2
 3703 39294 18
 3704 32730 15
 3705 26172 12
 3706 28340 13
 3707 34864 16
 3708 19602 9
 3709 39186 18
 3710 2176 1
 3711 2175 1
 3712 15218 7
 3713 28249 13
 3714 15204 7
 3715 17368 8
 3716 17360 8
 3717 21690 10
 3718 21680 10
 3719 6501 3
 3720 4332 2
 3721 4330 2
 3722 28132 13
 3723 4326 2
 3724 30268 14
 3725 43220 20
 3726 34560 16
 3727 36703 17
 3728 8632 4
 3729 19413 9
 3730 4312 2
 3731 4310 2
 3732 38772 18
 3733 6459 3
 3734 8608 4
 3735 27963 13
 3736 17200 8
 3737 6447 3
 3738 21480 10
 3739 15029 7
 3740 27898 13
 3741 19305 9
 3742 32160 15
 3743 38574 18
 3744 29988 14
 3745 40679 19
 3746 23540 11
 3747 14973 7
 3748 42760 20
 3749 6411 3
 3750 10680 5
 3751 29890 14
 3752 29876 14
 3753 42660 20
 3754 19188 9
 3755 17048 8
 3756 40470 19
 3757 2129 1
 3758 19152 9
 3759 14889 7
 3760 40394 19
 3761 19125 9
 3762 31860 15
 3763 38214 18
 3764 4244 2
 3765 10605 5
 3766 19080 9
 3767 6357 3
 3768 10590 5
 3769 29638 14
 3770 33856 16
 3771 40185 19
 3772 42280 20
 3773 8452 4
 3774 27456 13
 3775 37998 18
 3776 21100 10
 3777 21090 10
 3778 25296 12
 3779 4214 2
 3780 4212 2
 3781 6315 3
 3782 6312 3
 3783 33648 16
 3784 4204 2
 3785 10505 5
 3786 6300 3
 3787 41980 20
 3788 6294 3
 3789 6291 3
 3790 6288 3
 3791 39805 19
 3792 25128 12
 3793 31395 15
 3794 41840 20
 3795 39729 19
 3796 6270 3
 3797 12534 6
 3798 29232 14
 3799 39653 19
 3800 18774 9
 3801 35445 17
 3802 35428 17
 3803 35411 17
 3804 37476 18
 3805 18729 9
 3806 2080 1
 3807 27027 13
 3808 35326 17
 3809 27001 13
 3810 12456 6
 3811 29050 14
 3812 35258 17
 3813 31095 15
 3814 33152 16
 3815 26923 13
 3816 26910 13
 3817 18621 9
 3818 41360 20
 3819 16536 8
 3820 22726 11
 3821 35105 17
 3822 8256 4
 3823 14441 7
 3824 26806 13
 3825 41220 20
 3826 24720 12
 3827 26767 13
 3828 26754 13
 3829 20570 10
 3830 39064 19
 3831 28770 14
 3832 4108 2
 3833 24636 12
 3834 36936 18
 3835 8204 4
 3836 26650 13
 3837 24588 12
 3838 2048 1
 3839 26611 13
 3840 18414 9
 3841 2045 1
 3842 32704 16
 3843 4086 2
 3844 32672 16
 3845 38779 19
 3846 32640 16
 3847 16312 8
 3848 24456 12
 3849 10185 5
 3850 12216 6
 3851 24420 12
 3852 8136 4
 3853 10165 5
 3854 12192 6
 3855 6093 3
 3856 34510 17
 3857 6087 3
 3858 32448 16
 3859 28378 14
 3860 14182 7
 3861 4050 2
 3862 2024 1
 3863 30345 15
 3864 8088 4
 3865 22231 11
 3866 30300 15
 3867 4038 2
 3868 4036 2
 3869 26221 13
 3870 12096 6
 3871 20150 10
 3872 28196 14
 3873 30195 15
 3874 40240 20
 3875 4022 2
 3876 10050 5
 3877 10045 5
 3878 12048 6
 3879 10035 5
 3880 40120 20
 3881 16040 8
 3882 32064 16
 3883 10015 5
 3884 30030 15
 3885 20010 10
 3886 30000 15
 3887 11994 6
 3888 27972 14
 3889 31952 16
 3890 15968 8
 3891 33915 17
 3892 31904 16
 3893 27902 14
 3894 35856 18
 3895 33847 17
 3896 15920 8
 3897 25857 13
 3898 25844 13
 3899 11922 6
 3900 31776 16
 3901 1985 1
 3902 29760 15
 3903 1983 1
 3904 1982 1
 3905 17829 9
 3906 15840 8
 3907 37601 19
 3908 37582 19
 3909 39540 20
 3910 39520 20
 3911 1975 1
 3912 21714 11
 3913 1973 1
 3914 17748 9
 3915 17739 9
 3916 1970 1
 3917 11814 6
 3918 23616 12
 3919 23604 12
 3920 29490 15
 3921 25545 13
 3922 29460 15
 3923 23556 12
 3924 33354 17
 3925 13727 7
 3926 1960 1
 3927 15672 8
 3928 27412 14
 3929 1957 1
 3930 7824 4
 3931 9775 5
 3932 27356 14
 3933 29295 15
 3934 1952 1
 3935 9755 5
 3936 21450 11
 3937 21439 11
 3938 1948 1
 3939 13629 7
 3940 19460 10
 3941 35010 18
 3942 23328 12
 3943 19430 10
 3944 19420 10
 3945 13587 7
 3946 27160 14
 3947 23268 12
 3948 34884 18
 3949 29055 15
 3950 32912 17
 3951 38700 20
 3952 38680 20
 3953 17397 9
 3954 9660 5
 3955 23172 12
 3956 30880 16
 3957 27006 14
 3958 7712 4
 3959 13489 7
 3960 34668 18
 3961 15400 8
 3962 11544 6
 3963 5769 3
 3964 17298 9
 3965 30736 16
 3966 36480 19
 3967 28785 15
 3968 21098 11
 3969 24921 13
 3970 21076 11
 3971 11490 6
 3972 13398 7
 3973 24869 13
 3974 24856 13
 3975 38220 20
 3976 17190 9
 3977 3818 2
 3978 38160 20
 3979 36233 19
 3980 19060 10
 3981 28575 15
 3982 11424 6
 3983 22836 12
 3984 22824 12
 3985 24713 13
 3986 17100 9
 3987 5697 3
 3988 11388 6
 3989 32249 17
 3990 20856 11
 3991 17055 9
 3992 30304 16
 3993 17037 9
 3994 20812 11
 3995 30256 16
 3996 34020 18
 3997 22668 12
 3998 22656 12
 3999 22644 12
 4000 30176 16
 4001 1885 1
 4002 16956 9
 4003 30128 16
 4004 37640 20
 4005 35739 19
 4006 35720 19
 4007 15032 8
 4008 20658 11
 4009 16893 9
 4010 11256 6
 4011 1875 1
 4012 37480 20
 4013 3746 2
 4014 3744 2
 4015 28065 15
 4016 5610 3
 4017 29904 16
 4018 16812 9
 4019 18670 10
 4020 16794 9
 4021 31705 17
 4022 31688 17
 4023 26082 14
 4024 33516 18
 4025 5583 3
 4026 13020 7
 4027 9295 5
 4028 9290 5
 4029 37140 20
 4030 27840 15
 4031 37100 20
 4032 22248 12
 4033 9265 5
 4034 20372 11
 4035 27765 15
 4036 37000 20
 4037 31433 17
 4038 7392 4
 4039 24011 13
 4040 11076 6
 4041 3690 2
 4042 14752 8
 4043 25802 14
 4044 12894 7
 4045 31297 17
 4046 12880 7
 4047 29424 16
 4048 5514 3
 4049 14696 8
 4050 3672 2
 4051 7340 4
 4052 5502 3
 4053 36660 20
 4054 31144 17
 4055 25634 14
 4056 25620 14
 4057 32922 18
 4058 20108 11
 4059 31059 17
 4060 32868 18
 4061 27375 15
 4062 9120 5
 4063 9115 5
 4064 5466 3
 4065 36420 20
 4066 12740 7
 4067 32742 18
 4068 7272 4
 4069 10902 6
 4070 12712 7
 4071 32670 18
 4072 3628 2
 4073 7252 4
 4074 12684 7
 4075 19921 11
 4076 25340 14
 4077 23517 13
 4078 25312 14
 4079 19877 11
 4080 7224 4
 4081 28880 16
 4082 25256 14
 4083 3606 2
 4084 5406 3
 4085 5403 3
 4086 23400 13
 4087 3598 2
 4088 23374 13
 4089 23361 13
 4090 19756 11
 4091 34105 19
 4092 1794 1
 4093 34067 19
 4094 26880 15
 4095 28656 16
 4096 25060 14
 4097 16101 9
 4098 8940 5
 4099 14296 8
 4100 21432 12
 4101 30345 17
 4102 21408 12
 4103 19613 11
 4104 1782 1
 4105 1781 1
 4106 10680 6
 4107 16011 9
 4108 3556 2
 4109 3554 2
 4110 26640 15
 4111 5325 3
 4112 28384 16
 4113 31914 18
 4114 33668 19
 4115 35420 20
 4116 21240 12
 4117 30073 17
 4118 14144 8
 4119 31806 18
 4120 24724 14
 4121 10590 6
 4122 5292 3
 4123 14104 8
 4124 5286 3
 4125 10566 6
 4126 1760 1
 4127 33421 19
 4128 35160 20
 4129 5271 3
 4130 5268 3
 4131 3510 2
 4132 8770 5
 4133 12271 7
 4134 35040 20
 4135 33269 19
 4136 12250 7
 4137 22737 13
 4138 33212 19
 4139 17470 10
 4140 15714 9
 4141 15705 9
 4142 3488 2
 4143 31374 18
 4144 13936 8
 4145 27856 16
 4146 31320 18
 4147 20868 12
 4148 20856 12
 4149 1737 1
 4150 12152 7
 4151 27760 16
 4152 34680 20
 4153 10398 6
 4154 10392 6
 4155 22503 13
 4156 8650 5
 4157 6916 4
 4158 31104 18
 4159 18997 11
 4160 15534 9
 4161 34500 20
 4162 18964 11
 4163 15507 9
 4164 1722 1
 4165 17210 10
 4166 20640 12
 4167 25785 15
 4168 12026 7
 4169 20604 12
 4170 15444 9
 4171 17150 10
 4172 18854 11
 4173 20556 12
 4174 8560 5
 4175 13688 8
 4176 13680 8
 4177 17090 10
 4178 3416 2
 4179 11949 7
 4180 1706 1
 4181 22165 13
 4182 10224 6
 4183 11921 7
 4184 32338 19
 4185 23814 14
 4186 17000 10
 4187 5097 3
 4188 13584 8
 4189 33940 20
 4190 10176 6
 4191 15255 9
 4192 33880 20
 4193 23702 14
 4194 33840 20
 4195 33820 20
 4196 13520 8
 4197 25335 15
 4198 20256 12
 4199 10122 6
 4200 5058 3
 4201 10110 6
 4202 18524 11
 4203 15147 9
 4204 16820 10
 4205 5043 3
 4206 3360 2
 4207 26864 16
 4208 16780 10
 4209 1677 1
 4210 21788 13
 4211 1675 1
 4212 25110 15
 4213 10038 6
 4214 10032 6
 4215 13368 8
 4216 15030 9
 4217 26704 16
 4218 20016 12
 4219 15003 9
 4220 13328 8
 4221 28305 17
 4222 21632 13
 4223 8315 5
 4224 21606 13
 4225 26576 16
 4226 13280 8
 4227 19908 12
 4228 11606 7
 4229 28169 17
 4230 9936 6
 4231 6620 4
 4232 8270 5
 4233 14877 9
 4234 8260 5
 4235 21463 13
 4236 16500 10
 4237 9894 6
 4238 6592 4
 4239 31293 19
 4240 23044 14
 4241 6580 4
 4242 3288 2
 4243 9858 6
 4244 21346 13
 4245 27897 17
 4246 1640 1
 4247 19668 12
 4248 9828 6
 4249 14733 9
 4250 22904 14
 4251 24525 15
 4252 17974 11
 4253 19596 12
 4254 16320 10
 4255 22834 14
 4256 21190 13
 4257 19548 12
 4258 3256 2
 4259 24405 15
 4260 4878 3
 4261 14625 9
 4262 14616 9
 4263 12984 8
 4264 29196 18
 4265 19452 12
 4266 14580 9
 4267 8095 5
 4268 19416 12
 4269 27489 17
 4270 30704 19
 4271 19380 12
 4272 22596 14
 4273 16130 10
 4274 8060 5
 4275 17721 11
 4276 30590 19
 4277 30571 19
 4278 14472 9
 4279 1607 1
 4280 32120 20
 4281 30495 19
 4282 9624 6
 4283 28854 18
 4284 9612 6
 4285 30419 19
 4286 27200 17
 4287 22386 14
 4288 12784 8
 4289 3194 2
 4290 7980 5
 4291 6380 4
 4292 9564 6
 4293 12744 8
 4294 23880 15
 4295 28638 18
 4296 22260 14
 4297 23835 15
 4298 6352 4
 4299 1587 1
 4300 28548 18
 4301 31700 20
 4302 22176 14
 4303 31660 20
 4304 6328 4
 4305 9486 6
 4306 23700 15
 4307 30001 19
 4308 14202 9
 4309 23655 15
 4310 31520 20
 4311 1575 1
 4312 15740 10
 4313 4719 3
 4314 18864 12
 4315 6284 4
 4316 31400 20
 4317 29811 19
 4318 4704 3
 4319 31340 20
 4320 20358 13
 4321 1565 1
 4322 29716 19
 4323 1563 1
 4324 9372 6
 4325 28098 18
 4326 26520 17
 4327 21826 14
 4328 21812 14
 4329 17127 11
 4330 7780 5
 4331 21770 14
 4332 3108 2
 4333 26401 17
 4334 1552 1
 4335 13959 9
 4336 9300 6
 4337 9294 6
 4338 7740 5
 4339 26299 17
 4340 26282 17
 4341 13905 9
 4342 15440 10
 4343 27774 18
 4344 23130 15
 4345 4623 3
 4346 30800 20
 4347 1539 1
 4348 9228 6
 4349 4611 3
 4350 12288 8
 4351 19955 13
 4352 24544 16
 4353 10731 7
 4354 4596 3
 4355 27558 18
 4356 30600 20
 4357 30580 20
 4358 10696 7
 4359 29013 19
 4360 6104 4
 4361 4575 3
 4362 7620 5
 4363 10661 7
 4364 10654 7
 4365 25857 17
 4366 27360 18
 4367 22785 15
 4368 18216 12
 4369 3034 2
 4370 30320 20
 4371 30300 20
 4372 21196 14
 4373 4539 3
 4374 7560 5
 4375 16621 11
 4376 28690 19
 4377 21126 14
 4378 15080 10
 4379 3014 2
 4380 13554 9
 4381 9030 6
 4382 12032 8
 4383 22545 15
 4384 15020 10
 4385 1501 1
 4386 22500 15
 4387 7495 5
 4388 16478 11
 4389 4491 3
 4390 7480 5
 4391 10465 7
 4392 28386 19
 4393 28367 19
 4394 4476 3
 4395 16401 11
 4396 28310 19
 4397 8934 6
 4398 28272 19
 4399 13383 9
 4400 16346 11
 4401 1485 1
 4402 5936 4
 4403 29660 20
 4404 13338 9
 4405 1481 1
 4406 7400 5
 4407 11832 8
 4408 2956 2
 4409 20678 14
 4410 20664 14
 4411 1475 1
 4412 17688 12
 4413 5892 4
 4414 10304 7
 4415 4413 3
 4416 24990 17
 4417 5876 4
 4418 1468 1
 4419 2934 2
 4420 19058 13
 4421 7325 5
 4422 11712 8
 4423 7315 5
 4424 2924 2
 4425 29220 20
 4426 1460 1
 4427 23344 16
 4428 26244 18
 4429 23312 16
 4430 16016 11
 4431 27645 19
 4432 15994 11
 4433 18889 13
 4434 17424 12
 4435 7255 5
 4436 5800 4
 4437 7245 5
 4438 4344 3
 4439 18811 13
 4440 26028 18
 4441 15895 11
 4442 1444 1
 4443 20202 14
 4444 28840 20
 4445 27379 19
 4446 15840 11
 4447 28780 20
 4448 15818 11
 4449 8622 6
 4450 21540 15
 4451 1435 1
 4452 5736 4
 4453 10031 7
 4454 24344 17
 4455 15741 11
 4456 2860 2
 4457 11432 8
 4458 8568 6
 4459 15697 11
 4460 24242 17
 4461 22800 16
 4462 8544 6
 4463 25614 18
 4464 4266 3
 4465 4263 3
 4466 15620 11
 4467 28380 20
 4468 25524 18
 4469 15587 11
 4470 24072 17
 4471 7075 5
 4472 14140 10
 4473 2826 2
 4474 26828 19
 4475 9877 7
 4476 4230 3
 4477 2818 2
 4478 14080 10
 4479 18291 13
 4480 1406 1
 4481 11240 8
 4482 28080 20
 4483 4209 3
 4484 16824 12
 4485 7005 5
 4486 7000 5
 4487 22384 16
 4488 2796 2
 4489 1397 1
 4490 8376 6
 4491 22320 16
 4492 9758 7
 4493 13930 10
 4494 16704 12
 4495 22256 16
 4496 25020 18
 4497 2778 2
 4498 2776 2
 4499 16644 12
 4500 13860 10
 4501 20775 15
 4502 16608 12
 4503 24894 18
 4504 13820 10
 4505 9667 7
 4506 22080 16
 4507 8274 6
 4508 5512 4
 4509 15147 11
 4510 13760 10
 4511 20625 15
 4512 26106 19
 4513 16476 12
 4514 19208 14
 4515 9597 7
 4516 21920 16
 4517 19166 14
 4518 15048 11
 4519 20505 15
 4520 19124 14
 4521 20475 15
 4522 5456 4
 4523 24534 18
 4524 23154 17
 4525 16332 12
 4526 6800 5
 4527 25821 19
 4528 4074 3
 4529 16284 12
 4530 2712 2
 4531 1355 1
 4532 5416 4
 4533 2706 2
 4534 1352 1
 4535 9457 7
 4536 8100 6
 4537 22933 17
 4538 1348 1
 4539 8082 6
 4540 16152 12
 4541 20175 15
 4542 22848 17
 4543 9401 7
 4544 9394 7
 4545 22797 17
 4546 24120 18
 4547 4017 3
 4548 10704 8
 4549 21392 16
 4550 25384 19
 4551 14685 11
 4552 25346 19
 4553 2666 2
 4554 3996 3
 4555 2662 2
 4556 19950 15
 4557 11961 9
 4558 11952 9
 4559 11943 9
 4560 21216 16
 4561 10600 8
 4562 18536 14
 4563 5292 4
 4564 6610 5
 4565 15852 12
 4566 18480 14
 4567 17147 13
 4568 2636 2
 4569 13170 10
 4570 6580 5
 4571 14465 11
 4572 3942 3
 4573 22321 17
 4574 19680 15
 4575 5244 4
 4576 17030 13
 4577 17017 13
 4578 14388 11
 4579 11763 9
 4580 23508 18
 4581 18270 14
 4582 15648 12
 4583 13030 10
 4584 1302 1
 4585 22117 17
 4586 15600 12
 4587 18186 14
 4588 24662 19
 4589 14267 11
 4590 1296 1
 4591 1295 1
 4592 16822 13
 4593 1293 1
 4594 25840 20
 4595 20656 16
 4596 21930 17
 4597 2578 2
 4598 25760 20
 4599 20592 16
 4600 21862 17
 4601 1285 1
 4602 15408 12
 4603 15396 12
 4604 21794 17
 4605 24339 19
 4606 21760 17
 4607 3837 3
 4608 11502 9
 4609 3831 3
 4610 7656 6
 4611 14025 11
 4612 15288 12
 4613 3819 3
 4614 12720 10
 4615 17794 14
 4616 22860 18
 4617 7614 6
 4618 22824 18
 4619 8869 7
 4620 3798 3
 4621 7590 6
 4622 18960 15
 4623 8841 7
 4624 23978 19
 4625 3783 3
 4626 15120 12
 4627 16367 13
 4628 23902 19
 4629 8799 7
 4630 15072 12
 4631 16315 13
 4632 16302 13
 4633 16289 13
 4634 25040 20
 4635 2502 2
 4636 23750 19
 4637 12490 10
 4638 1248 1
 4639 6235 5
 4640 1246 1
 4641 17430 14
 4642 14928 12
 4643 13673 11
 4644 23598 19
 4645 4964 4
 4646 8680 7
 4647 2478 2
 4648 1238 1
 4649 12370 10
 4650 18540 15
 4651 18525 15
 4652 1234 1
 4653 11097 9
 4654 13552 11
 4655 4924 4
 4656 6150 5
 4657 9832 8
 4658 19648 16
 4659 2454 2
 4660 8582 7
 4661 20825 17
 4662 22032 18
 4663 11007 9
 4664 20774 17
 4665 6105 5
 4666 24400 20
 4667 23161 19
 4668 3654 3
 4669 6085 5
 4670 23104 19
 4671 19440 16
 4672 6070 5
 4673 12130 10
 4674 4848 4
 4675 21798 18
 4676 9680 8
 4677 20553 17
 4678 18120 15
 4679 19312 16
 4680 9648 8
 4681 16870 14
 4682 15652 13
 4683 6015 5
 4684 6010 5
 4685 13211 11
 4686 7200 6
 4687 21582 18
 4688 11980 10
 4689 14364 12
 4690 2392 2
 4691 13145 11
 4692 11940 10
 4693 2386 2
 4694 22648 19
 4695 4764 4
 4696 9520 8
 4697 10701 9
 4698 9504 8
 4699 21366 18
 4700 16604 14
 4701 10665 9
 4702 7104 6
 4703 7098 6
 4704 4728 4
 4705 1181 1
 4706 22420 19
 4707 21222 18
 4708 3534 3
 4709 23540 20
 4710 4704 4
 4711 11750 10
 4712 4696 4
 4713 17595 15
 4714 16408 14
 4715 18736 16
 4716 19890 17
 4717 9352 8
 4718 8176 7
 4719 15171 13
 4720 1166 1
 4721 1165 1
 4722 8148 7
 4723 10467 9
 4724 6972 6
 4725 20898 18
 4726 6960 6
 4727 20862 18
 4728 19686 17
 4729 9256 8
 4730 17340 15
 4731 2310 2
 4732 2308 2
 4733 13836 12
 4734 8064 7
 4735 13812 12
 4736 20700 18
 4737 16086 14
 4738 20664 18
 4739 11470 10
 4740 8022 7
 4741 11450 10
 4742 21736 19
 4743 13716 12
 4744 7994 7
 4745 14833 13
 4746 10260 9
 4747 4556 4
 4748 11380 10
 4749 17055 15
 4750 11360 10
 4751 6810 6
 4752 1134 1
 4753 10197 9
 4754 10188 9
 4755 3393 3
 4756 20340 18
 4757 5645 5
 4758 18048 16
 4759 2254 2
 4760 2252 2
 4761 14625 13
 4762 14612 13
 4763 14599 13
 4764 6732 6
 4765 8968 8
 4766 17920 16
 4767 8952 8
 4768 20124 18
 4769 6702 6
 4770 6696 6
 4771 3345 3
 4772 16710 15
 4773 2226 2
 4774 6672 6
 4775 18887 17
 4776 15540 14
 4777 15526 14
 4778 6648 6
 4779 19926 18
 4780 21014 19
 4781 13260 12
 4782 15456 14
 4783 22060 20
 4784 17632 16
 4785 6606 6
 4786 2200 2
 4787 9891 9
 4788 12078 11
 4789 4388 4
 4790 5480 5
 4791 1095 1
 4792 6564 6
 4793 16395 15
 4794 20748 19
 4795 1091 1
 4796 1090 1
 4797 11979 11
 4798 4352 4
 4799 9783 9
 4800 10860 10
 4801 20615 19
 4802 15176 14
 4803 10830 10
 4804 9738 9
 4805 12972 12
 4806 8640 8
 4807 7553 7
 4808 17248 16
 4809 14001 13
 4810 15064 14
 4811 8600 8
 4812 10740 10
 4813 4292 4
 4814 15008 14
 4815 9639 9
 4816 12840 12
 4817 2138 2
 4818 13884 13
 4819 20273 19
 4820 2132 2
 4821 1065 1
 4822 12768 12
 4823 7441 7
 4824 1062 1
 4825 14854 14
 4826 11660 11
 4827 21180 20
 4828 8464 8
 4829 8456 8
 4830 11616 11
 4831 8440 8
 4832 21080 20
 4833 21060 20
 4834 9468 9
 4835 8408 8
 4836 7350 7
 4837 2098 2
 4838 16768 16
 4839 16752 16
 4840 5230 5
 4841 9405 9
 4842 8352 8
 4843 13559 13
 4844 19798 19
 4845 15615 15
 4846 11440 11
 4847 16624 16
 4848 6228 6
 4849 4148 4
 4850 15540 15
 4851 19665 19
 4852 6204 6
 4853 13429 13
 4854 5160 5
 4855 18558 18
 4856 7210 7
 4857 10290 10
 4858 9252 9
 4859 14378 14
 4860 12312 12
 4861 19475 19
 4862 10240 10
 4863 18414 18
 4864 6132 6
 4865 18378 18
 4866 7140 7
 4867 5095 5
 4868 9162 9
 4869 12204 12
 4870 14224 14
 4871 6090 6
 4872 14196 14
 4873 11143 11
 4874 6072 6
 4875 15165 15
 4876 7070 7
 4877 11099 11
 4878 11088 11
 4879 4028 4
 4880 6036 6
 4881 12060 12
 4882 16064 16
 4883 2006 2
 4884 13026 13
 4885 11011 11
 4886 14000 14
 4887 9990 10
 4888 19960 20
 4889 1994 2
 4890 9960 10
 4891 4975 5
 4892 16898 17
 4893 2979 3
 4894 8928 9
 4895 8919 9
 4896 15840 16
 4897 19780 20
 4898 13832 14
 4899 987 1
 4900 9860 10
 4901 15760 16
 4902 17712 18
 4903 10813 11
 4904 2946 3
 4905 5886 6
 4906 17640 18
 4907 17622 18
 4908 18582 19
 4909 19540 20
 4910 9760 10
 4911 2925 3
 4912 4870 5
 4913 17514 18
 4914 4860 5
 4915 6797 7
 4916 13580 14
 4917 5814 6
 4918 9680 10
 4919 5802 6
 4920 8694 9
 4921 15440 16
 4922 16388 17
 4923 3852 4
 4924 18278 19
 4925 4805 5
 4926 13440 14
 4927 3836 4
 4928 958 1
 4929 2871 3
 4930 10516 11
 4931 9550 10
 4932 13356 14
 4933 8577 9
 4934 13328 14
 4935 13314 14
 4936 6650 7
 4937 11388 12
 4938 12324 13
 4939 11364 12
 4940 3784 4
 4941 13230 14
 4942 14160 15
 4943 16974 18
 4944 3768 4
 4945 6587 7
 4946 940 1
 4947 17841 19
 4948 17822 19
 4949 13118 14
 4950 14040 15
 4951 14025 15
 4952 14010 15
 4953 12129 13
 4954 3728 4
 4955 7448 8
 4956 6510 7
 4957 1858 2
 4958 9280 10
 4959 11124 12
 4960 10186 11
 4961 8325 9
 4962 11088 12
 4963 13845 15
 4964 17518 19
 4965 1842 2
 4966 18400 20
 4967 15623 17
 4968 1836 2
 4969 10087 11
 4970 5496 6
 4971 3660 4
 4972 7312 8
 4973 13695 15
 4974 12768 14
 4975 11843 13
 4976 910 1
 4977 3636 4
 4978 6356 7
 4979 3628 4
 4980 7248 8
 4981 9050 10
 4982 14464 16
 4983 12642 14
 4984 902 1
 4985 8109 9
 4986 12600 14
 4987 7192 8
 4988 8980 10
 4989 15249 17
 4990 6272 7
 4991 2685 3
 4992 4470 5
 4993 3572 4
 4994 7136 8
 4995 6237 7
 4996 16020 18
 4997 3556 4
 4998 1776 2
 4999 7096 8
 5000 17720 20
 5001 2655 3
 5002 11492 13
 5003 5298 6
 5004 3528 4
 5005 17620 20
 5006 5280 6
 5007 7032 8
 5008 15804 18
 5009 10524 12
 5010 4380 5
 5011 10500 12
 5012 17480 20
 5013 14841 17
 5014 16568 19
 5015 8710 10
 5016 2610 3
 5017 13904 16
 5018 8680 10
 5019 7803 9
 5020 12124 14
 5021 15570 18
 5022 3456 4
 5023 1726 2
 5024 9482 11
 5025 12054 14
 5026 9460 11
 5027 14603 17
 5028 3432 4
 5029 7713 9
 5030 11128 13
 5031 10260 12
 5032 1708 2
 5033 4265 5
 5034 1704 2
 5035 13616 16
 5036 13600 16
 5037 1698 2
 5038 7632 9
 5039 15246 18
 5040 8460 10
 5041 12675 15
 5042 2532 3
 5043 10959 13
 5044 15998 19
 5045 8410 10
 5046 7560 9
 5047 4195 5
 5048 5028 6
 5049 15903 19
 5050 10032 12
 5051 6680 8
 5052 1668 2
 5053 14161 17
 5054 13312 16
 5055 12465 15
 5056 2490 3
 5057 6632 8
 5058 13248 16
 5059 4962 6
 5060 12390 15
 5061 7425 9
 5062 14008 17
 5063 4938 6
 5064 9042 11
 5065 8210 10
 5066 820 1
 5067 13104 16
 5068 4908 6
 5069 4085 5
 5070 5712 7
 5071 16300 20
 5072 16280 20
 5073 7317 9
 5074 10556 13
 5075 4055 5
 5076 5670 7
 5077 6472 8
 5078 12928 16
 5079 6456 8
 5080 16120 20
 5081 11270 14
 5082 12060 15
 5083 7227 9
 5084 9624 12
 5085 12015 15
 5086 4000 5
 5087 11985 15
 5088 7980 10
 5089 1594 2
 5090 15920 20
 5091 8745 11
 5092 3970 5
 5093 4758 6
 5094 4752 6
 5095 791 1
 5096 3160 4
 5097 15780 20
 5098 12608 16
 5099 15740 20
 5100 786 1
 5101 4710 6
 5102 8624 11
 5103 13311 17
 5104 7820 10
 5105 4686 6
 5106 7020 9
 5107 9348 12
 5108 4668 6
 5109 5439 7
 5110 12416 16
 5111 15500 20
 5112 7740 10
 5113 773 1
 5114 10808 14
 5115 15420 20
 5116 770 1
 5117 15380 20
 5118 11520 15
 5119 1534 2
 5120 766 1
 5121 7650 10
 5122 764 1
 5123 6867 9
 5124 2286 3
 5125 13698 18
 5126 11400 15
 5127 9108 12
 5128 4548 6
 5129 7570 10
 5130 7560 10
 5131 1510 2
 5132 754 1
 5133 13554 18
 5134 12784 17
 5135 12767 17
 5136 3750 5
 5137 1498 2
 5138 3740 5
 5139 7470 10
 5140 10444 14
 5141 10430 14
 5142 5208 7
 5143 8173 11
 5144 11130 15
 5145 12597 17
 5146 1480 2
 5147 13302 18
 5148 8856 12
 5149 9581 13
 5150 5888 8
 5151 7350 10
 5152 8808 12
 5153 12461 17
 5154 12444 17
 5155 8772 12
 5156 10220 14
 5157 9477 13
 5158 14560 20
 5159 5089 7
 5160 5082 7
 5161 3625 5
 5162 3620 5
 5163 2892 4
 5164 8664 12
 5165 3605 5
 5166 7200 10
 5167 7190 10
 5168 8616 12
 5169 14340 20
 5170 5012 7
 5171 14300 20
 5172 3570 5
 5173 4278 6
 5174 9256 13
 5175 711 1
 5176 13490 19
 5177 3545 5
 5178 6372 9
 5179 12726 18
 5180 4942 7
 5181 2820 4
 5182 12672 18
 5183 14060 20
 5184 3510 5
 5185 2103 3
 5186 2100 3
 5187 6990 10
 5188 7678 11
 5189 10455 15
 5190 4176 6
 5191 11120 16
 5192 7634 11
 5193 693 1
 5194 6228 9
 5195 11747 17
 5196 12420 18
 5197 7579 11
 5198 9632 14
 5199 2748 4
 5200 2744 4
 5201 5480 8
 5202 6156 9
 5203 6147 9
 5204 6138 9
 5205 2724 4
 5206 10200 15
 5207 2716 4
 5208 5424 8
 5209 9478 14
 5210 8788 13
 5211 7425 11
 5212 7414 11
 5213 10768 16
 5214 3360 5
 5215 3355 5
 5216 2010 3
 5217 13380 20
 5218 4008 6
 5219 8004 12
 5220 7992 12
 5221 11305 17
 5222 664 1
 5223 663 1
 5224 11916 18
 5225 11898 18
 5226 2640 4
 5227 5931 9
 5228 7896 12
 5229 1971 3
 5230 10496 16
 5231 11135 17
 5232 9156 14
 5233 12407 19
 5234 10432 16
 5235 7161 11
 5236 3900 6
 5237 5192 8
 5238 1296 2
 5239 10352 16
 5240 7752 12
 5241 6450 10
 5242 3220 5
 5243 5144 8
 5244 2568 4
 5245 1282 2
 5246 4480 7
 5247 4473 7
 5248 5104 8
 5249 3185 5
 5250 11448 18
 5251 8255 13
 5252 1268 2
 5253 4431 7
 5254 6952 11
 5255 4417 7
 5256 1890 3
 5257 10693 17
 5258 9420 15
 5259 5643 9
 5260 4382 7
 5261 12500 20
 5262 3120 5
 5263 5607 9
 5264 11196 18
 5265 11799 19
 5266 10540 17
 5267 1857 3
 5268 4326 7
 5269 9255 15
 5270 7392 12
 5271 1230 2
 5272 10438 17
 5273 3065 5
 5274 8568 14
 5275 2444 4
 5276 10370 17
 5277 6090 10
 5278 6688 11
 5279 4249 7
 5280 3030 5
 5281 1210 2
 5282 604 1
 5283 7236 12
 5284 5418 9
 5285 7813 13
 5286 3600 6
 5287 4193 7
 5288 4186 7
 5289 10149 17
 5290 2384 4
 5291 4165 7
 5292 7128 12
 5293 3558 6
 5294 7696 13
 5295 1773 3
 5296 6490 11
 5297 4712 8
 5298 2352 4
 5299 8218 14
 5300 7032 12
 5301 5850 10
 5302 3504 6
 5303 2915 5
 5304 2910 5
 5305 9877 17
 5306 11600 20
 5307 11001 19
 5308 6358 11
 5309 7501 13
 5310 6336 11
 5311 6900 12
 5312 4018 7
 5313 9168 16
 5314 9724 17
 5315 9136 16
 5316 7410 13
 5317 6259 11
 5318 5112 9
 5319 4536 8
 5320 9622 17
 5321 10735 19
 5322 7896 14
 5323 7319 13
 5324 8992 16
 5325 10659 19
 5326 7280 13
 5327 3354 6
 5328 3906 7
 5329 4456 8
 5330 6116 11
 5331 7215 13
 5332 8864 16
 5333 3318 6
 5334 1656 3
 5335 9918 18
 5336 1100 2
 5337 7137 13
 5338 10412 19
 5339 10393 19
 5340 9828 18
 5341 7630 14
 5342 7072 13
 5343 5430 10
 5344 1626 3
 5345 7574 14
 5346 10260 19
 5347 8624 16
 5348 4304 8
 5349 8055 15
 5350 7504 14
 5351 3745 7
 5352 6408 12
 5353 6396 12
 5354 10108 19
 5355 4248 8
 5356 10600 20
 5357 8464 16
 5358 4224 8
 5359 10013 19
 5360 6312 12
 5361 525 1
 5362 1572 3
 5363 7845 15
 5364 522 1
 5365 6773 13
 5366 1560 3
 5367 3114 6
 5368 3626 7
 5369 1034 2
 5370 9804 19
 5371 6695 13
 5372 4112 8
 5373 8208 16
 5374 8192 16
 5375 7154 14
 5376 1530 3
 5377 6617 13
 5378 3048 6
 5379 1521 3
 5380 506 1
 5381 5050 10
 5382 10080 20
 5383 4527 9
 5384 1004 2
 5385 8517 17
 5386 2000 4
 5387 8483 17
 5388 3984 8
 5389 1491 3
 5390 4464 9
 5391 6435 13
 5392 4446 9
 5393 9367 19
 5394 9840 20
 5395 6383 13
 5396 9800 20
 5397 3912 8
 5398 3904 8
 5399 2922 6
 5400 2916 6
 5401 9700 20
 5402 7260 15
 5403 8211 17
 5404 4338 9
 5405 8658 18
 5406 480 1
 5407 6706 14
 5408 4302 9
 5409 8586 18
 5410 1428 3
 5411 1900 4
 5412 2370 5
 5413 6149 13
 5414 2832 6
 5415 7536 16
 5416 4700 10
 5417 4221 9
 5418 3744 8
 5419 4670 10
 5420 1864 4
 5421 2325 5
 5422 5568 12
 5423 7408 16
 5424 6468 14
 5425 1383 3
 5426 5520 12
 5427 5049 11
 5428 8244 18
 5429 1828 4
 5430 7752 17
 5431 3640 8
 5432 908 2
 5433 906 2
 5434 7232 16
 5435 4510 10
 5436 450 1
 5437 8082 18
 5438 896 2
 5439 5811 13
 5440 8920 20
 5441 8455 19
 5442 3996 9
 5443 6202 14
 5444 3978 9
 5445 4851 11
 5446 7920 18
 5447 2195 5
 5448 6132 14
 5449 5244 12
 5450 8720 20
 5451 5220 12
 5452 3906 9
 5453 4763 11
 5454 8208 19
 5455 2586 6
 5456 3010 7
 5457 3861 9
 5458 5564 13
 5459 1708 4
 5460 4260 10
 5461 1700 4
 5462 4664 11
 5463 4653 11
 5464 3798 9
 5465 7578 18
 5466 4620 11
 5467 3352 8
 5468 418 1
 5469 5004 12
 5470 4160 10
 5471 6640 16
 5472 8280 20
 5473 7847 19
 5474 1648 4
 5475 3699 9
 5476 820 2
 5477 1636 4
 5478 2040 5
 5479 6512 16
 5480 7714 19
 5481 6885 17
 5482 2424 6
 5483 1209 3
 5484 3618 9
 5485 3208 8
 5486 2000 5
 5487 5985 15
 5488 3980 10
 5489 4367 11
 5490 1980 5
 5491 5530 14
 5492 5122 13
 5493 3930 10
 5494 7056 18
 5495 2346 6
 5496 6630 17
 5497 6224 16
 5498 3492 9
 5499 2709 7
 5500 1158 3
 5501 6160 16
 5502 2688 7
 5503 4213 11
 5504 7640 20
 5505 4572 12
 5506 7220 19
 5507 3032 8
 5508 3780 10
 5509 2262 6
 5510 1504 4
 5511 4125 11
 5512 6732 18
 5513 6341 17
 5514 4464 12
 5515 371 1
 5516 4810 13
 5517 3321 9
 5518 5520 15
 5519 5505 15
 5520 5856 16
 5521 4745 13
 5522 3276 9
 5523 2541 7
 5524 2172 6
 5525 722 2
 5526 2160 6
 5527 359 1
 5528 4296 12
 5529 4641 13
 5530 5340 15
 5531 1420 4
 5532 4248 12
 5533 5295 15
 5534 704 2
 5535 3510 10
 5536 7000 20
 5537 6282 18
 5538 2784 8
 5539 4164 12
 5540 3806 11
 5541 345 1
 5542 1720 5
 5543 1715 5
 5544 1368 4
 5545 4774 14
 5546 6800 20
 5547 4746 14
 5548 6084 18
 5549 2696 8
 5550 5712 17
 5551 6700 20
 5552 5678 17
 5553 3996 12
 5554 1660 5
 5555 5296 16
 5556 5940 18
 5557 3290 10
 5558 2952 9
 5559 981 3
 5560 3586 11
 5561 6175 19
 5562 1944 6
 5563 3553 11
 5564 2576 8
 5565 6420 20
 5566 5760 18
 5567 319 1
 5568 5406 17
 5569 6023 19
 5570 1264 4
 5571 5355 17
 5572 5652 18
 5573 1565 5
 5574 5616 18
 5575 4043 13
 5576 4960 16
 5577 2472 8
 5578 924 3
 5579 2456 8
 5580 5508 18
 5581 3660 12
 5582 2432 8
 5583 3939 13
 5584 5436 18
 5585 3010 10
 5586 1200 4
 5587 3588 12
 5588 1192 4
 5589 5049 17
 5590 2368 8
 5591 3835 13
 5592 5292 18
 5593 3809 13
 5594 4672 16
 5595 2619 9
 5596 290 1
 5597 5202 18
 5598 3168 11
 5599 2296 8
 5600 5434 19
 5601 3705 13
 5602 1420 5
 5603 2264 8
 5604 2538 9
 5605 1967 7
 5606 4760 17
 5607 3348 12
 5608 5560 20
 5609 2770 10
 5610 1380 5
 5611 3300 12
 5612 2466 9
 5613 1365 5
 5614 816 3
 5615 4336 16
 5616 2430 9
 5617 1883 7
 5618 3484 13
 5619 4539 17
 5620 2394 9
 5621 2385 9
 5622 528 2
 5623 3419 13
 5624 2358 9
 5625 2088 8
 5626 4160 16
 5627 2331 9
 5628 3612 14
 5629 4112 16
 5630 768 3
 5631 1275 5
 5632 1270 5
 5633 2277 9
 5634 252 1
 5635 1004 4
 5636 1500 6
 5637 4233 17
 5638 4216 17
 5639 4693 19
 5640 984 4
 5641 245 1
 5642 3172 13
 5643 1458 6
 5644 242 1
 5645 1446 6
 5646 4080 17
 5647 4063 17
 5648 238 1
 5649 237 1
 5650 1416 6
 5651 470 2
 5652 4680 20
 5653 1165 5
 5654 464 2
 5655 1386 6
 5656 2300 10
 5657 4351 19
 5658 1368 6
 5659 3178 14
 5660 1808 8
 5661 4500 20
 5662 3584 16
 5663 1338 6
 5664 444 2
 5665 2431 11
 5666 3300 15
 5667 4380 20
 5668 3924 18
 5669 1953 9
 5670 3672 17
 5671 1075 5
 5672 3210 15
 5673 2130 10
 5674 212 1
 5675 1266 6
 5676 3570 17
 5677 2926 14
 5678 3744 18
 5679 2691 13
 5680 3708 18
 5681 2050 10
 5682 1224 6
 5683 812 4
 5684 2828 14
 5685 804 4
 5686 600 3
 5687 2985 15
 5688 2970 15
 5689 2955 15
 5690 2548 13
 5691 1755 9
 5692 2716 14
 5693 965 5
 5694 192 1
 5695 2865 15
 5696 3800 20
 5697 1512 8
 5698 1692 9
 5699 187 1
 5700 2790 15
 5701 555 3
 5702 3128 17
 5703 1464 8
 5704 1820 10
 5705 3439 19
 5706 2520 14
 5707 3580 20
 5708 534 3
 5709 1416 8
 5710 704 4
 5711 175 1
 5712 174 1
 5713 2076 12
 5714 516 3
 5715 1710 10
 5716 2720 16
 5717 676 4
 5718 2520 15
 5719 2505 15
 5720 996 6
 5721 2145 13
 5722 164 1
 5723 163 1
 5724 2592 16
 5725 2093 13
 5726 2880 18
 5727 159 1
 5728 316 2
 5729 157 1
 5730 1560 10
 5731 2635 17
 5732 308 2
 5733 1989 13
 5734 1368 9
 5735 2416 16
 5736 2700 18
 5737 1043 7
 5738 1924 13
 5739 2205 15
 5740 1898 13
 5741 1885 13
 5742 864 6
 5743 858 6
 5744 2556 18
 5745 2820 20
 5746 1260 9
 5747 1390 10
 5748 138 1
 5749 1781 13
 5750 2312 17
 5751 135 1
 5752 2412 18
 5753 1463 11
 5754 2112 16
 5755 2227 17
 5756 910 7
 5757 1419 11
 5758 128 1
 5759 889 7
 5760 882 7
 5761 500 4
 5762 2108 17
 5763 369 3
 5764 2074 17
 5765 484 4
 5766 240 2
 5767 2261 19
 5768 1652 14
 5769 2223 19
 5770 1624 14
 5771 460 4
 5772 1938 17
 5773 1582 14
 5774 1008 9
 5775 333 3
 5776 990 9
 5777 872 8
 5778 864 8
 5779 856 8
 5780 106 1
 5781 840 8
 5782 936 9
 5783 1236 12
 5784 1530 15
 5785 1010 10
 5786 600 6
 5787 990 10
 5788 882 9
 5789 582 6
 5790 480 5
 5791 950 10
 5792 1222 13
 5793 93 1
 5794 1472 16
 5795 910 10
 5796 1620 18
 5797 1513 17
 5798 1760 20
 5799 1479 17
 5800 1548 18
 5801 1190 14
 5802 84 1
 5803 996 12
 5804 82 1
 5805 1215 15
 5806 640 8
 5807 474 6
 5808 234 3
 5809 231 3
 5810 380 5
 5811 1425 19
 5812 518 7
 5813 803 11
 5814 1008 14
 5815 1349 19
 5816 1400 20
 5817 1242 18
 5818 204 3
 5819 335 5
 5820 1122 17
 5821 585 9
 5822 1088 17
 5823 1260 20
 5824 124 2
 5825 1098 18
 5826 240 4
 5827 649 11
 5828 290 5
 5829 171 3
 5830 168 3
 5831 660 12
 5832 1026 19
 5833 636 12
 5834 884 17
 5835 459 9
 5836 500 10
 5837 686 14
 5838 720 15
 5839 940 20
 5840 230 5
 5841 360 8
 5842 792 18
 5843 43 1
 5844 420 10
 5845 697 17
 5846 80 2
 5847 390 10
 5848 114 3
 5849 703 19
 5850 396 11
 5851 280 8
 5852 374 11
 5853 528 16
 5854 32 1
 5855 155 5
 5856 270 9
 5857 406 14
 5858 84 3
 5859 216 8
 5860 442 17
 5861 150 6
 5862 48 2
 5863 414 18
 5864 308 14
 5865 399 19
 5866 320 16
 5867 266 14
 5868 270 15
 5869 136 8
 5870 192 12
 5871 150 10
 5872 70 5
 5873 26 2
 5874 228 19
 5875 165 15
 5876 80 8
 5877 9 1
 5878 72 9
 5879 119 17
 5880 48 8
 5881 65 13
 5882 56 14
 5883 51 17
 5884 4 2
 5885 17 17
70620