627
 1 6270 10
 2 4382 7
 3 6875 11
 4 8112 13
 5 9345 15
 6 11196 18
 7 8073 13
 8 11780 19
 9 619 1
 10 1854 3
 11 7404 12
 12 11088 18
 13 6765 11
 14 4298 7
 15 7356 12
 16 12240 20
 17 11609 19
 18 6710 11
 19 9135 15
 20 10336 17
 21 9712 16
 22 2424 4
 23 7260 12
 24 7852 13
 25 7236 12
 26 5418 9
 27 5409 9
 28 11400 19
 29 8386 14
 30 7774 13
 31 2985 5
 32 10132 17
 33 2975 5
 34 9504 16
 35 7709 13
 36 8288 14
 37 8274 14
 38 1180 2
 39 5301 9
 40 1176 2
 41 3522 6
 42 8204 14
 43 5265 9
 44 8176 14
 45 5830 10
 46 7566 13
 47 2905 5
 48 9280 16
 49 10422 18
 50 11560 20
 51 4616 8
 52 8640 15
 53 2875 5
 54 8610 15
 55 7449 13
 56 1144 2
 57 9136 16
 58 4560 8
 59 6259 11
 60 7384 13
 61 10206 18
 62 2830 5
 63 11300 20
 64 564 1
 65 10697 19
 66 7306 13
 67 7293 13
 68 9520 17
 69 8385 15
 70 558 1
 71 8912 16
 72 11120 20
 73 6105 11
 74 3324 6
 75 1659 3
 76 2208 4
 77 10469 19
 78 3850 7
 79 6039 11
 80 6576 12
 81 1641 3
 82 1638 3
 83 1635 3
 84 4896 9
 85 4887 9
 86 9214 17
 87 6492 12
 88 3240 6
 89 5390 10
 90 1076 2
 91 5907 11
 92 536 1
 93 4280 8
 94 3204 6
 95 7462 14
 96 6384 12
 97 1062 2
 98 5830 11
 99 7406 14
 100 4224 8
 101 8432 16
 102 7364 14
 103 5775 11
 104 9432 18
 105 6799 13
 106 10440 20
 107 10420 20
 108 3120 6
 109 2595 5
 110 4662 9
 111 2585 5
 112 7740 15
 113 5150 10
 114 4626 9
 115 5130 10
 116 2048 4
 117 4599 9
 118 6120 12
 119 5599 11
 120 6096 12
 121 507 1
 122 4554 9
 123 10100 20
 124 5040 10
 125 1509 3
 126 8032 16
 127 3006 6
 128 6000 12
 129 6487 13
 130 4482 9
 131 2485 5
 132 1488 3
 133 3465 7
 134 988 2
 135 7395 15
 136 4428 9
 137 9820 20
 138 8820 18
 139 3912 8
 140 9760 20
 141 487 1
 142 6804 14
 143 4365 9
 144 968 2
 145 4830 10
 146 964 2
 147 4810 10
 148 7200 15
 149 4311 9
 150 3346 7
 151 2385 5
 152 8092 17
 153 8075 17
 154 5688 12
 155 1419 3
 156 4720 10
 157 7065 15
 158 2820 6
 159 6097 13
 160 1872 4
 161 7939 17
 162 5126 11
 163 2325 5
 164 5568 12
 165 8797 19
 166 4620 10
 167 461 1
 168 5520 12
 169 2754 6
 170 3206 7
 171 2742 6
 172 456 1
 173 3640 8
 174 4540 10
 175 8154 18
 176 452 1
 177 2706 6
 178 5400 12
 179 4041 9
 180 8960 20
 181 3576 8
 182 1338 3
 183 3560 8
 184 6660 15
 185 886 2
 186 1768 4
 187 7056 16
 188 5720 13
 189 7902 18
 190 2628 6
 191 8303 19
 192 7848 18
 193 435 1
 194 868 2
 195 7361 17
 196 2160 5
 197 2155 5
 198 430 1
 199 4719 11
 200 6420 15
 201 2135 5
 202 7668 18
 203 6800 16
 204 8480 20
 205 3807 9
 206 8440 20
 207 2105 5
 208 2940 7
 209 6704 16
 210 6688 16
 211 7923 19
 212 7072 17
 213 3320 8
 214 5382 13
 215 413 1
 216 3708 9
 217 6987 17
 218 6970 17
 219 6135 15
 220 6528 16
 221 407 1
 222 5278 13
 223 2835 7
 224 7676 19
 225 4030 10
 226 5226 13
 227 4812 12
 228 4800 12
 229 3990 10
 230 3980 10
 231 1985 5
 232 3168 8
 233 7110 18
 234 788 2
 235 2751 7
 236 1568 4
 237 2737 7
 238 1950 5
 239 4668 12
 240 5820 15
 241 1935 5
 242 1930 5
 243 2695 7
 244 3456 9
 245 7660 20
 246 1910 5
 247 4572 12
 248 3800 10
 249 5306 14
 250 756 2
 251 2262 6
 252 5640 15
 253 6750 18
 254 5236 14
 255 5968 16
 256 5208 14
 257 3710 10
 258 5550 15
 259 1845 5
 260 2576 7
 261 2202 6
 262 2928 8
 263 6935 19
 264 1456 4
 265 1452 4
 266 2172 6
 267 3249 9
 268 5400 15
 269 4667 13
 270 1432 4
 271 2142 6
 272 5696 16
 273 4260 12
 274 3894 11
 275 2824 8
 276 2816 8
 277 3159 9
 278 5250 15
 279 4188 12
 280 348 1
 281 5205 15
 282 3460 10
 283 5865 17
 284 2752 8
 285 2401 7
 286 3762 11
 287 4774 14
 288 2720 8
 289 5763 17
 290 5408 16
 291 6066 18
 292 672 2
 293 3015 9
 294 2672 8
 295 4995 15
 296 332 1
 297 1324 4
 298 1650 5
 299 5593 17
 300 3280 10
 301 327 1
 302 6520 20
 303 3575 11
 304 4860 15
 305 1938 6
 306 3864 12
 307 6099 19
 308 2240 7
 309 2233 7
 310 954 3
 311 634 2
 312 6004 19
 313 4725 15
 314 314 1
 315 4069 13
 316 3432 11
 317 1866 6
 318 5580 18
 319 3708 12
 320 4928 16
 321 3070 10
 322 3978 13
 323 915 3
 324 4864 16
 325 6060 20
 326 3020 10
 327 301 1
 328 3600 12
 329 5382 18
 330 894 3
 331 5643 19
 332 3848 13
 333 1180 4
 334 4998 17
 335 3516 12
 336 4088 14
 337 2910 10
 338 2030 7
 339 5491 19
 340 4896 17
 341 3157 11
 342 4862 17
 343 4275 15
 344 852 3
 345 4528 16
 346 1692 6
 347 4215 15
 348 3920 14
 349 3348 12
 350 556 2
 351 4709 17
 352 4968 18
 353 1375 5
 354 3836 14
 355 5187 19
 356 1360 5
 357 5149 19
 358 270 1
 359 3766 14
 360 4556 17
 361 2670 10
 362 2926 11
 363 2915 11
 364 3960 15
 365 3419 13
 366 4192 16
 367 2610 10
 368 3120 12
 369 1813 7
 370 1290 5
 371 257 1
 372 2560 10
 373 3315 13
 374 2032 8
 375 4807 19
 376 2520 10
 377 3012 12
 378 1000 4
 379 1245 5
 380 2232 9
 381 4693 19
 382 4920 20
 383 1225 5
 384 488 2
 385 4860 20
 386 1694 7
 387 2169 9
 388 4080 17
 389 3585 15
 390 1904 8
 391 3555 15
 392 2124 9
 393 3995 17
 394 468 2
 395 2097 9
 396 4640 20
 397 3696 16
 398 3910 17
 399 1603 7
 400 2280 10
 401 3632 16
 402 1130 5
 403 4500 20
 404 2912 13
 405 4460 20
 406 1776 8
 407 3757 17
 408 3740 17
 409 3942 18
 410 3488 16
 411 434 2
 412 864 4
 413 4085 19
 414 2782 13
 415 4260 20
 416 424 2
 417 2954 14
 418 3990 19
 419 836 4
 420 3952 19
 421 2277 11
 422 2678 13
 423 205 1
 424 204 1
 425 3248 16
 426 2020 10
 427 804 4
 428 2400 12
 429 995 5
 430 198 1
 431 2758 14
 432 2744 14
 433 2535 13
 434 3104 16
 435 3667 19
 436 1920 10
 437 3438 18
 438 1900 10
 439 3591 19
 440 3572 19
 441 1683 9
 442 3534 19
 443 2960 16
 444 3496 19
 445 2928 16
 446 364 2
 447 1810 10
 448 3600 20
 449 3580 20
 450 2670 15
 451 2655 15
 452 1936 11
 453 1575 9
 454 870 5
 455 346 2
 456 1548 9
 457 2052 12
 458 1700 10
 459 507 3
 460 168 1
 461 3340 20
 462 332 2
 463 660 4
 464 3116 19
 465 1630 10
 466 810 5
 467 1932 12
 468 2240 14
 469 636 4
 470 2528 16
 471 157 1
 472 2808 18
 473 1085 7
 474 1540 10
 475 2907 19
 476 2432 16
 477 151 1
 478 2850 19
 479 596 4
 480 2960 20
 481 1176 8
 482 730 5
 483 2755 19
 484 2592 18
 485 2717 19
 486 142 1
 487 564 4
 488 1400 10
 489 556 4
 490 2760 20
 491 2055 15
 492 1768 13
 493 2295 17
 494 1206 9
 495 133 1
 496 1848 14
 497 2227 17
 498 650 5
 499 387 3
 500 2048 16
 501 762 6
 502 2268 18
 503 1125 9
 504 1364 11
 505 2214 18
 506 1220 10
 507 1573 13
 508 2160 18
 509 1785 15
 510 1180 10
 511 1872 16
 512 696 6
 513 2185 19
 514 1254 11
 515 2034 18
 516 1344 12
 517 999 9
 518 550 5
 519 1635 15
 520 1836 17
 521 2140 20
 522 212 2
 523 945 9
 524 1976 19
 525 927 9
 526 1224 12
 527 1010 10
 528 1600 16
 529 297 3
 530 1862 19
 531 1746 18
 532 480 5
 533 950 10
 534 564 6
 535 1116 12
 536 460 5
 537 273 3
 538 1800 20
 539 1157 13
 540 88 1
 541 1131 13
 542 1118 13
 543 1615 19
 544 1008 12
 545 498 6
 546 574 7
 547 972 12
 548 320 4
 549 1501 19
 550 234 3
 551 616 8
 552 1444 19
 553 1425 19
 554 1406 19
 555 949 13
 556 1224 17
 557 1065 15
 558 280 4
 559 1380 20
 560 68 1
 561 134 2
 562 1056 16
 563 130 2
 564 1280 20
 565 882 14
 566 310 5
 567 366 6
 568 360 6
 569 236 4
 570 812 14
 571 627 11
 572 448 8
 573 550 10
 574 810 15
 575 371 7
 576 936 18
 577 765 15
 578 600 12
 579 735 15
 580 912 19
 581 611 13
 582 230 5
 583 135 3
 584 176 4
 585 516 12
 586 672 16
 587 697 17
 588 520 13
 589 273 7
 590 114 3
 591 111 3
 592 720 20
 593 105 3
 594 476 14
 595 99 3
 596 288 9
 597 403 13
 598 390 13
 599 174 6
 600 56 2
 601 135 5
 602 182 7
 603 400 16
 604 312 13
 605 161 7
 606 110 5
 607 315 15
 608 400 20
 609 228 12
 610 126 7
 611 136 8
 612 128 8
 613 195 13
 614 196 14
 615 91 7
 616 180 15
 617 198 18
 618 110 11
 619 171 19
 620 32 4
 621 140 20
 622 108 18
 623 60 12
 624 36 9
 625 6 2
 626 6 3
 627 11 11
6897