627
 1 8151 13
 2 6897 11
 3 8778 14
 4 1254 2
 5 6897 11
 6 1254 2
 7 1254 2
 8 1881 3
 9 3135 5
 10 10032 16
 11 8151 13
 12 1254 2
 13 6270 10
 14 1881 3
 15 5643 9
 16 4389 7
 17 3135 5
 18 5643 9
 19 2508 4
 20 11913 19
 21 5643 9
 22 1254 2
 23 5016 8
 24 6270 10
 25 7524 12
 26 627 1
 27 8151 13
 28 5643 9
 29 5643 9
 30 10659 17
 31 5016 8
 32 8151 13
 33 3135 5
 34 1254 2
 35 3135 5
 36 3135 5
 37 7524 12
 38 7524 12
 39 1254 2
 40 6897 11
 41 5643 9
 42 5016 8
 43 7524 12
 44 4389 7
 45 5643 9
 46 7524 12
 47 627 1
 48 10659 17
 49 5016 8
 50 6897 11
 51 9405 15
 52 4389 7
 53 6897 11
 54 6897 11
 55 11286 18
 56 5016 8
 57 6270 10
 58 9405 15
 59 2508 4
 60 627 1
 61 2508 4
 62 7524 12
 63 5016 8
 64 2508 4
 65 7524 12
 66 6897 11
 67 5643 9
 68 5643 9
 69 1881 3
 70 9405 15
 71 627 1
 72 3135 5
 73 6897 11
 74 627 1
 75 10032 16
 76 11286 18
 77 627 1
 78 1254 2
 79 11286 18
 80 1254 2
 81 3762 6
 82 3762 6
 83 10032 16
 84 11286 18
 85 3762 6
 86 8778 14
 87 3135 5
 88 12540 20
 89 6270 10
 90 5643 9
 91 12540 20
 92 8778 14
 93 2508 4
 94 6897 11
 95 8778 14
 96 5016 8
 97 11913 19
 98 11913 19
 99 10032 16
 100 6897 11
 101 6270 10
 102 6897 11
 103 3135 5
 104 10032 16
 105 3762 6
 106 627 1
 107 7524 12
 108 10032 16
 109 6270 10
 110 11913 19
 111 12540 20
 112 5016 8
 113 6897 11
 114 11913 19
 115 1881 3
 116 7524 12
 117 6270 10
 118 8151 13
 119 6270 10
 120 5016 8
 121 10032 16
 122 4389 7
 123 5016 8
 124 5643 9
 125 9405 15
 126 10659 17
 127 12540 20
 128 3135 5
 129 7524 12
 130 5643 9
 131 627 1
 132 12540 20
 133 3762 6
 134 12540 20
 135 3762 6
 136 3762 6
 137 6897 11
 138 4389 7
 139 5643 9
 140 2508 4
 141 11913 19
 142 1254 2
 143 3135 5
 144 3762 6
 145 5643 9
 146 8778 14
 147 11286 18
 148 10032 16
 149 3135 5
 150 11286 18
 151 11913 19
 152 1254 2
 153 10659 17
 154 5643 9
 155 9405 15
 156 10659 17
 157 10659 17
 158 12540 20
 159 11286 18
 160 4389 7
 161 2508 4
 162 11913 19
 163 1881 3
 164 9405 15
 165 8151 13
 166 10032 16
 167 3762 6
 168 1254 2
 169 10659 17
 170 3135 5
 171 8151 13
 172 4389 7
 173 8151 13
 174 11286 18
 175 9405 15
 176 12540 20
 177 11286 18
 178 5016 8
 179 6897 11
 180 2508 4
 181 4389 7
 182 9405 15
 183 8778 14
 184 12540 20
 185 11286 18
 186 3135 5
 187 6270 10
 188 5643 9
 189 6270 10
 190 11286 18
 191 4389 7
 192 12540 20
 193 1254 2
 194 4389 7
 195 6270 10
 196 3762 6
 197 11913 19
 198 11286 18
 199 10659 17
 200 3762 6
 201 3762 6
 202 6897 11
 203 5643 9
 204 5643 9
 205 6897 11
 206 12540 20
 207 1254 2
 208 10659 17
 209 6270 10
 210 3135 5
 211 4389 7
 212 6270 10
 213 5016 8
 214 11286 18
 215 12540 20
 216 8151 13
 217 7524 12
 218 8151 13
 219 627 1
 220 627 1
 221 2508 4
 222 627 1
 223 11913 19
 224 627 1
 225 3135 5
 226 1881 3
 227 11286 18
 228 6897 11
 229 8151 13
 230 10659 17
 231 1254 2
 232 8778 14
 233 3762 6
 234 6897 11
 235 5016 8
 236 6270 10
 237 11286 18
 238 5643 9
 239 7524 12
 240 7524 12
 241 4389 7
 242 4389 7
 243 627 1
 244 1881 3
 245 8151 13
 246 6270 10
 247 627 1
 248 3762 6
 249 10659 17
 250 11913 19
 251 8778 14
 252 8151 13
 253 10032 16
 254 1881 3
 255 6897 11
 256 11286 18
 257 3762 6
 258 7524 12
 259 10659 17
 260 1254 2
 261 10659 17
 262 6897 11
 263 8778 14
 264 11286 18
 265 11913 19
 266 7524 12
 267 6897 11
 268 11913 19
 269 7524 12
 270 12540 20
 271 11286 18
 272 5016 8
 273 9405 15
 274 10032 16
 275 10659 17
 276 3135 5
 277 7524 12
 278 10032 16
 279 12540 20
 280 1254 2
 281 7524 12
 282 8778 14
 283 10659 17
 284 8151 13
 285 3762 6
 286 10032 16
 287 8778 14
 288 1254 2
 289 5643 9
 290 11913 19
 291 7524 12
 292 8778 14
 293 11913 19
 294 2508 4
 295 3135 5
 296 1254 2
 297 5016 8
 298 5643 9
 299 11286 18
 300 8778 14
 301 1881 3
 302 8778 14
 303 12540 20
 304 5016 8
 305 1881 3
 306 7524 12
 307 7524 12
 308 11913 19
 309 11913 19
 310 6270 10
 311 627 1
 312 2508 4
 313 10659 17
 314 627 1
 315 11286 18
 316 1881 3
 317 6897 11
 318 8151 13
 319 9405 15
 320 6270 10
 321 9405 15
 322 3135 5
 323 2508 4
 324 9405 15
 325 3135 5
 326 6270 10
 327 7524 12
 328 627 1
 329 8151 13
 330 8151 13
 331 3135 5
 332 8151 13
 333 3135 5
 334 5016 8
 335 12540 20
 336 5016 8
 337 3135 5
 338 8778 14
 339 4389 7
 340 2508 4
 341 1881 3
 342 11913 19
 343 2508 4
 344 10659 17
 345 9405 15
 346 3762 6
 347 11913 19
 348 9405 15
 349 3135 5
 350 8151 13
 351 5643 9
 352 11286 18
 353 6270 10
 354 4389 7
 355 3135 5
 356 6897 11
 357 9405 15
 358 1254 2
 359 2508 4
 360 2508 4
 361 1254 2
 362 8778 14
 363 5643 9
 364 10659 17
 365 6270 10
 366 5643 9
 367 6270 10
 368 6270 10
 369 6897 11
 370 1254 2
 371 3762 6
 372 12540 20
 373 7524 12
 374 1881 3
 375 5016 8
 376 1254 2
 377 11286 18
 378 10032 16
 379 4389 7
 380 2508 4
 381 8151 13
 382 4389 7
 383 7524 12
 384 5643 9
 385 3762 6
 386 12540 20
 387 1881 3
 388 3762 6
 389 6897 11
 390 10659 17
 391 4389 7
 392 11286 18
 393 627 1
 394 3135 5
 395 5643 9
 396 1254 2
 397 8778 14
 398 4389 7
 399 1254 2
 400 6270 10
 401 1254 2
 402 2508 4
 403 3762 6
 404 2508 4
 405 5016 8
 406 5016 8
 407 9405 15
 408 3135 5
 409 10659 17
 410 6270 10
 411 10659 17
 412 8778 14
 413 8778 14
 414 11286 18
 415 8151 13
 416 10659 17
 417 1254 2
 418 8151 13
 419 10659 17
 420 5643 9
 421 1881 3
 422 1881 3
 423 8151 13
 424 5643 9
 425 627 1
 426 1254 2
 427 4389 7
 428 6270 10
 429 6270 10
 430 9405 15
 431 1881 3
 432 6897 11
 433 5016 8
 434 10659 17
 435 11286 18
 436 3762 6
 437 8151 13
 438 11913 19
 439 8778 14
 440 5016 8
 441 5016 8
 442 8151 13
 443 9405 15
 444 3135 5
 445 3135 5
 446 7524 12
 447 10032 16
 448 6897 11
 449 10032 16
 450 8151 13
 451 8778 14
 452 1881 3
 453 4389 7
 454 3762 6
 455 10659 17
 456 10032 16
 457 8778 14
 458 11913 19
 459 10659 17
 460 7524 12
 461 11913 19
 462 1881 3
 463 8151 13
 464 11913 19
 465 1881 3
 466 11913 19
 467 9405 15
 468 8778 14
 469 8778 14
 470 1881 3
 471 8778 14
 472 3762 6
 473 12540 20
 474 8778 14
 475 4389 7
 476 10032 16
 477 10659 17
 478 10659 17
 479 7524 12
 480 9405 15
 481 10659 17
 482 1881 3
 483 4389 7
 484 9405 15
 485 11286 18
 486 6897 11
 487 5643 9
 488 11913 19
 489 10659 17
 490 5016 8
 491 11286 18
 492 12540 20
 493 2508 4
 494 5643 9
 495 6897 11
 496 5643 9
 497 9405 15
 498 5643 9
 499 8778 14
 500 5643 9
 501 12540 20
 502 8151 13
 503 3135 5
 504 9405 15
 505 5643 9
 506 1254 2
 507 10659 17
 508 6270 10
 509 12540 20
 510 8151 13
 511 11286 18
 512 2508 4
 513 6270 10
 514 8778 14
 515 8151 13
 516 9405 15
 517 6270 10
 518 6897 11
 519 11286 18
 520 11913 19
 521 3135 5
 522 9405 15
 523 10659 17
 524 5643 9
 525 10032 16
 526 2508 4
 527 11286 18
 528 2508 4
 529 8151 13
 530 11913 19
 531 6897 11
 532 3135 5
 533 6897 11
 534 7524 12
 535 1881 3
 536 627 1
 537 6270 10
 538 6270 10
 539 3135 5
 540 627 1
 541 627 1
 542 8778 14
 543 1881 3
 544 3135 5
 545 12540 20
 546 10659 17
 547 9405 15
 548 6897 11
 549 627 1
 550 6270 10
 551 5016 8
 552 2508 4
 553 5643 9
 554 4389 7
 555 10032 16
 556 10659 17
 557 10032 16
 558 9405 15
 559 1254 2
 560 10032 16
 561 11913 19
 562 10659 17
 563 12540 20
 564 627 1
 565 10032 16
 566 8151 13
 567 5016 8
 568 12540 20
 569 1254 2
 570 11286 18
 571 4389 7
 572 9405 15
 573 5016 8
 574 9405 15
 575 4389 7
 576 8778 14
 577 2508 4
 578 3762 6
 579 9405 15
 580 6897 11
 581 5643 9
 582 10659 17
 583 12540 20
 584 627 1
 585 7524 12
 586 2508 4
 587 12540 20
 588 8778 14
 589 11913 19
 590 12540 20
 591 10032 16
 592 12540 20
 593 8778 14
 594 4389 7
 595 6897 11
 596 10032 16
 597 11913 19
 598 6897 11
 599 5643 9
 600 3762 6
 601 8778 14
 602 11286 18
 603 7524 12
 604 10659 17
 605 10659 17
 606 6897 11
 607 6897 11
 608 1254 2
 609 627 1
 610 3135 5
 611 8778 14
 612 5643 9
 613 1881 3
 614 6270 10
 615 6270 10
 616 1881 3
 617 5643 9
 618 8778 14
 619 10032 16
 620 8151 13
 621 8778 14
 622 1881 3
 623 12540 20
 624 8778 14
 625 5643 9
 626 1254 2
 627 11286 18
9405