721
 1 10094 14
 2 13680 19
 3 2876 4
 4 5744 8
 5 14340 20
 6 716 1
 7 12155 17
 8 6426 9
 9 713 1
 10 2848 4
 11 13509 19
 12 9230 13
 13 14180 20
 14 708 1
 15 9191 13
 16 8472 12
 17 9165 13
 18 5632 8
 19 7030 10
 20 2106 3
 21 9814 14
 22 2100 3
 23 2097 3
 24 8376 12
 25 5576 8
 26 9048 13
 27 8340 12
 28 4858 7
 29 3465 5
 30 1384 2
 31 4146 6
 32 2760 4
 33 6890 10
 34 7568 11
 35 13053 19
 36 4802 7
 37 685 1
 38 5472 8
 39 8196 12
 40 12958 19
 41 2043 3
 42 8840 13
 43 6111 9
 44 8814 13
 45 6093 9
 46 8788 13
 47 1350 2
 48 674 1
 49 3365 5
 50 6048 9
 51 5368 8
 52 670 1
 53 6690 10
 54 6680 10
 55 11339 17
 56 6660 10
 57 11970 18
 58 3984 6
 59 663 1
 60 1324 2
 61 11898 18
 62 10560 16
 63 12521 19
 64 1316 2
 65 7884 12
 66 9184 14
 67 3930 6
 68 654 1
 69 13060 20
 70 4564 7
 71 8463 13
 72 5850 9
 73 3894 6
 74 9072 14
 75 5176 8
 76 3876 6
 77 645 1
 78 12236 19
 79 4501 7
 80 8346 13
 81 5769 9
 82 1920 3
 83 6390 10
 84 7656 12
 85 9555 15
 86 6996 11
 87 8255 13
 88 8876 14
 89 2532 4
 90 8848 14
 91 10727 17
 92 10080 16
 93 10064 16
 94 8792 14
 95 8151 13
 96 3756 6
 97 8750 14
 98 1248 2
 99 9968 16
 100 11818 19
 101 6831 11
 102 1860 3
 103 9904 16
 104 1854 3
 105 10489 17
 106 11088 18
 107 3690 6
 108 614 1
 109 3065 5
 110 3060 5
 111 3055 5
 112 3050 5
 113 3654 6
 114 10944 18
 115 607 1
 116 9696 16
 117 7865 13
 118 4832 8
 119 12060 20
 120 8428 14
 121 12020 20
 122 8400 14
 123 7188 12
 124 9568 16
 125 9552 16
 126 2384 4
 127 2975 5
 128 9504 16
 129 11860 20
 130 3552 6
 131 4728 8
 132 1770 3
 133 7068 12
 134 2352 4
 135 9979 17
 136 5274 9
 137 10530 18
 138 11096 19
 139 9328 16
 140 8148 14
 141 11039 19
 142 8120 14
 143 10422 18
 144 7514 13
 145 1731 3
 146 7488 13
 147 575 1
 148 8610 15
 149 10887 19
 150 6292 11
 151 3997 7
 152 570 1
 153 4552 8
 154 9656 17
 155 7371 13
 156 9056 16
 157 8475 15
 158 2256 4
 159 5630 10
 160 1686 3
 161 2805 5
 162 3920 7
 163 1118 2
 164 1674 3
 165 7241 13
 166 1112 2
 167 11100 20
 168 6648 12
 169 7742 14
 170 7728 14
 171 3306 6
 172 9350 17
 173 8784 16
 174 8220 15
 175 4376 8
 176 8736 16
 177 6540 12
 178 7072 13
 179 2172 4
 180 9214 17
 181 7033 13
 182 5940 11
 183 8624 16
 184 7532 14
 185 6444 12
 186 10720 20
 187 9630 18
 188 3204 6
 189 7462 14
 190 7448 14
 191 9558 18
 192 6360 12
 193 1587 3
 194 528 1
 195 527 1
 196 6312 12
 197 6300 12
 198 5240 10
 199 5753 11
 200 3132 6
 201 3647 7
 202 520 1
 203 6747 13
 204 2072 4
 205 9306 18
 206 6708 13
 207 9785 19
 208 3598 7
 209 9234 18
 210 5120 10
 211 3577 7
 212 8160 16
 213 509 1
 214 4572 9
 215 4056 8
 216 3036 6
 217 8080 16
 218 5040 10
 219 1006 2
 220 1506 3
 221 9018 18
 222 3500 7
 223 9980 20
 224 1494 3
 225 994 2
 226 5952 12
 227 6930 14
 228 7904 16
 229 1972 4
 230 5904 12
 231 4419 9
 232 6370 13
 233 1467 3
 234 3416 7
 235 4870 10
 236 9720 20
 237 7275 15
 238 2420 5
 239 3864 8
 240 1446 3
 241 7696 16
 242 960 2
 243 1437 3
 244 4780 10
 245 2385 5
 246 3332 7
 247 6650 14
 248 6162 13
 249 5203 11
 250 3304 7
 251 471 1
 252 2820 6
 253 5628 12
 254 7488 16
 255 934 2
 256 5126 11
 257 3255 7
 258 2320 5
 259 2315 5
 260 5544 12
 261 2766 6
 262 4140 9
 263 8721 19
 264 2290 5
 265 6855 15
 266 8208 18
 267 455 1
 268 7718 17
 269 1359 3
 270 3164 7
 271 451 1
 272 5400 12
 273 5388 12
 274 8512 19
 275 1788 4
 276 4460 10
 277 8900 20
 278 2220 5
 279 8860 20
 280 3536 8
 281 4410 10
 282 1760 4
 283 5707 13
 284 3066 7
 285 5244 12
 286 8720 20
 287 1305 3
 288 4340 10
 289 6928 16
 290 2592 6
 291 2155 5
 292 8170 19
 293 8580 20
 294 6420 15
 295 4697 11
 296 5112 12
 297 2550 6
 298 424 1
 299 8037 19
 300 6752 16
 301 2526 6
 302 4200 10
 303 2933 7
 304 5852 14
 305 4587 11
 306 7904 19
 307 5810 14
 308 2070 5
 309 7847 19
 310 2884 7
 311 4110 10
 312 7790 19
 313 2454 6
 314 5712 14
 315 5291 13
 316 3248 8
 317 5670 14
 318 3232 8
 319 1209 3
 320 1206 3
 321 3609 9
 322 5200 13
 323 5187 13
 324 4776 12
 325 6749 17
 326 4752 12
 327 7505 19
 328 2364 6
 329 2751 7
 330 3920 10
 331 4301 11
 332 390 1
 333 7780 20
 334 1940 5
 335 7740 20
 336 5790 15
 337 1540 4
 338 3840 10
 339 5362 14
 340 1528 4
 341 6858 18
 342 2660 7
 343 6443 17
 344 2268 6
 345 4901 13
 346 7520 20
 347 750 2
 348 748 2
 349 6341 17
 350 2232 6
 351 2226 6
 352 2960 8
 353 1476 4
 354 2576 7
 355 6606 18
 356 2196 6
 357 1095 3
 358 3276 9
 359 2541 7
 360 3620 10
 361 2527 7
 362 4680 13
 363 359 1
 364 6444 18
 365 357 1
 366 3916 11
 367 2485 7
 368 3540 10
 369 1059 3
 370 7040 20
 371 2457 7
 372 3850 11
 373 349 1
 374 2436 7
 375 3470 10
 376 3460 10
 377 3450 10
 378 3784 11
 379 4459 13
 380 1710 5
 381 6820 20
 382 5100 15
 383 2373 7
 384 6422 19
 385 337 1
 386 4704 14
 387 5025 15
 388 3674 11
 389 999 3
 390 4316 13
 391 6289 19
 392 1980 6
 393 6251 19
 394 5576 17
 395 3597 11
 396 1304 4
 397 4225 13
 398 972 3
 399 1615 5
 400 3864 12
 401 2889 9
 402 640 2
 403 3509 11
 404 5406 17
 405 6023 19
 406 3792 12
 407 2520 8
 408 5024 16
 409 5321 17
 410 3120 10
 411 4043 13
 412 3100 10
 413 927 3
 414 1540 5
 415 2763 9
 416 2142 7
 417 5185 17
 418 1520 5
 419 4545 15
 420 1812 6
 421 5719 19
 422 300 1
 423 5382 18
 424 4172 14
 425 5940 20
 426 5032 17
 427 4425 15
 428 1176 4
 429 2930 10
 430 292 1
 431 2328 8
 432 4640 16
 433 3179 11
 434 2880 10
 435 287 1
 436 2288 8
 437 1710 6
 438 568 2
 439 2830 10
 440 3948 14
 441 4496 16
 442 3080 11
 443 1116 4
 444 1668 6
 445 1939 7
 446 2484 9
 447 3025 11
 448 2740 10
 449 1638 6
 450 816 3
 451 271 1
 452 2970 11
 453 1614 6
 454 5360 20
 455 267 1
 456 532 2
 457 265 1
 458 4488 17
 459 3156 12
 460 3144 12
 461 3915 15
 462 3120 12
 463 3108 12
 464 3096 12
 465 5140 20
 466 4352 17
 467 2295 9
 468 762 3
 469 2530 10
 470 1008 4
 471 5020 20
 472 3750 15
 473 2241 9
 474 3472 14
 475 1235 5
 476 4428 18
 477 490 2
 478 244 1
 479 243 1
 480 1210 5
 481 482 2
 482 2400 10
 483 4780 20
 484 2380 10
 485 948 4
 486 2596 11
 487 3995 17
 488 702 3
 489 932 4
 490 3712 16
 491 1848 8
 492 2760 12
 493 1603 7
 494 1824 8
 495 227 1
 496 1808 8
 497 3375 15
 498 224 1
 499 2899 13
 500 1776 8
 501 4420 20
 502 3740 17
 503 3723 17
 504 218 1
 505 3472 16
 506 648 3
 507 1720 8
 508 1284 6
 509 3195 15
 510 3180 15
 511 3587 17
 512 2520 12
 513 2508 12
 514 3744 18
 515 2484 12
 516 1854 9
 517 3075 15
 518 1428 7
 519 1421 7
 520 202 1
 521 402 2
 522 3000 15
 523 597 3
 524 3168 16
 525 2561 13
 526 392 2
 527 585 3
 528 1358 7
 529 386 2
 530 1920 10
 531 1146 6
 532 1710 9
 533 1701 9
 534 940 5
 535 2244 12
 536 1488 8
 537 185 1
 538 552 3
 539 1647 9
 540 364 2
 541 1448 8
 542 720 4
 543 1253 7
 544 890 5
 545 1770 10
 546 2640 15
 547 2275 13
 548 2436 14
 549 692 4
 550 3440 20
 551 684 4
 552 2720 16
 553 1352 8
 554 3192 19
 555 2505 15
 556 2158 13
 557 990 6
 558 492 3
 559 163 1
 560 324 2
 561 1610 10
 562 1440 9
 563 1431 9
 564 158 1
 565 157 1
 566 1716 11
 567 3100 20
 568 2310 15
 569 3060 20
 570 2736 18
 571 1510 10
 572 2700 18
 573 1192 8
 574 1628 11
 575 1470 10
 576 292 2
 577 1740 12
 578 1008 7
 579 429 3
 580 2698 19
 581 423 3
 582 1960 14
 583 2502 18
 584 2484 18
 585 2329 17
 586 2040 15
 587 2430 18
 588 2010 15
 589 2128 16
 590 528 4
 591 1310 10
 592 260 2
 593 1419 11
 594 1024 8
 595 2540 20
 596 1890 15
 597 1125 9
 598 124 1
 599 738 6
 600 366 3
 601 605 5
 602 2400 20
 603 1190 10
 604 708 6
 605 234 2
 606 1160 10
 607 115 1
 608 912 8
 609 1243 11
 610 336 3
 611 222 2
 612 1540 14
 613 654 6
 614 864 8
 615 963 9
 616 1696 16
 617 2100 20
 618 312 3
 619 412 4
 620 204 2
 621 1515 15
 622 1500 15
 623 891 9
 624 1372 14
 625 1649 17
 626 1056 11
 627 285 3
 628 376 4
 629 651 7
 630 736 8
 631 1638 18
 632 1440 16
 633 445 5
 634 88 1
 635 609 7
 636 774 9
 637 170 2
 638 504 6
 639 996 12
 640 410 5
 641 1134 14
 642 1200 15
 643 1027 13
 644 1560 20
 645 539 7
 646 456 6
 647 750 10
 648 666 9
 649 584 8
 650 936 13
 651 710 10
 652 70 1
 653 414 6
 654 884 13
 655 1273 19
 656 66 1
 657 1105 17
 658 640 10
 659 1197 19
 660 1240 20
 661 183 3
 662 540 9
 663 885 15
 664 522 9
 665 1140 20
 666 728 13
 667 55 1
 668 324 6
 669 265 5
 670 572 11
 671 765 15
 672 750 15
 673 441 9
 674 336 7
 675 564 12
 676 322 7
 677 495 11
 678 264 6
 679 86 2
 680 504 12
 681 287 7
 682 240 6
 683 351 9
 684 456 12
 685 296 8
 686 252 7
 687 385 11
 688 102 3
 689 363 11
 690 128 4
 691 31 1
 692 330 11
 693 522 18
 694 504 18
 695 405 15
 696 338 13
 697 225 9
 698 24 1
 699 276 12
 700 374 17
 701 294 14
 702 400 20
 703 95 5
 704 126 7
 705 102 6
 706 16 1
 707 225 15
 708 182 13
 709 91 7
 710 48 4
 711 143 13
 712 70 7
 713 63 7
 714 112 14
 715 28 4
 716 42 7
 717 100 20
 718 16 4
 719 48 16
 720 20 10
 721 12 12
12257