77
 1 1386 18
 2 1001 13
 3 231 3
 4 1155 15
 5 693 9
 6 1001 13
 7 539 7
 8 1463 19
 9 1078 14
 10 1155 15
 11 539 7
 12 1001 13
 13 1386 18
 14 1232 16
 15 924 12
 16 1463 19
 17 462 6
 18 847 11
 19 1155 15
 20 924 12
 21 231 3
 22 693 9
 23 385 5
 24 385 5
 25 847 11
 26 1463 19
 27 1309 17
 28 770 10
 29 1001 13
 30 539 7
 31 77 1
 32 1232 16
 33 1309 17
 34 1463 19
 35 385 5
 36 539 7
 37 924 12
 38 154 2
 39 616 8
 40 847 11
 41 1155 15
 42 616 8
 43 77 1
 44 462 6
 45 1078 14
 46 77 1
 47 1386 18
 48 1155 15
 49 1386 18
 50 847 11
 51 1232 16
 52 1001 13
 53 1232 16
 54 462 6
 55 154 2
 56 308 4
 57 1078 14
 58 308 4
 59 1463 19
 60 693 9
 61 539 7
 62 616 8
 63 1540 20
 64 539 7
 65 1386 18
 66 154 2
 67 1309 17
 68 462 6
 69 1001 13
 70 616 8
 71 616 8
 72 1001 13
 73 539 7
 74 693 9
 75 462 6
 76 539 7
 77 1463 19
231