829
 1 16580 20
 2 4968 6
 3 3308 4
 4 11564 14
 5 16500 20
 6 8240 10
 7 7407 9
 8 15618 19
 9 11494 14
 10 8200 10
 11 11466 14
 12 13088 16
 13 7353 9
 14 10608 13
 15 14670 18
 16 13024 16
 17 15447 19
 18 9744 12
 19 10543 13
 20 14580 18
 21 15371 19
 22 8888 11
 23 1614 2
 24 7254 9
 25 12880 16
 26 14472 18
 27 11242 14
 28 4812 6
 29 1602 2
 30 2400 3
 31 7990 10
 32 2394 3
 33 12752 16
 34 14328 18
 35 7950 10
 36 14292 18
 37 15860 20
 38 1584 2
 39 10283 13
 40 3950 5
 41 8679 11
 42 7092 9
 43 2361 3
 44 9432 12
 45 10990 14
 46 6272 8
 47 10179 13
 48 10948 14
 49 10153 13
 50 15600 20
 51 1558 2
 52 9336 12
 53 777 1
 54 5432 7
 55 14725 19
 56 14706 19
 57 13141 17
 58 9264 12
 59 6939 9
 60 9240 12
 61 9997 13
 62 15360 20
 63 767 1
 64 5362 7
 65 5355 7
 66 2292 3
 67 5341 7
 68 15240 20
 69 1522 2
 70 3040 4
 71 13662 18
 72 13644 18
 73 5299 7
 74 6048 8
 75 3020 4
 76 7540 10
 77 8283 11
 78 5264 7
 79 11265 15
 80 9750 13
 81 13482 18
 82 12716 17
 83 11205 15
 84 5222 7
 85 4470 6
 86 4464 6
 87 8916 12
 88 4452 6
 89 10374 14
 90 1480 2
 91 8868 12
 92 2214 3
 93 2211 3
 94 4416 6
 95 3675 5
 96 14680 20
 97 14660 20
 98 5124 7
 99 2924 4
 100 730 1
 101 13851 19
 102 10920 15
 103 9451 13
 104 7260 10
 105 9425 13
 106 12308 17
 107 5061 7
 108 4332 6
 109 4326 6
 110 1440 2
 111 2157 3
 112 3590 5
 113 2151 3
 114 5012 7
 115 11440 16
 116 14280 20
 117 713 1
 118 6408 9
 119 2844 4
 120 12780 18
 121 10635 15
 122 12744 18
 123 2121 3
 124 3530 5
 125 9165 13
 126 5632 8
 127 2812 4
 128 7020 10
 129 4907 7
 130 6300 9
 131 1398 2
 132 5584 8
 133 5576 8
 134 13224 19
 135 6255 9
 136 4164 6
 137 10395 15
 138 2768 4
 139 9674 14
 140 13110 19
 141 12402 18
 142 4816 7
 143 13740 20
 144 11662 17
 145 12330 18
 146 7524 11
 147 12977 19
 148 12958 19
 149 2043 3
 150 9520 14
 151 7469 11
 152 678 1
 153 10155 15
 154 2028 3
 155 675 1
 156 674 1
 157 7403 11
 158 13440 20
 159 9394 14
 160 9380 14
 161 10704 16
 162 9352 14
 163 12673 19
 164 5994 9
 165 3990 6
 166 5976 9
 167 11934 18
 168 7944 12
 169 11237 17
 170 5940 9
 171 11862 18
 172 13160 20
 173 6570 10
 174 11808 18
 175 12445 19
 176 3924 6
 177 2612 4
 178 7824 12
 179 11718 18
 180 9750 15
 181 1947 3
 182 4536 7
 183 3882 6
 184 10982 17
 185 4515 7
 186 9660 15
 187 5787 9
 188 1926 3
 189 5128 8
 190 8960 14
 191 5751 9
 192 10208 16
 193 8281 13
 194 8268 13
 195 12065 19
 196 10778 17
 197 2532 4
 198 12008 19
 199 5048 8
 200 5670 9
 201 7548 12
 202 2512 4
 203 11286 18
 204 7512 12
 205 7500 12
 206 11232 18
 207 623 1
 208 4976 8
 209 2484 4
 210 1860 3
 211 9904 16
 212 4944 8
 213 1851 3
 214 1232 2
 215 3690 6
 216 11052 18
 217 10421 17
 218 4284 7
 219 5499 9
 220 3660 6
 221 1218 2
 222 7296 12
 223 8498 14
 224 1818 3
 225 10890 18
 226 7248 12
 227 1206 2
 228 1204 2
 229 6010 10
 230 600 1
 231 7188 12
 232 2392 4
 233 5970 10
 234 9536 16
 235 1785 3
 236 10692 18
 237 2372 4
 238 8880 15
 239 11229 19
 240 4720 8
 241 11191 19
 242 9408 16
 243 1174 2
 244 2344 4
 245 7020 12
 246 4672 8
 247 7579 13
 248 4074 7
 249 2905 5
 250 11020 19
 251 3474 6
 252 5202 9
 253 1731 3
 254 10944 19
 255 2300 4
 256 8036 14
 257 9741 17
 258 5720 10
 259 6852 12
 260 9690 17
 261 3414 6
 262 7952 14
 263 2835 5
 264 6226 11
 265 6780 12
 266 10152 18
 267 7319 13
 268 10678 19
 269 3927 7
 270 3360 6
 271 8944 16
 272 2790 5
 273 3342 6
 274 2780 5
 275 2220 4
 276 1662 3
 277 4424 8
 278 4416 8
 279 8265 15
 280 7700 14
 281 1647 3
 282 10960 20
 283 7111 13
 284 2730 5
 285 5995 11
 286 3808 7
 287 2715 5
 288 2710 5
 289 9738 18
 290 2700 5
 291 7546 14
 292 9146 17
 293 7518 14
 294 1608 3
 295 1605 3
 296 534 1
 297 7462 14
 298 9044 17
 299 5841 11
 300 6890 13
 301 9522 18
 302 8448 16
 303 5270 10
 304 8942 17
 305 525 1
 306 3144 6
 307 6799 13
 308 3132 6
 309 10420 20
 310 7800 15
 311 2595 5
 312 5698 11
 313 10340 20
 314 3096 6
 315 1545 3
 316 9766 19
 317 1026 2
 318 5632 11
 319 2555 5
 320 3570 7
 321 6617 13
 322 2540 5
 323 2535 5
 324 1518 3
 325 1010 2
 326 4032 8
 327 7545 15
 328 3514 7
 329 7014 14
 330 2000 4
 331 5988 12
 332 7470 15
 333 3479 7
 334 496 1
 335 6435 13
 336 7904 16
 337 1972 4
 338 3444 7
 339 6874 14
 340 2450 5
 341 9780 20
 342 9760 20
 343 4870 10
 344 486 1
 345 2425 5
 346 3872 8
 347 6279 13
 348 6748 14
 349 3848 8
 350 7200 15
 351 8622 18
 352 3824 8
 353 3816 8
 354 2856 6
 355 7125 15
 356 9480 20
 357 3311 7
 358 9440 20
 359 3297 7
 360 6110 13
 361 5159 11
 362 4680 10
 363 1868 4
 364 9320 20
 365 3720 8
 366 1392 3
 367 6482 14
 368 7854 17
 369 3688 8
 370 460 1
 371 1377 3
 372 2748 6
 373 8683 19
 374 9120 20
 375 5915 13
 376 3632 8
 377 4530 10
 378 5424 12
 379 3608 8
 380 4050 9
 381 6286 14
 382 7616 17
 383 4470 10
 384 4906 11
 385 5340 12
 386 888 2
 387 4430 10
 388 7514 17
 389 5292 12
 390 5280 12
 391 6146 14
 392 876 2
 393 5681 13
 394 4796 11
 395 3480 8
 396 868 2
 397 3897 9
 398 6480 15
 399 3448 8
 400 860 2
 401 7722 18
 402 3852 9
 403 2562 6
 404 2556 6
 405 2125 5
 406 2120 5
 407 3384 8
 408 5064 12
 409 7157 17
 410 1680 4
 411 3771 9
 412 7524 18
 413 4587 11
 414 6240 15
 415 8300 20
 416 828 2
 417 7847 19
 418 7416 18
 419 5343 13
 420 3280 8
 421 2454 6
 422 5304 13
 423 4477 11
 424 1218 3
 425 405 1
 426 2828 7
 427 6045 15
 428 8040 20
 429 5213 13
 430 3600 9
 431 3192 8
 432 796 2
 433 6749 17
 434 2376 6
 435 5135 13
 436 4728 12
 437 7860 20
 438 1176 3
 439 7038 18
 440 7020 18
 441 5835 15
 442 2716 7
 443 5031 13
 444 1930 5
 445 1155 3
 446 6528 17
 447 4979 13
 448 7640 20
 449 7239 19
 450 760 2
 451 3790 10
 452 378 1
 453 6786 18
 454 6392 17
 455 3375 9
 456 7480 20
 457 1865 5
 458 1860 5
 459 5565 15
 460 6290 17
 461 1107 3
 462 736 2
 463 6239 17
 464 2196 6
 465 4745 13
 466 6916 19
 467 726 2
 468 724 2
 469 2166 6
 470 6480 18
 471 5385 15
 472 358 1
 473 3927 11
 474 712 2
 475 3550 10
 476 1416 4
 477 706 2
 478 2112 6
 479 5616 16
 480 4550 13
 481 5584 16
 482 2436 7
 483 2082 6
 484 1038 3
 485 2760 8
 486 5848 17
 487 5145 15
 488 3078 9
 489 5456 16
 490 4420 13
 491 339 1
 492 5408 16
 493 6066 18
 494 5712 17
 495 1675 5
 496 3674 11
 497 2664 8
 498 6640 20
 499 4965 15
 500 6600 20
 501 329 1
 502 6232 19
 503 5232 16
 504 5542 17
 505 1950 6
 506 2592 8
 507 2261 7
 508 2898 9
 509 2247 7
 510 1600 5
 511 638 2
 512 3180 10
 513 634 2
 514 3476 11
 515 5355 17
 516 5652 18
 517 2817 9
 518 936 3
 519 3732 12
 520 4650 15
 521 1236 4
 522 616 2
 523 3991 13
 524 1836 6
 525 915 3
 526 5776 19
 527 1515 5
 528 3322 11
 529 3311 11
 530 3900 13
 531 2691 9
 532 2086 7
 533 1782 6
 534 2664 9
 535 590 2
 536 1470 5
 537 4688 16
 538 3504 12
 539 4365 15
 540 2900 10
 541 3179 11
 542 2016 7
 543 1148 4
 544 1716 6
 545 3135 11
 546 5112 18
 547 3679 13
 548 4794 17
 549 281 1
 550 840 3
 551 4464 16
 552 2224 8
 553 4432 16
 554 4968 18
 555 275 1
 556 4932 18
 557 1092 4
 558 272 1
 559 2981 11
 560 270 1
 561 3766 14
 562 2412 9
 563 534 2
 564 3724 14
 565 1590 6
 566 5280 20
 567 1841 7
 568 2358 9
 569 2349 9
 570 260 1
 571 2590 10
 572 2322 9
 573 2056 8
 574 256 1
 575 4335 17
 576 2794 11
 577 2530 10
 578 252 1
 579 4267 17
 580 500 2
 581 2490 10
 582 744 3
 583 2717 11
 584 3444 14
 585 3185 13
 586 2440 10
 587 2430 10
 588 2662 11
 589 1687 7
 590 3600 15
 591 2868 12
 592 3332 14
 593 1896 8
 594 1652 7
 595 3525 15
 596 3510 15
 597 3029 13
 598 4408 19
 599 1386 6
 600 1380 6
 601 3206 14
 602 3648 16
 603 3405 15
 604 678 3
 605 2250 10
 606 4032 18
 607 1115 5
 608 2664 12
 609 3536 16
 610 1320 6
 611 1314 6
 612 2398 11
 613 3255 15
 614 1512 7
 615 3225 15
 616 3852 18
 617 2556 12
 618 1272 6
 619 633 3
 620 1680 8
 621 3344 16
 622 2080 10
 623 1242 6
 624 3914 19
 625 4100 20
 626 2244 11
 627 1827 9
 628 3838 19
 629 2814 14
 630 3400 17
 631 199 1
 632 3960 20
 633 3546 18
 634 3332 17
 635 585 3
 636 2716 14
 637 1351 7
 638 3456 18
 639 955 5
 640 3420 18
 641 378 2
 642 2632 14
 643 1122 6
 644 2418 13
 645 2775 15
 646 184 1
 647 549 3
 648 2002 11
 649 1991 11
 650 2880 16
 651 358 2
 652 1602 9
 653 354 2
 654 528 3
 655 1400 8
 656 2958 17
 657 2941 17
 658 172 1
 659 342 2
 660 1530 9
 661 2535 15
 662 504 3
 663 1002 6
 664 2158 13
 665 1320 8
 666 2296 14
 667 815 5
 668 2916 18
 669 322 2
 670 2880 18
 671 2703 17
 672 1264 8
 673 2512 16
 674 3120 20
 675 2635 17
 676 1386 9
 677 1530 10
 678 760 5
 679 2265 15
 680 1350 9
 681 1043 7
 682 1480 10
 683 1764 12
 684 1314 9
 685 1885 13
 686 1152 8
 687 1287 9
 688 994 7
 689 2820 20
 690 1540 11
 691 278 2
 692 2070 15
 693 1918 14
 694 136 1
 695 270 2
 696 2278 17
 697 266 2
 698 132 1
 699 1441 11
 700 520 4
 701 2451 19
 702 1792 14
 703 889 7
 704 2394 19
 705 1500 12
 706 2356 19
 707 1230 10
 708 1220 10
 709 363 3
 710 1800 15
 711 1309 11
 712 1416 12
 713 819 7
 714 464 4
 715 1610 14
 716 456 4
 717 452 4
 718 560 5
 719 2220 20
 720 660 6
 721 981 9
 722 1620 15
 723 1605 15
 724 1166 11
 725 420 4
 726 1664 16
 727 1545 15
 728 306 3
 729 909 9
 730 300 3
 731 1485 15
 732 392 4
 733 1164 12
 734 1152 12
 735 665 7
 736 1504 16
 737 1395 15
 738 1564 17
 739 637 7
 740 1800 20
 741 1246 14
 742 1760 20
 743 1305 15
 744 946 11
 745 1445 17
 746 756 9
 747 1660 20
 748 1394 17
 749 1134 14
 750 1520 19
 751 474 6
 752 1560 20
 753 1232 16
 754 1216 16
 755 900 12
 756 888 12
 757 876 12
 758 720 10
 759 1065 15
 760 770 11
 761 1173 17
 762 476 7
 763 1273 19
 764 462 7
 765 715 11
 766 320 5
 767 441 7
 768 434 7
 769 671 11
 770 900 15
 771 1003 17
 772 58 1
 773 114 2
 774 896 16
 775 55 1
 776 54 1
 777 424 8
 778 52 1
 779 510 10
 780 500 10
 781 294 6
 782 624 13
 783 235 5
 784 368 8
 785 720 16
 786 44 1
 787 430 10
 788 462 11
 789 574 14
 790 200 5
 791 507 13
 792 266 7
 793 296 8
 794 684 19
 795 315 9
 796 612 18
 797 165 5
 798 64 2
 799 248 8
 800 90 3
 801 232 8
 802 28 1
 803 243 9
 804 52 2
 805 275 11
 806 336 14
 807 92 4
 808 242 11
 809 63 3
 810 160 8
 811 190 10
 812 72 4
 813 34 2
 814 272 17
 815 45 3
 816 210 15
 817 117 9
 818 228 19
 819 132 12
 820 160 16
 821 153 17
 822 32 4
 823 21 3
 824 18 3
 825 100 20
 826 64 16
 827 18 6
 828 14 7
 829 9 9
4974