89
 1 534 6
 2 1602 18
 3 1691 19
 4 356 4
 5 445 5
 6 1424 16
 7 890 10
 8 979 11
 9 1424 16
 10 1513 17
 11 445 5
 12 1780 20
 13 356 4
 14 1246 14
 15 1424 16
 16 712 8
 17 534 6
 18 1780 20
 19 801 9
 20 890 10
 21 623 7
 22 1513 17
 23 712 8
 24 267 3
 25 178 2
 26 534 6
 27 356 4
 28 1691 19
 29 178 2
 30 267 3
 31 1780 20
 32 445 5
 33 1068 12
 34 979 11
 35 1157 13
 36 801 9
 37 801 9
 38 623 7
 39 1424 16
 40 1602 18
 41 267 3
 42 1335 15
 43 1246 14
 44 1157 13
 45 1068 12
 46 1068 12
 47 445 5
 48 445 5
 49 712 8
 50 979 11
 51 1424 16
 52 712 8
 53 1424 16
 54 1246 14
 55 1780 20
 56 89 1
 57 1780 20
 58 890 10
 59 1602 18
 60 890 10
 61 1246 14
 62 712 8
 63 712 8
 64 1780 20
 65 979 11
 66 1246 14
 67 1513 17
 68 356 4
 69 1780 20
 70 801 9
 71 1157 13
 72 534 6
 73 1068 12
 74 1602 18
 75 89 1
 76 534 6
 77 890 10
 78 1780 20
 79 1424 16
 80 1424 16
 81 178 2
 82 1602 18
 83 534 6
 84 890 10
 85 534 6
 86 1424 16
 87 89 1
 88 445 5
 89 267 3
534