89
 1 1246 14
 2 1056 12
 3 348 4
 4 344 4
 5 255 3
 6 588 7
 7 830 10
 8 82 1
 9 1539 19
 10 640 8
 11 711 9
 12 780 10
 13 462 6
 14 1216 16
 15 600 8
 16 1406 19
 17 949 13
 18 504 7
 19 1065 15
 20 420 6
 21 1104 16
 22 476 7
 23 1206 18
 24 264 4
 25 130 2
 26 640 10
 27 252 4
 28 1240 20
 29 793 13
 30 240 4
 31 944 16
 32 1102 19
 33 741 13
 34 672 12
 35 935 17
 36 540 10
 37 1007 19
 38 104 2
 39 102 2
 40 500 10
 41 49 1
 42 624 13
 43 705 15
 44 138 3
 45 135 3
 46 836 19
 47 344 8
 48 462 11
 49 328 8
 50 120 3
 51 234 6
 52 684 18
 53 185 5
 54 288 8
 55 70 2
 56 680 20
 57 660 20
 58 576 18
 59 558 18
 60 390 13
 61 522 18
 62 336 12
 63 216 8
 64 494 19
 65 250 10
 66 168 7
 67 46 2
 68 396 18
 69 84 4
 70 20 1
 71 95 5
 72 216 12
 73 340 20
 74 80 5
 75 120 8
 76 42 3
 77 234 18
 78 60 5
 79 198 18
 80 10 1
 81 27 3
 82 8 1
 83 21 3
 84 24 4
 85 80 16
 86 40 10
 87 30 10
 88 6 3
 89 15 15
534