954
 1 18126 19
 2 16218 17
 3 7632 8
 4 19080 20
 5 954 1
 6 4770 5
 7 12402 13
 8 2862 3
 9 954 1
 10 8586 9
 11 4770 5
 12 13356 14
 13 16218 17
 14 12402 13
 15 954 1
 16 10494 11
 17 13356 14
 18 1908 2
 19 16218 17
 20 2862 3
 21 6678 7
 22 11448 12
 23 18126 19
 24 18126 19
 25 6678 7
 26 2862 3
 27 3816 4
 28 2862 3
 29 18126 19
 30 19080 20
 31 5724 6
 32 954 1
 33 7632 8
 34 19080 20
 35 18126 19
 36 19080 20
 37 16218 17
 38 8586 9
 39 2862 3
 40 5724 6
 41 4770 5
 42 1908 2
 43 5724 6
 44 15264 16
 45 6678 7
 46 12402 13
 47 1908 2
 48 11448 12
 49 1908 2
 50 11448 12
 51 4770 5
 52 2862 3
 53 4770 5
 54 12402 13
 55 18126 19
 56 954 1
 57 8586 9
 58 13356 14
 59 9540 10
 60 6678 7
 61 11448 12
 62 7632 8
 63 954 1
 64 954 1
 65 8586 9
 66 18126 19
 67 15264 16
 68 4770 5
 69 5724 6
 70 15264 16
 71 14310 15
 72 15264 16
 73 5724 6
 74 12402 13
 75 16218 17
 76 12402 13
 77 1908 2
 78 2862 3
 79 7632 8
 80 11448 12
 81 954 1
 82 10494 11
 83 14310 15
 84 954 1
 85 10494 11
 86 19080 20
 87 8586 9
 88 8586 9
 89 19080 20
 90 16218 17
 91 1908 2
 92 17172 18
 93 15264 16
 94 10494 11
 95 4770 5
 96 954 1
 97 1908 2
 98 2862 3
 99 5724 6
 100 7632 8
 101 10494 11
 102 5724 6
 103 15264 16
 104 9540 10
 105 15264 16
 106 17172 18
 107 10494 11
 108 18126 19
 109 6678 7
 110 954 1
 111 5724 6
 112 14310 15
 113 18126 19
 114 954 1
 115 13356 14
 116 17172 18
 117 13356 14
 118 16218 17
 119 11448 12
 120 954 1
 121 9540 10
 122 7632 8
 123 13356 14
 124 1908 2
 125 12402 13
 126 2862 3
 127 18126 19
 128 1908 2
 129 4770 5
 130 15264 16
 131 19080 20
 132 12402 13
 133 7632 8
 134 16218 17
 135 9540 10
 136 18126 19
 137 15264 16
 138 14310 15
 139 16218 17
 140 14310 15
 141 954 1
 142 9540 10
 143 10494 11
 144 3816 4
 145 10494 11
 146 7632 8
 147 2862 3
 148 14310 15
 149 9540 10
 150 5724 6
 151 18126 19
 152 2862 3
 153 7632 8
 154 14310 15
 155 1908 2
 156 10494 11
 157 18126 19
 158 13356 14
 159 5724 6
 160 3816 4
 161 6678 7
 162 18126 19
 163 10494 11
 164 3816 4
 165 8586 9
 166 7632 8
 167 15264 16
 168 1908 2
 169 11448 12
 170 10494 11
 171 3816 4
 172 16218 17
 173 9540 10
 174 16218 17
 175 6678 7
 176 17172 18
 177 19080 20
 178 4770 5
 179 954 1
 180 5724 6
 181 11448 12
 182 3816 4
 183 16218 17
 184 3816 4
 185 6678 7
 186 11448 12
 187 15264 16
 188 19080 20
 189 12402 13
 190 9540 10
 191 12402 13
 192 954 1
 193 18126 19
 194 12402 13
 195 954 1
 196 5724 6
 197 18126 19
 198 6678 7
 199 13356 14
 200 14310 15
 201 7632 8
 202 5724 6
 203 4770 5
 204 18126 19
 205 13356 14
 206 5724 6
 207 8586 9
 208 7632 8
 209 954 1
 210 2862 3
 211 17172 18
 212 18126 19
 213 2862 3
 214 19080 20
 215 7632 8
 216 14310 15
 217 1908 2
 218 2862 3
 219 3816 4
 220 10494 11
 221 9540 10
 222 18126 19
 223 10494 11
 224 1908 2
 225 2862 3
 226 13356 14
 227 3816 4
 228 4770 5
 229 16218 17
 230 4770 5
 231 9540 10
 232 14310 15
 233 16218 17
 234 4770 5
 235 13356 14
 236 3816 4
 237 5724 6
 238 14310 15
 239 12402 13
 240 13356 14
 241 2862 3
 242 8586 9
 243 19080 20
 244 18126 19
 245 5724 6
 246 13356 14
 247 6678 7
 248 16218 17
 249 18126 19
 250 954 1
 251 14310 15
 252 12402 13
 253 19080 20
 254 14310 15
 255 15264 16
 256 14310 15
 257 954 1
 258 16218 17
 259 13356 14
 260 9540 10
 261 11448 12
 262 4770 5
 263 954 1
 264 19080 20
 265 6678 7
 266 10494 11
 267 11448 12
 268 19080 20
 269 3816 4
 270 1908 2
 271 1908 2
 272 3816 4
 273 15264 16
 274 6678 7
 275 13356 14
 276 3816 4
 277 6678 7
 278 7632 8
 279 18126 19
 280 6678 7
 281 17172 18
 282 17172 18
 283 18126 19
 284 4770 5
 285 7632 8
 286 13356 14
 287 12402 13
 288 6678 7
 289 18126 19
 290 13356 14
 291 16218 17
 292 13356 14
 293 9540 10
 294 16218 17
 295 18126 19
 296 19080 20
 297 18126 19
 298 954 1
 299 3816 4
 300 15264 16
 301 15264 16
 302 17172 18
 303 12402 13
 304 8586 9
 305 17172 18
 306 17172 18
 307 3816 4
 308 4770 5
 309 12402 13
 310 5724 6
 311 6678 7
 312 9540 10
 313 12402 13
 314 12402 13
 315 1908 2
 316 3816 4
 317 18126 19
 318 18126 19
 319 3816 4
 320 5724 6
 321 2862 3
 322 7632 8
 323 5724 6
 324 4770 5
 325 11448 12
 326 11448 12
 327 11448 12
 328 10494 11
 329 14310 15
 330 6678 7
 331 954 1
 332 19080 20
 333 19080 20
 334 19080 20
 335 6678 7
 336 4770 5
 337 17172 18
 338 16218 17
 339 5724 6
 340 5724 6
 341 7632 8
 342 4770 5
 343 5724 6
 344 15264 16
 345 11448 12
 346 19080 20
 347 11448 12
 348 8586 9
 349 18126 19
 350 16218 17
 351 13356 14
 352 19080 20
 353 13356 14
 354 13356 14
 355 6678 7
 356 14310 15
 357 16218 17
 358 1908 2
 359 14310 15
 360 10494 11
 361 13356 14
 362 9540 10
 363 954 1
 364 18126 19
 365 6678 7
 366 9540 10
 367 18126 19
 368 8586 9
 369 2862 3
 370 13356 14
 371 3816 4
 372 954 1
 373 6678 7
 374 10494 11
 375 14310 15
 376 2862 3
 377 6678 7
 378 8586 9
 379 4770 5
 380 17172 18
 381 7632 8
 382 10494 11
 383 6678 7
 384 1908 2
 385 14310 15
 386 5724 6
 387 15264 16
 388 11448 12
 389 954 1
 390 18126 19
 391 15264 16
 392 4770 5
 393 954 1
 394 14310 15
 395 10494 11
 396 9540 10
 397 7632 8
 398 17172 18
 399 12402 13
 400 1908 2
 401 17172 18
 402 19080 20
 403 5724 6
 404 9540 10
 405 8586 9
 406 6678 7
 407 9540 10
 408 5724 6
 409 1908 2
 410 18126 19
 411 19080 20
 412 16218 17
 413 15264 16
 414 13356 14
 415 6678 7
 416 13356 14
 417 15264 16
 418 12402 13
 419 3816 4
 420 3816 4
 421 7632 8
 422 14310 15
 423 19080 20
 424 12402 13
 425 3816 4
 426 12402 13
 427 8586 9
 428 4770 5
 429 18126 19
 430 13356 14
 431 3816 4
 432 4770 5
 433 17172 18
 434 18126 19
 435 6678 7
 436 6678 7
 437 7632 8
 438 10494 11
 439 14310 15
 440 16218 17
 441 16218 17
 442 14310 15
 443 19080 20
 444 13356 14
 445 19080 20
 446 954 1
 447 4770 5
 448 6678 7
 449 1908 2
 450 954 1
 451 13356 14
 452 10494 11
 453 12402 13
 454 7632 8
 455 5724 6
 456 7632 8
 457 17172 18
 458 10494 11
 459 18126 19
 460 12402 13
 461 14310 15
 462 954 1
 463 10494 11
 464 8586 9
 465 2862 3
 466 4770 5
 467 17172 18
 468 10494 11
 469 6678 7
 470 8586 9
 471 15264 16
 472 3816 4
 473 1908 2
 474 17172 18
 475 14310 15
 476 5724 6
 477 19080 20
 478 14310 15
 479 12402 13
 480 11448 12
 481 17172 18
 482 8586 9
 483 6678 7
 484 15264 16
 485 13356 14
 486 2862 3
 487 2862 3
 488 6678 7
 489 15264 16
 490 9540 10
 491 11448 12
 492 14310 15
 493 9540 10
 494 3816 4
 495 9540 10
 496 9540 10
 497 17172 18
 498 10494 11
 499 12402 13
 500 6678 7
 501 6678 7
 502 10494 11
 503 6678 7
 504 15264 16
 505 10494 11
 506 1908 2
 507 12402 13
 508 12402 13
 509 10494 11
 510 11448 12
 511 19080 20
 512 5724 6
 513 18126 19
 514 954 1
 515 19080 20
 516 6678 7
 517 15264 16
 518 9540 10
 519 9540 10
 520 10494 11
 521 15264 16
 522 5724 6
 523 8586 9
 524 18126 19
 525 16218 17
 526 8586 9
 527 3816 4
 528 12402 13
 529 954 1
 530 6678 7
 531 6678 7
 532 11448 12
 533 15264 16
 534 13356 14
 535 7632 8
 536 6678 7
 537 1908 2
 538 18126 19
 539 6678 7
 540 18126 19
 541 9540 10
 542 8586 9
 543 954 1
 544 2862 3
 545 2862 3
 546 7632 8
 547 3816 4
 548 15264 16
 549 19080 20
 550 3816 4
 551 13356 14
 552 14310 15
 553 13356 14
 554 5724 6
 555 8586 9
 556 15264 16
 557 19080 20
 558 12402 13
 559 15264 16
 560 14310 15
 561 5724 6
 562 14310 15
 563 7632 8
 564 954 1
 565 3816 4
 566 11448 12
 567 9540 10
 568 17172 18
 569 8586 9
 570 954 1
 571 10494 11
 572 9540 10
 573 15264 16
 574 18126 19
 575 12402 13
 576 12402 13
 577 4770 5
 578 13356 14
 579 9540 10
 580 3816 4
 581 1908 2
 582 8586 9
 583 7632 8
 584 2862 3
 585 18126 19
 586 13356 14
 587 5724 6
 588 954 1
 589 1908 2
 590 18126 19
 591 19080 20
 592 13356 14
 593 7632 8
 594 10494 11
 595 2862 3
 596 4770 5
 597 15264 16
 598 14310 15
 599 19080 20
 600 6678 7
 601 17172 18
 602 18126 19
 603 18126 19
 604 15264 16
 605 7632 8
 606 18126 19
 607 15264 16
 608 4770 5
 609 19080 20
 610 17172 18
 611 15264 16
 612 12402 13
 613 15264 16
 614 6678 7
 615 19080 20
 616 15264 16
 617 9540 10
 618 16218 17
 619 954 1
 620 7632 8
 621 4770 5
 622 17172 18
 623 3816 4
 624 2862 3
 625 16218 17
 626 7632 8
 627 2862 3
 628 5724 6
 629 4770 5
 630 8586 9
 631 19080 20
 632 10494 11
 633 2862 3
 634 8586 9
 635 14310 15
 636 11448 12
 637 4770 5
 638 5724 6
 639 2862 3
 640 1908 2
 641 1908 2
 642 3816 4
 643 4770 5
 644 954 1
 645 17172 18
 646 7632 8
 647 15264 16
 648 6678 7
 649 6678 7
 650 9540 10
 651 18126 19
 652 12402 13
 653 12402 13
 654 8586 9
 655 4770 5
 656 3816 4
 657 6678 7
 658 19080 20
 659 954 1
 660 6678 7
 661 12402 13
 662 954 1
 663 15264 16
 664 6678 7
 665 7632 8
 666 8586 9
 667 16218 17
 668 2862 3
 669 9540 10
 670 8586 9
 671 12402 13
 672 16218 17
 673 3816 4
 674 12402 13
 675 14310 15
 676 17172 18
 677 1908 2
 678 13356 14
 679 10494 11
 680 2862 3
 681 13356 14
 682 8586 9
 683 17172 18
 684 954 1
 685 11448 12
 686 8586 9
 687 16218 17
 688 14310 15
 689 7632 8
 690 1908 2
 691 1908 2
 692 13356 14
 693 14310 15
 694 11448 12
 695 2862 3
 696 18126 19
 697 6678 7
 698 8586 9
 699 8586 9
 700 7632 8
 701 7632 8
 702 10494 11
 703 9540 10
 704 7632 8
 705 9540 10
 706 9540 10
 707 16218 17
 708 9540 10
 709 13356 14
 710 1908 2
 711 5724 6
 712 14310 15
 713 15264 16
 714 2862 3
 715 8586 9
 716 9540 10
 717 17172 18
 718 1908 2
 719 14310 15
 720 12402 13
 721 3816 4
 722 17172 18
 723 18126 19
 724 10494 11
 725 2862 3
 726 17172 18
 727 13356 14
 728 9540 10
 729 5724 6
 730 3816 4
 731 8586 9
 732 16218 17
 733 19080 20
 734 6678 7
 735 5724 6
 736 19080 20
 737 10494 11
 738 1908 2
 739 9540 10
 740 14310 15
 741 15264 16
 742 3816 4
 743 16218 17
 744 1908 2
 745 5724 6
 746 10494 11
 747 10494 11
 748 15264 16
 749 16218 17
 750 19080 20
 751 17172 18
 752 12402 13
 753 15264 16
 754 19080 20
 755 8586 9
 756 9540 10
 757 3816 4
 758 12402 13
 759 1908 2
 760 1908 2
 761 8586 9
 762 12402 13
 763 6678 7
 764 9540 10
 765 9540 10
 766 17172 18
 767 6678 7
 768 17172 18
 769 19080 20
 770 17172 18
 771 13356 14
 772 13356 14
 773 8586 9
 774 6678 7
 775 2862 3
 776 15264 16
 777 7632 8
 778 12402 13
 779 11448 12
 780 19080 20
 781 6678 7
 782 6678 7
 783 13356 14
 784 15264 16
 785 9540 10
 786 17172 18
 787 13356 14
 788 14310 15
 789 17172 18
 790 18126 19
 791 4770 5
 792 2862 3
 793 12402 13
 794 15264 16
 795 13356 14
 796 7632 8
 797 11448 12
 798 14310 15
 799 9540 10
 800 954 1
 801 18126 19
 802 18126 19
 803 14310 15
 804 14310 15
 805 11448 12
 806 17172 18
 807 7632 8
 808 4770 5
 809 2862 3
 810 16218 17
 811 6678 7
 812 9540 10
 813 18126 19
 814 18126 19
 815 19080 20
 816 5724 6
 817 5724 6
 818 16218 17
 819 8586 9
 820 2862 3
 821 16218 17
 822 954 1
 823 2862 3
 824 2862 3
 825 16218 17
 826 17172 18
 827 954 1
 828 5724 6
 829 2862 3
 830 9540 10
 831 3816 4
 832 9540 10
 833 2862 3
 834 5724 6
 835 17172 18
 836 9540 10
 837 954 1
 838 10494 11
 839 7632 8
 840 19080 20
 841 9540 10
 842 3816 4
 843 17172 18
 844 10494 11
 845 18126 19
 846 11448 12
 847 1908 2
 848 1908 2
 849 2862 3
 850 15264 16
 851 18126 19
 852 12402 13
 853 17172 18
 854 2862 3
 855 14310 15
 856 2862 3
 857 12402 13
 858 11448 12
 859 18126 19
 860 14310 15
 861 8586 9
 862 14310 15
 863 15264 16
 864 4770 5
 865 3816 4
 866 18126 19
 867 7632 8
 868 954 1
 869 16218 17
 870 11448 12
 871 2862 3
 872 6678 7
 873 5724 6
 874 8586 9
 875 954 1
 876 10494 11
 877 12402 13
 878 8586 9
 879 15264 16
 880 13356 14
 881 11448 12
 882 17172 18
 883 16218 17
 884 954 1
 885 16218 17
 886 2862 3
 887 11448 12
 888 7632 8
 889 19080 20
 890 16218 17
 891 19080 20
 892 10494 11
 893 9540 10
 894 3816 4
 895 16218 17
 896 7632 8
 897 9540 10
 898 15264 16
 899 11448 12
 900 4770 5
 901 3816 4
 902 17172 18
 903 17172 18
 904 14310 15
 905 954 1
 906 19080 20
 907 7632 8
 908 10494 11
 909 18126 19
 910 7632 8
 911 14310 15
 912 15264 16
 913 19080 20
 914 13356 14
 915 11448 12
 916 10494 11
 917 4770 5
 918 2862 3
 919 12402 13
 920 11448 12
 921 3816 4
 922 12402 13
 923 16218 17
 924 10494 11
 925 14310 15
 926 5724 6
 927 17172 18
 928 8586 9
 929 13356 14
 930 16218 17
 931 2862 3
 932 14310 15
 933 16218 17
 934 18126 19
 935 5724 6
 936 9540 10
 937 6678 7
 938 8586 9
 939 18126 19
 940 1908 2
 941 15264 16
 942 9540 10
 943 3816 4
 944 12402 13
 945 6678 7
 946 7632 8
 947 14310 15
 948 17172 18
 949 19080 20
 950 9540 10
 951 12402 13
 952 11448 12
 953 16218 17
 954 954 1
11448