954
 1 4770 5
 2 8577 9
 3 19040 20
 4 13314 14
 5 2850 3
 6 7592 8
 7 12324 13
 8 5682 6
 9 7568 8
 10 11340 12
 11 16992 18
 12 12259 13
 13 2826 3
 14 7528 8
 15 11280 12
 16 15963 17
 17 6566 7
 18 14992 16
 19 7488 8
 20 13090 14
 21 6538 7
 22 13995 15
 23 12116 13
 24 16758 18
 25 7440 8
 26 6503 7
 27 3712 4
 28 6489 7
 29 3704 4
 30 5550 6
 31 8316 9
 32 11999 13
 33 3688 4
 34 7368 8
 35 5520 6
 36 14704 16
 37 16524 18
 38 17423 19
 39 14656 16
 40 3660 4
 41 6398 7
 42 1826 2
 43 3648 4
 44 4555 5
 45 7280 8
 46 13635 15
 47 7264 8
 48 7256 8
 49 15402 17
 50 6335 7
 51 7232 8
 52 15351 17
 53 13530 15
 54 4505 5
 55 17100 19
 56 15283 17
 57 14368 16
 58 14352 16
 59 8960 10
 60 15215 17
 61 9834 11
 62 16967 19
 63 3568 4
 64 14256 16
 65 16020 18
 66 15113 17
 67 4440 5
 68 887 1
 69 6202 7
 70 6195 7
 71 2652 3
 72 15011 17
 73 882 1
 74 10572 12
 75 15840 18
 76 16701 19
 77 4390 5
 78 2631 3
 79 16644 19
 80 12250 14
 81 6118 7
 82 17460 20
 83 13080 15
 84 11323 13
 85 15660 18
 86 1738 2
 87 5208 6
 88 2601 3
 89 11258 13
 90 4325 5
 91 8640 10
 92 16397 19
 93 862 1
 94 15498 18
 95 14620 17
 96 6013 7
 97 8580 10
 98 5999 7
 99 12840 15
 100 4275 5
 101 9394 11
 102 14501 17
 103 12780 15
 104 9361 11
 105 15300 18
 106 849 1
 107 15264 18
 108 10164 12
 109 4230 5
 110 8450 10
 111 16880 20
 112 10959 13
 113 6736 8
 114 4205 5
 115 10920 13
 116 13424 16
 117 7542 9
 118 10044 12
 119 5016 6
 120 15865 19
 121 13344 16
 122 2499 3
 123 8320 10
 124 13296 16
 125 16600 20
 126 16580 20
 127 2484 3
 128 827 1
 129 4130 5
 130 5775 7
 131 3296 4
 132 8230 10
 133 1644 2
 134 13136 16
 135 820 1
 136 7371 9
 137 16360 20
 138 8987 11
 139 16320 20
 140 4890 6
 141 9768 12
 142 10569 13
 143 4872 6
 144 15409 19
 145 12960 16
 146 13753 17
 147 12120 15
 148 3228 4
 149 14508 18
 150 16100 20
 151 8040 10
 152 3212 4
 153 14436 18
 154 3204 4
 155 1600 2
 156 2397 3
 157 3990 5
 158 4782 6
 159 11940 15
 160 6360 8
 161 5558 7
 162 12688 16
 163 7128 9
 164 3164 4
 165 10270 13
 166 7890 10
 167 788 1
 168 2361 3
 169 8646 11
 170 14130 18
 171 6272 8
 172 15660 20
 173 7820 10
 174 13277 17
 175 5460 7
 176 14801 19
 177 7780 10
 178 6993 9
 179 13968 18
 180 14725 19
 181 15480 20
 182 3092 4
 183 6948 9
 184 15420 20
 185 9240 12
 186 8459 11
 187 9216 12
 188 10738 14
 189 14554 19
 190 6120 8
 191 6876 9
 192 9919 13
 193 1524 2
 194 11415 15
 195 14440 19
 196 7590 10
 197 6822 9
 198 14383 19
 199 9072 12
 200 14345 19
 201 12064 16
 202 753 1
 203 10528 14
 204 12767 17
 205 1500 2
 206 5243 7
 207 14960 20
 208 5229 7
 209 10444 14
 210 2980 4
 211 7440 10
 212 743 1
 213 3710 5
 214 5187 7
 215 11840 16
 216 5173 7
 217 11808 16
 218 14003 19
 219 736 1
 220 7350 10
 221 3670 5
 222 11728 16
 223 732 1
 224 14620 20
 225 12410 17
 226 729 1
 227 2184 3
 228 13086 18
 229 4356 6
 230 2900 4
 231 14480 20
 232 11568 16
 233 2888 4
 234 7210 10
 235 5040 7
 236 9347 13
 237 5026 7
 238 8604 12
 239 12172 17
 240 11440 16
 241 6426 9
 242 9269 13
 243 11392 16
 244 10665 15
 245 7100 10
 246 13471 19
 247 2124 3
 248 1414 2
 249 7060 10
 250 11985 17
 251 13376 19
 252 1406 2
 253 13338 19
 254 6309 9
 255 8400 12
 256 11883 17
 257 4188 6
 258 7667 11
 259 2088 3
 260 13900 20
 261 9022 13
 262 8316 12
 263 12456 18
 264 2073 3
 265 8280 12
 266 2067 3
 267 6880 10
 268 3435 5
 269 11662 17
 270 8220 12
 271 11628 17
 272 10245 15
 273 10912 16
 274 5448 8
 275 2720 4
 276 679 1
 277 7458 11
 278 6093 9
 279 1352 2
 280 675 1
 281 10784 16
 282 3365 5
 283 6048 9
 284 12078 18
 285 1340 2
 286 1338 2
 287 4008 6
 288 2001 3
 289 8658 13
 290 11970 18
 291 3320 5
 292 6630 10
 293 5296 8
 294 3966 6
 295 10560 16
 296 11862 18
 297 1316 2
 298 4599 7
 299 11808 18
 300 7860 12
 301 7848 12
 302 10448 16
 303 7172 11
 304 2604 4
 305 13000 20
 306 4543 7
 307 10368 16
 308 5176 8
 309 9690 15
 310 7095 11
 311 7084 11
 312 4501 7
 313 11556 18
 314 7692 12
 315 10240 16
 316 9585 15
 317 11484 18
 318 6370 10
 319 3180 5
 320 6985 11
 321 3804 6
 322 3798 6
 323 4424 7
 324 12620 20
 325 6930 11
 326 9435 15
 327 7536 12
 328 1254 2
 329 5634 9
 330 9375 15
 331 8112 13
 332 5607 9
 333 9330 15
 334 9936 16
 335 11780 19
 336 4952 8
 337 1236 2
 338 9255 15
 339 2464 4
 340 9225 15
 341 6140 10
 342 11034 18
 343 11628 19
 344 6110 10
 345 6100 10
 346 6090 10
 347 9728 16
 348 12140 20
 349 1212 2
 350 1210 2
 351 1208 2
 352 9045 15
 353 4816 8
 354 12020 20
 355 600 1
 356 7787 13
 357 8970 15
 358 8358 14
 359 4768 8
 360 2975 5
 361 10098 17
 362 6523 11
 363 6512 11
 364 5910 10
 365 10030 17
 366 9424 16
 367 1764 3
 368 587 1
 369 1172 2
 370 7020 12
 371 3504 6
 372 583 1
 373 1746 3
 374 11620 20
 375 7540 13
 376 4053 7
 377 578 1
 378 5770 10
 379 3456 6
 380 9200 16
 381 1722 3
 382 4584 8
 383 9724 17
 384 6852 12
 385 7980 14
 386 10242 18
 387 1136 2
 388 10206 18
 389 7358 13
 390 565 1
 391 4512 8
 392 563 1
 393 3372 6
 394 11220 20
 395 8960 16
 396 11180 20
 397 1674 3
 398 2228 4
 399 1668 3
 400 6660 12
 401 7202 13
 402 5530 10
 403 4416 8
 404 3306 6
 405 4400 8
 406 9333 17
 407 1096 2
 408 3282 6
 409 2730 5
 410 5450 10
 411 1088 2
 412 9231 17
 413 4336 8
 414 8656 16
 415 10800 20
 416 7546 14
 417 3228 6
 418 9666 18
 419 6968 13
 420 8025 15
 421 5874 11
 422 5330 10
 423 2660 5
 424 9558 18
 425 5300 10
 426 3703 7
 427 6864 13
 428 1581 3
 429 8942 17
 430 2100 4
 431 5764 11
 432 4707 9
 433 9396 18
 434 5731 11
 435 5720 11
 436 5190 10
 437 7770 15
 438 7755 15
 439 8772 17
 440 10300 20
 441 2570 5
 442 6669 13
 443 512 1
 444 4599 9
 445 6630 13
 446 6617 13
 447 9144 18
 448 3042 6
 449 6578 13
 450 3030 6
 451 2520 5
 452 503 1
 453 9538 19
 454 3507 7
 455 7500 15
 456 499 1
 457 4980 10
 458 4970 10
 459 7440 15
 460 8910 18
 461 2470 5
 462 1972 4
 463 1968 4
 464 9329 19
 465 5390 11
 466 1467 3
 467 2928 6
 468 6331 13
 469 9720 20
 470 6305 13
 471 6776 14
 472 5796 12
 473 3374 7
 474 5291 11
 475 8640 18
 476 5269 11
 477 7648 16
 478 1431 3
 479 5236 11
 480 950 2
 481 2844 6
 482 3311 7
 483 7552 16
 484 3768 8
 485 470 1
 486 6097 13
 487 5616 12
 488 2802 6
 489 5126 11
 490 930 2
 491 2784 6
 492 463 1
 493 6930 15
 494 2766 6
 495 920 2
 496 8262 18
 497 6870 15
 498 8226 18
 499 8664 19
 500 2275 5
 501 6810 15
 502 4983 11
 503 5424 12
 504 6765 15
 505 450 1
 506 1347 3
 507 2240 5
 508 1788 4
 509 3568 8
 510 5340 12
 511 888 2
 512 4430 10
 513 4862 11
 514 2205 5
 515 2200 5
 516 6146 14
 517 7884 18
 518 3933 9
 519 6976 16
 520 6525 15
 521 3472 8
 522 3031 7
 523 1728 4
 524 3448 8
 525 1720 4
 526 5148 12
 527 3852 9
 528 5978 14
 529 7668 18
 530 5525 13
 531 4240 10
 532 423 1
 533 1688 4
 534 2105 5
 535 6720 16
 536 5447 13
 537 6270 15
 538 4170 10
 539 4992 12
 540 4565 11
 541 2898 7
 542 6608 16
 543 6180 15
 544 822 2
 545 2870 7
 546 3681 9
 547 6120 15
 548 4070 10
 549 1218 3
 550 7290 18
 551 5252 13
 552 1209 3
 553 6432 16
 554 7218 18
 555 1600 4
 556 3990 10
 557 2786 7
 558 397 1
 559 7920 20
 560 6715 17
 561 394 1
 562 7074 18
 563 7056 18
 564 3910 10
 565 4290 11
 566 4279 11
 567 5432 14
 568 2709 7
 569 1544 4
 570 770 2
 571 5760 15
 572 6894 18
 573 6112 16
 574 2286 6
 575 4180 11
 576 758 2
 577 6804 18
 578 6786 18
 579 7144 19
 580 2625 7
 581 7106 19
 582 3357 9
 583 3720 10
 584 2226 6
 585 3330 9
 586 1476 4
 587 2208 6
 588 2569 7
 589 366 1
 590 1460 4
 591 6552 18
 592 5808 16
 593 3982 11
 594 361 1
 595 7200 20
 596 1436 4
 597 3938 11
 598 4998 14
 599 1780 5
 600 4970 14
 601 2478 7
 602 1765 5
 603 5632 16
 604 1755 5
 605 1750 5
 606 3490 10
 607 6264 18
 608 3817 11
 609 2422 7
 610 345 1
 611 6536 19
 612 3430 10
 613 6156 18
 614 3410 10
 615 6460 19
 616 339 1
 617 676 2
 618 5055 15
 619 5040 15
 620 3015 9
 621 668 2
 622 5661 17
 623 4980 15
 624 3972 12
 625 1320 4
 626 4606 14
 627 5576 17
 628 1962 6
 629 4238 13
 630 650 2
 631 3240 10
 632 2907 9
 633 4508 14
 634 1284 4
 635 6400 20
 636 6061 19
 637 2544 8
 638 2536 8
 639 3792 12
 640 4725 15
 641 2512 8
 642 6260 20
 643 5304 17
 644 4976 16
 645 3720 12
 646 1545 5
 647 5852 19
 648 921 3
 649 4284 14
 650 2440 8
 651 2432 8
 652 1818 6
 653 4228 14
 654 301 1
 655 3000 10
 656 897 3
 657 2682 9
 658 2970 10
 659 2368 8
 660 2065 7
 661 4116 14
 662 586 2
 663 2628 9
 664 4947 17
 665 1160 4
 666 2023 7
 667 4320 15
 668 4018 14
 669 5434 19
 670 4560 16
 671 1136 4
 672 566 2
 673 4794 17
 674 4777 17
 675 3640 13
 676 5580 20
 677 4170 15
 678 4432 16
 679 2760 10
 680 3025 11
 681 1918 7
 682 4641 17
 683 2448 9
 684 5149 19
 685 810 3
 686 269 1
 687 2412 9
 688 1068 4
 689 4522 17
 690 3445 13
 691 1848 7
 692 2367 9
 693 4978 19
 694 1305 5
 695 1820 7
 696 1295 5
 697 2580 10
 698 257 1
 699 4608 18
 700 1020 4
 701 2540 10
 702 1771 7
 703 1764 7
 704 1255 5
 705 4750 19
 706 1992 8
 707 2232 9
 708 2717 11
 709 2706 11
 710 3920 16
 711 4880 20
 712 4131 17
 713 3872 16
 714 482 2
 715 1440 6
 716 1195 5
 717 2380 10
 718 1659 7
 719 4248 18
 720 2585 11
 721 4680 20
 722 1864 8
 723 3248 14
 724 4620 20
 725 1380 6
 726 2061 9
 727 2736 12
 728 1362 6
 729 1582 7
 730 3150 14
 731 2912 13
 732 4460 20
 733 3108 14
 734 3315 15
 735 2420 11
 736 3504 16
 737 654 3
 738 4123 19
 739 1944 9
 740 1290 6
 741 1926 9
 742 2343 11
 743 3816 18
 744 2743 13
 745 2310 11
 746 4180 20
 747 3952 19
 748 2484 12
 749 3296 16
 750 820 4
 751 408 2
 752 1421 7
 753 1010 5
 754 3216 16
 755 2800 14
 756 1791 9
 757 990 5
 758 1970 10
 759 392 2
 760 3900 20
 761 1164 6
 762 1544 8
 763 3456 18
 764 1719 9
 765 3040 16
 766 1134 6
 767 2820 15
 768 3366 18
 769 186 1
 770 2775 15
 771 2024 11
 772 183 1
 773 2548 14
 774 3620 20
 775 3600 20
 776 3401 19
 777 1068 6
 778 3186 18
 779 2816 16
 780 3150 18
 781 522 3
 782 692 4
 783 516 3
 784 1026 6
 785 1360 8
 786 3380 20
 787 3192 19
 788 835 5
 789 498 3
 790 3300 20
 791 2952 18
 792 2445 15
 793 3240 20
 794 644 4
 795 3040 19
 796 795 5
 797 3160 20
 798 942 6
 799 2652 17
 800 2170 14
 801 924 6
 802 2754 18
 803 1216 8
 804 1510 10
 805 600 4
 806 1043 7
 807 1776 12
 808 294 2
 809 1168 8
 810 1015 7
 811 720 5
 812 715 5
 813 710 5
 814 282 2
 815 1260 9
 816 1668 12
 817 138 1
 818 2466 18
 819 2720 20
 820 2025 15
 821 268 2
 822 1862 14
 823 792 6
 824 524 4
 825 2340 18
 826 1935 15
 827 384 3
 828 1778 14
 829 2394 19
 830 250 2
 831 248 2
 832 1107 9
 833 1464 12
 834 121 1
 835 720 6
 836 1547 13
 837 236 2
 838 1989 17
 839 2204 19
 840 345 3
 841 1140 10
 842 113 1
 843 1680 15
 844 333 3
 845 1760 16
 846 1199 11
 847 1620 15
 848 107 1
 849 1802 17
 850 105 1
 851 1248 12
 852 103 1
 853 1326 13
 854 505 5
 855 1200 12
 856 792 8
 857 1372 14
 858 1843 19
 859 96 1
 860 1425 15
 861 752 8
 862 465 5
 863 1012 11
 864 1365 15
 865 990 11
 866 178 2
 867 1320 15
 868 261 3
 869 1204 14
 870 1360 16
 871 1176 14
 872 415 5
 873 328 4
 874 1620 20
 875 1280 16
 876 1501 19
 877 624 8
 878 154 2
 879 684 9
 880 1425 19
 881 740 10
 882 438 6
 883 648 9
 884 1065 15
 885 1050 15
 886 828 12
 887 1360 20
 888 536 8
 889 198 3
 890 130 2
 891 1152 18
 892 504 8
 893 372 6
 894 1098 18
 895 1020 17
 896 1121 19
 897 232 4
 898 969 17
 899 672 12
 900 990 18
 901 648 12
 902 848 16
 903 416 8
 904 102 2
 905 450 9
 906 539 11
 907 288 6
 908 893 19
 909 828 18
 910 720 16
 911 704 16
 912 344 8
 913 672 16
 914 369 9
 915 40 1
 916 468 12
 917 342 9
 918 407 11
 919 612 17
 920 245 7
 921 204 6
 922 165 5
 923 160 5
 924 31 1
 925 330 11
 926 348 12
 927 252 9
 928 81 3
 929 208 8
 930 125 5
 931 408 17
 932 207 9
 933 308 14
 934 252 12
 935 120 6
 936 152 8
 937 198 11
 938 204 12
 939 304 19
 940 150 10
 941 56 4
 942 117 9
 943 36 3
 944 154 14
 945 90 9
 946 63 7
 947 48 6
 948 35 5
 949 96 16
 950 30 6
 951 76 19
 952 54 18
 953 16 8
 954 14 14
7632