102
 1 612 6
 2 618 6
 3 2080 20
 4 105 1
 5 1802 17
 6 535 5
 7 1080 10
 8 436 4
 9 1870 17
 10 1665 15
 11 336 3
 12 791 7
 13 1596 14
 14 805 7
 15 1276 11
 16 1287 11
 17 472 4
 18 476 4
 19 1680 14
 20 1815 15
 21 732 6
 22 1230 10
 23 868 7
 24 2125 17
 25 2520 20
 26 1143 9
 27 1792 14
 28 387 3
 29 1430 11
 30 393 3
 31 1188 9
 32 665 5
 33 2412 18
 34 1485 11
 35 952 7
 36 1507 11
 37 552 4
 38 1529 11
 39 140 1
 40 282 2
 41 1136 8
 42 2288 16
 43 2304 16
 44 2610 18
 45 1460 10
 46 882 6
 47 2960 20
 48 2831 19
 49 750 5
 50 906 6
 51 2736 18
 52 2142 14
 53 616 4
 54 1705 11
 55 2652 17
 56 942 6
 57 2370 15
 58 954 6
 59 2560 16
 60 2415 15
 61 1620 10
 62 2771 17
 63 656 4
 64 1980 12
 65 2822 17
 66 1503 9
 67 1512 9
 68 169 1
 69 2210 13
 70 1368 8
 71 688 4
 72 2422 14
 73 522 3
 74 3500 20
 75 1936 11
 76 3009 17
 77 534 3
 78 2864 16
 79 900 5
 80 905 5
 81 1820 10
 82 2379 13
 83 368 2
 84 1665 9
 85 2418 13
 86 3366 18
 87 3572 19
 88 3213 17
 89 3610 19
 90 3247 17
 91 768 4
 92 2702 14
 93 1746 9
 94 1170 6
 95 3528 18
 96 3349 17
 97 396 2
 98 2189 11
 99 1000 5
 100 804 4
 101 404 2
 102 2030 10
1428