1097
 1 5485 5
 2 18666 17
 3 10990 10
 4 13200 12
 5 3303 3
 6 18734 17
 7 20957 19
 8 7728 7
 9 20995 19
 10 3318 3
 11 1107 1
 12 18836 17
 13 6654 6
 14 14430 13
 15 3333 3
 16 7784 7
 17 5565 5
 18 21166 19
 19 16725 15
 20 15624 14
 21 4468 4
 22 7826 7
 23 2238 2
 24 22400 20
 25 3363 3
 26 11220 10
 27 19091 17
 28 6744 6
 29 18000 16
 30 18016 16
 31 13524 12
 32 12408 11
 33 1129 1
 34 18080 16
 35 18096 16
 36 6792 6
 37 5665 5
 38 14742 13
 39 19295 17
 40 7952 7
 41 17055 15
 42 4552 4
 43 22780 20
 44 4560 4
 45 22820 20
 46 21698 19
 47 13716 12
 48 12584 11
 49 4580 4
 50 8022 7
 51 19499 17
 52 5740 5
 53 19533 17
 54 14950 13
 55 10359 9
 56 19584 17
 57 23060 20
 58 5770 5
 59 16170 14
 60 8092 7
 61 1157 1
 62 8106 7
 63 17385 15
 64 5800 5
 65 13932 12
 66 10458 9
 67 18608 16
 68 20952 18
 69 23300 20
 70 5830 5
 71 18672 16
 72 1168 1
 73 9352 8
 74 23400 20
 75 18736 16
 76 19924 17
 77 23460 20
 78 4696 4
 79 4700 4
 80 21168 18
 81 10593 9
 82 1178 1
 83 23580 20
 84 21240 18
 85 16534 14
 86 2364 2
 87 14196 12
 88 1184 1
 89 10665 9
 90 20162 17
 91 11870 10
 92 20196 17
 93 23780 20
 94 13090 11
 95 16674 14
 96 10728 9
 97 15509 13
 98 1194 1
 99 8365 7
 100 9568 8
 101 8379 7
 102 2396 2
 103 22781 19
 104 6000 5
 105 22819 19
 106 24040 20
 107 21654 18
 108 8428 7
 109 18075 15
 110 12060 10
 111 16898 14
 112 19328 16
 113 13299 11
 114 13310 11
 115 9688 8
 116 6060 5
 117 15769 13
 118 10926 9
 119 14580 12
 120 18240 15
 121 21906 18
 122 12180 10
 123 20723 17
 124 17080 14
 125 21978 18
 126 1222 1
 127 19568 16
 128 15912 13
 129 22050 18
 130 6130 5
 131 20859 17
 132 18420 15
 133 18435 15
 134 23370 19
 135 6155 5
 136 20944 17
 137 18495 15
 138 22212 18
 139 7410 6
 140 9888 8
 141 16081 13
 142 4952 4
 143 14868 12
 144 12400 10
 145 3723 3
 146 23598 19
 147 18645 15
 148 11196 9
 149 2490 2
 150 13706 11
 151 16211 13
 152 3744 3
 153 16237 13
 154 21250 17
 155 12510 10
 156 11268 9
 157 25060 20
 158 21318 17
 159 2510 2
 160 7536 6
 161 2514 2
 162 21386 17
 163 11331 9
 164 6300 5
 165 5044 4
 166 18930 15
 167 25260 20
 168 12640 10
 169 1265 1
 170 22788 18
 171 7602 6
 172 19020 15
 173 11421 9
 174 8890 7
 175 20336 16
 176 25440 20
 177 6365 5
 178 1274 1
 179 7650 6
 180 24244 19
 181 25540 20
 182 12780 10
 183 17906 14
 184 10240 8
 185 19215 15
 186 2564 2
 187 21811 17
 188 10272 8
 189 8995 7
 190 21862 17
 191 10296 8
 192 10304 8
 193 24491 19
 194 9030 7
 195 19365 15
 196 20672 16
 197 21981 17
 198 14234 11
 199 22015 17
 200 24624 19
 201 5188 4
 202 25960 20
 203 5196 4
 204 11700 9
 205 9107 7
 206 5208 4
 207 3909 3
 208 15648 12
 209 3915 3
 210 14366 11
 211 1307 1
 212 26160 20
 213 23562 18
 214 3930 3
 215 22287 17
 216 9184 7
 217 17069 13
 218 9198 7
 219 7890 6
 220 14476 11
 221 1317 1
 222 13180 10
 223 22423 17
 224 5280 4
 225 13210 10
 226 15864 12
 227 1323 1
 228 25156 19
 229 9275 7
 230 2652 2
 231 7962 6
 232 26560 20
 233 15948 12
 234 26600 20
 235 11979 9
 236 15984 12
 237 23994 18
 238 17342 13
 239 16020 12
 240 8016 6
 241 12033 9
 242 21408 16
 243 10712 8
 244 10720 8
 245 26820 20
 246 4026 3
 247 2686 2
 248 6720 5
 249 20175 15
 250 6730 5
 251 5388 4
 252 25612 19
 253 22933 17
 254 2700 2
 255 6755 5
 256 4056 3
 257 2706 2
 258 5416 4
 259 14905 11
 260 21696 16
 261 9499 7
 262 20370 15
 263 27180 20
 264 2720 2
 265 1361 1
 266 14982 11
 267 8178 6
 268 8184 6
 269 8190 6
 270 4098 3
 271 5468 4
 272 17784 13
 273 2738 2
 274 10960 8
 275 9597 7
 276 10976 8
 277 12357 9
 278 24732 18
 279 16500 12
 280 26144 19
 281 1377 1
 282 12402 9
 283 8274 6
 284 4140 3
 285 1381 1
 286 2764 2
 287 11064 8
 288 1384 1
 289 6925 5
 290 19404 14
 291 16644 12
 292 13880 10
 293 13890 10
 294 11120 8
 295 1391 1
 296 19488 14
 297 12537 9
 298 23698 17
 299 9765 7
 300 9772 7
 301 8382 6
 302 23766 17
 303 6995 5
 304 2800 2
 305 15411 11
 306 9814 7
 307 18239 13
 308 12636 9
 309 23885 17
 310 15466 11
 311 4221 3
 312 12672 9
 313 4227 3
 314 1410 1
 315 14110 10
 316 14120 10
 317 9891 7
 318 18382 13
 319 21225 15
 320 15576 11
 321 8502 6
 322 21270 15
 323 26961 19
 324 1420 1
 325 25578 18
 326 12798 9
 327 28460 20
 328 1424 1
 329 1425 1
 330 17112 12
 331 25686 18
 332 14280 10
 333 10003 7
 334 2860 2
 335 15741 11
 336 25776 18
 337 4299 3
 338 2868 2
 339 11480 8
 340 8616 6
 341 8622 6
 342 12942 9
 343 5756 4
 344 11520 8
 345 17292 12
 346 24514 17
 347 24531 17
 348 20216 14
 349 23120 16
 350 5784 4
 351 14470 10
 352 4344 3
 353 10143 7
 354 10150 7
 355 23216 16
 356 27588 19
 357 5812 4
 358 17448 12
 359 2910 2
 360 29120 20
 361 27683 19
 362 27702 19
 363 7295 5
 364 20440 14
 365 14610 10
 366 23392 16
 367 26334 18
 368 17568 12
 369 13185 9
 370 2932 2
 371 27873 19
 372 8808 6
 373 14690 10
 374 27930 19
 375 1471 1
 376 10304 7
 377 14730 10
 378 8844 6
 379 13275 9
 380 8856 6
 381 1477 1
 382 23648 16
 383 1479 1
 384 13320 9
 385 20734 14
 386 14820 10
 387 2966 2
 388 2968 2
 389 28215 19
 390 20804 14
 391 4461 3
 392 14880 10
 393 5956 4
 394 16390 11
 395 2982 2
 396 14920 10
 397 16423 11
 398 11952 8
 399 5980 4
 400 16456 11
 401 23952 16
 402 17976 12
 403 5996 4
 404 21000 14
 405 7505 5
 406 7510 5
 407 12024 8
 408 1504 1
 409 7525 5
 410 4518 3
 411 30140 20
 412 21112 14
 413 9054 6
 414 18120 12
 415 9066 6
 416 25704 17
 417 22695 15
 418 12112 8
 419 22725 15
 420 22740 15
 421 30340 20
 422 9108 6
 423 22785 15
 424 19760 13
 425 28899 19
 426 27396 18
 427 12184 8
 428 16764 11
 429 1525 1
 430 21364 14
 431 6108 4
 432 24448 16
 433 1529 1
 434 27540 18
 435 6124 4
 436 27576 18
 437 13797 9
 438 6136 4
 439 12280 8
 440 21504 14
 441 1537 1
 442 9228 6
 443 4617 3
 444 26180 17
 445 9246 6
 446 21588 14
 447 7715 5
 448 21616 14
 449 26265 17
 450 15460 10
 451 29393 19
 452 6192 4
 453 7745 5
 454 13950 9
 455 1551 1
 456 15520 10
 457 21742 14
 458 15540 10
 459 1555 1
 460 6224 4
 461 24912 16
 462 29602 19
 463 12472 8
 464 31200 20
 465 15610 10
 466 20306 13
 467 6252 4
 468 6256 4
 469 15650 10
 470 15660 10
 471 20371 13
 472 25088 16
 473 15690 10
 474 31400 20
 475 3142 2
 476 11004 7
 477 22022 14
 478 22036 14
 479 7875 5
 480 11032 7
 481 14193 9
 482 15780 10
 483 6316 4
 484 15800 10
 485 14229 9
 486 17402 11
 487 1583 1
 488 15840 10
 489 26945 17
 490 28548 18
 491 11109 7
 492 3176 2
 493 11123 7
 494 31800 20
 495 11137 7
 496 12736 8
 497 23895 15
 498 9564 6
 499 1595 1
 500 19152 12
 501 3194 2
 502 7990 5
 503 22386 14
 504 25600 16
 505 12808 8
 506 9612 6
 507 3206 2
 508 22456 14
 509 3210 2
 510 28908 18
 511 3214 2
 512 8040 5
 513 32180 20
 514 3220 2
 515 1611 1
 516 16120 10
 517 29034 18
 518 22596 14
 519 3230 2
 520 27472 17
 521 21021 13
 522 29124 18
 523 24285 15
 524 30780 19
 525 6484 4
 526 12976 8
 527 22722 14
 528 30856 19
 529 19500 12
 530 29268 18
 531 26032 16
 532 22792 14
 533 32580 20
 534 24450 15
 535 8155 5
 536 11424 7
 537 3266 2
 538 17974 11
 539 13080 8
 540 8180 5
 541 19644 12
 542 13104 8
 543 22946 14
 544 8200 5
 545 16410 10
 546 27914 17
 547 31217 19
 548 4932 3
 549 19740 12
 550 29628 18
 551 4941 3
 552 31312 19
 553 26384 16
 554 16500 10
 555 19812 12
 556 33040 20
 557 9918 6
 558 24810 15
 559 31445 19
 560 31464 19
 561 18227 11
 562 1658 1
 563 13272 8
 564 18260 11
 565 26576 16
 566 16620 10
 567 18293 11
 568 1664 1
 569 8325 5
 570 3332 2
 571 28339 17
 572 10008 6
 573 16690 10
 574 28390 17
 575 10026 6
 576 33440 20
 577 23422 14
 578 18414 11
 579 33500 20
 580 6704 4
 581 5031 3
 582 10068 6
 583 13432 8
 584 28560 17
 585 25215 15
 586 13456 8
 587 33660 20
 588 1684 1
 589 8425 5
 590 30348 18
 591 15183 9
 592 27008 16
 593 18579 11
 594 23660 14
 595 13528 8
 596 25380 15
 597 3386 2
 598 18634 11
 599 3390 2
 600 18656 11
 601 8485 5
 602 27168 16
 603 18689 11
 604 1700 1
 605 27216 16
 606 22126 13
 607 10218 6
 608 28968 17
 609 15345 9
 610 20472 12
 611 8535 5
 612 34160 20
 613 23926 14
 614 18810 11
 615 13688 8
 616 1712 1
 617 30834 18
 618 6856 4
 619 34300 20
 620 10296 6
 621 5151 3
 622 3436 2
 623 17190 10
 624 24080 14
 625 1721 1
 626 5166 3
 627 6892 4
 628 25860 15
 629 31050 18
 630 10356 6
 631 22451 13
 632 10368 6
 633 8645 5
 634 8650 5
 635 34620 20
 636 17320 10
 637 17330 10
 638 12138 7
 639 5205 3
 640 22568 13
 641 1737 1
 642 12166 7
 643 33041 19
 644 6960 4
 645 3482 2
 646 8710 5
 647 24402 14
 648 31392 18
 649 8725 5
 650 1746 1
 651 27952 16
 652 22724 13
 653 24486 14
 654 3500 2
 655 12257 7
 656 22776 13
 657 3506 2
 658 15786 9
 659 14040 8
 660 26340 15
 661 33383 19
 662 5274 3
 663 10554 6
 664 31680 18
 665 5283 3
 666 7048 4
 667 5289 3
 668 3528 2
 669 14120 8
 670 3532 2
 671 10602 6
 672 31824 18
 673 5307 3
 674 5310 3
 675 17710 10
 676 21264 12
 677 26595 15
 678 26610 15
 679 14200 8
 680 30192 17
 681 10662 6
 682 30226 17
 683 30243 17
 684 23140 13
 685 10686 6
 686 17820 10
 687 10698 6
 688 26760 15
 689 1785 1
 690 32148 18
 691 26805 15
 692 28608 16
 693 17890 10
 694 32220 18
 695 7164 4
 696 17920 10
 697 32274 18
 698 23322 13
 699 7180 4
 700 16164 9
 701 12579 7
 702 34162 19
 703 12593 7
 704 12600 7
 705 25214 14
 706 9010 5
 707 30651 17
 708 14432 8
 709 10830 6
 710 9030 5
 711 23491 13
 712 7232 4
 713 1809 1
 714 21720 12
 715 30787 17
 716 1812 1
 717 19943 11
 718 1814 1
 719 12705 7
 720 25424 14
 721 16353 9
 722 19998 11
 723 3638 2
 724 21840 12
 725 10926 6
 726 34618 19
 727 7292 4
 728 21888 12
 729 29200 16
 730 3652 2
 731 36540 20
 732 10968 6
 733 20119 11
 734 21960 12
 735 29296 16
 736 5496 3
 737 10998 6
 738 11004 6
 739 14680 8
 740 31212 17
 741 36740 20
 742 1838 1
 743 9195 5
 744 20240 11
 745 36820 20
 746 7368 4
 747 14744 8
 748 18440 10
 749 36900 20
 750 18460 10
 751 18470 10
 752 11088 6
 753 36980 20
 754 18500 10
 755 31467 17
 756 9260 5
 757 24089 13
 758 1854 1
 759 7420 4
 760 3712 2
 761 29712 16
 762 11148 6
 763 24167 13
 764 16740 9
 765 3722 2
 766 26068 14
 767 27945 15
 768 26096 14
 769 33570 18
 770 16794 9
 771 31739 17
 772 28020 15
 773 16821 9
 774 13090 7
 775 28065 15
 776 29952 16
 777 11238 6
 778 35606 19
 779 33750 18
 780 13132 7
 781 30032 16
 782 35682 19
 783 28185 15
 784 22560 12
 785 31977 17
 786 35758 19
 787 1883 1
 788 26376 14
 789 20735 11
 790 22632 12
 791 37740 20
 792 13216 7
 793 26446 14
 794 26460 14
 795 32147 17
 796 5676 3
 797 11358 6
 798 7576 4
 799 22740 12
 800 37920 20
 801 28455 15
 802 20878 11
 803 7596 4
 804 26600 14
 805 38020 20
 806 32334 17
 807 11418 6
 808 38080 20
 809 9525 5
 810 22872 12
 811 5721 3
 812 28620 15
 813 26726 14
 814 38200 20
 815 22932 12
 816 34416 18
 817 32521 17
 818 3828 2
 819 7660 4
 820 17244 9
 821 26838 14
 822 34524 18
 823 38380 20
 824 13440 7
 825 34578 18
 826 9610 5
 827 11538 6
 828 28860 15
 829 1925 1
 830 15408 8
 831 13489 7
 832 1928 1
 833 25077 13
 834 19300 10
 835 32827 17
 836 9660 5
 837 38660 20
 838 5802 3
 839 19350 10
 840 21296 11
 841 11622 6
 842 3876 2
 843 13573 7
 844 15520 8
 845 25233 13
 846 34956 18
 847 17487 9
 848 21384 11
 849 27230 14
 850 38920 20
 851 33099 17
 852 21428 11
 853 19490 10
 854 23400 12
 855 5853 3
 856 19520 10
 857 29295 15
 858 9770 5
 859 11730 6
 860 9780 5
 861 31312 16
 862 19580 10
 863 11754 6
 864 9800 5
 865 13727 7
 866 5886 3
 867 9815 5
 868 39280 20
 869 21615 11
 870 13762 7
 871 27538 14
 872 3936 2
 873 3938 2
 874 35460 18
 875 37449 19
 876 1972 1
 877 29595 15
 878 27636 14
 879 3950 2
 880 29640 15
 881 11862 6
 882 31648 16
 883 27706 14
 884 1980 1
 885 21791 11
 886 15856 8
 887 27762 14
 888 11904 6
 889 33745 17
 890 37734 19
 891 39740 20
 892 35784 18
 893 27846 14
 894 23880 12
 895 33847 17
 896 37848 19
 897 35874 18
 898 3988 2
 899 27930 14
 900 27944 14
 901 23964 12
 902 11988 6
 903 21989 11
 904 20000 10
 905 6003 3
 906 26026 13
 907 20030 10
 908 18036 9
 909 14035 7
 910 16048 8
 911 22077 11
 912 30120 15
 913 26117 13
 914 32160 16
 915 10055 5
 916 20120 10
 917 40260 20
 918 16112 8
 919 8060 4
 920 18144 9
 921 34289 17
 922 4036 2
 923 8076 4
 924 2020 1
 925 6063 3
 926 26286 13
 927 28322 14
 928 28336 14
 929 32400 16
 930 4052 2
 931 6081 3
 932 16224 8
 933 24348 12
 934 36540 18
 935 22341 11
 936 24384 12
 937 22363 11
 938 22374 11
 939 34595 17
 940 4072 2
 941 2037 1
 942 26494 13
 943 4078 2
 944 16320 8
 945 2041 1
 946 26546 13
 947 14301 7
 948 16352 8
 949 12270 6
 950 10230 5
 951 16376 8
 952 18432 9
 953 20490 10
 954 20500 10
 955 26663 13
 956 20520 10
 957 26689 13
 958 28756 14
 959 6165 3
 960 6168 3
 961 32912 16
 962 16464 8
 963 30885 15
 964 28840 14
 965 14427 7
 966 18558 9
 967 24756 12
 968 26832 13
 969 18585 9
 970 16528 8
 971 12402 6
 972 35156 17
 973 28966 14
 974 28980 14
 975 2071 1
 976 18648 9
 977 8292 4
 978 6222 3
 979 18675 9
 980 33216 16
 981 41540 20
 982 22858 11
 983 22869 11
 984 16640 8
 985 41620 20
 986 33312 16
 987 8332 4
 988 16672 8
 989 22935 11
 990 25032 12
 991 18783 9
 992 6264 3
 993 41780 20
 994 16720 8
 995 29274 14
 996 25104 12
 997 37674 18
 998 6282 3
 999 10475 5
 1000 39824 19
 1001 14679 7
 1002 29372 14
 1003 18891 9
 1004 21000 10
 1005 25212 12
 1006 37836 18
 1007 2103 1
 1008 31560 15
 1009 21050 10
 1010 40014 19
 1011 8428 4
 1012 27404 13
 1013 27417 13
 1014 4220 2
 1015 25332 12
 1016 6336 3
 1017 19017 9
 1018 2114 1
 1019 12690 6
 1020 16928 8
 1021 14819 7
 1022 33888 16
 1023 4238 2
 1024 6360 3
 1025 6363 3
 1026 31830 15
 1027 10615 5
 1028 21240 10
 1029 38250 18
 1030 31890 15
 1031 4254 2
 1032 19152 9
 1033 40451 19
 1034 34080 16
 1035 40489 19
 1036 31980 15
 1037 2133 1
 1038 32010 15
 1039 36295 17
 1040 10680 5
 1041 19233 9
 1042 40622 19
 1043 34224 16
 1044 10700 5
 1045 27833 13
 1046 36414 17
 1047 12858 6
 1048 21440 10
 1049 12870 6
 1050 10730 5
 1051 32205 15
 1052 2148 1
 1053 19341 9
 1054 19350 9
 1055 27963 13
 1056 4304 2
 1057 34448 16
 1058 32310 15
 1059 25860 12
 1060 6468 3
 1061 8628 4
 1062 8632 4
 1063 8636 4
 1064 28080 13
 1065 8644 4
 1066 28106 13
 1067 38934 18
 1068 6492 3
 1069 4330 2
 1070 10830 5
 1071 2167 1
 1072 10840 5
 1073 19521 9
 1074 10850 5
 1075 15197 7
 1076 43440 20
 1077 4346 2
 1078 43480 20
 1079 8700 4
 1080 19584 9
 1081 6531 3
 1082 19602 9
 1083 39222 18
 1084 26160 12
 1085 15267 7
 1086 32730 15
 1087 15281 7
 1088 10920 5
 1089 19665 9
 1090 4372 2
 1091 6561 3
 1092 10940 5
 1093 35024 16
 1094 37230 17
 1095 10955 5
 1096 28496 13
 1097 15351 7
13164