117
 1 1404 12
 2 1180 10
 3 2142 18
 4 2160 18
 5 2057 17
 6 2318 19
 7 1599 13
 8 1860 15
 9 2125 17
 10 2520 20
 11 254 2
 12 640 5
 13 2322 18
 14 1300 10
 15 917 7
 16 396 3
 17 931 7
 18 2144 16
 19 2430 18
 20 2176 16
 21 1096 8
 22 2346 17
 23 2363 17
 24 2100 15
 25 423 3
 26 1988 14
 27 1287 9
 28 288 2
 29 580 4
 30 2336 16
 31 1617 11
 32 2812 19
 33 1341 9
 34 2250 15
 35 755 5
 36 1672 11
 37 918 6
 38 1694 11
 39 1550 10
 40 1092 7
 41 2669 17
 42 2370 15
 43 3180 20
 44 1920 12
 45 483 3
 46 2592 16
 47 2608 16
 48 164 1
 49 1980 12
 50 1826 11
 51 167 1
 52 336 2
 53 1690 10
 54 1700 10
 55 171 1
 56 344 2
 57 2595 15
 58 522 3
 59 2625 15
 60 3168 18
 61 531 3
 62 178 1
 63 1969 11
 64 540 3
 65 3439 19
 66 910 5
 67 732 4
 68 1840 10
 69 740 4
 70 558 3
 71 748 4
 72 564 3
 73 567 3
 74 3230 17
 75 2101 11
 76 3072 16
 77 579 3
 78 194 1
 79 1365 7
 80 1960 10
 81 2955 15
 82 2376 12
 83 3582 18
 84 2000 10
 85 2613 13
 86 808 4
 87 1015 5
 88 2448 12
 89 3895 19
 90 1442 7
 91 3519 17
 92 3952 19
 93 836 4
 94 3780 18
 95 844 4
 96 2544 12
 97 1065 5
 98 2568 12
 99 215 1
 100 3888 18
 101 1736 8
 102 2616 12
 103 4161 19
 104 2200 10
 105 2210 10
 106 888 4
 107 2676 12
 108 3136 14
 109 3150 14
 110 3390 15
 111 4540 20
 112 2280 10
 113 4122 18
 114 1150 5
 115 2772 12
 116 1624 7
 117 2097 9
702