1262
 1 12620 10
 2 16419 13
 3 7584 6
 4 12650 10
 5 25320 20
 6 12670 10
 7 5072 4
 8 7614 6
 9 10160 8
 10 25420 20
 11 12720 10
 12 5092 4
 13 22932 18
 14 2550 2
 15 17864 14
 16 24263 19
 17 11502 9
 18 15348 12
 19 3840 3
 20 7686 6
 21 3846 3
 22 24377 19
 23 1284 1
 24 1285 1
 25 15432 12
 26 6435 5
 27 23184 18
 28 23202 18
 29 9030 7
 30 12910 10
 31 19380 15
 32 15516 12
 33 16822 13
 34 20720 16
 35 22032 17
 36 15564 12
 37 18172 14
 38 15588 12
 39 15600 12
 40 5204 4
 41 11718 9
 42 7818 6
 43 18256 14
 44 7830 6
 45 1306 1
 46 9149 7
 47 5232 4
 48 7854 6
 49 6550 5
 50 18354 14
 51 22304 17
 52 7878 6
 53 23652 18
 54 14465 11
 55 25004 19
 56 11853 9
 57 7908 6
 58 19785 15
 59 13200 10
 60 2642 2
 61 25118 19
 62 9261 7
 63 10592 8
 64 10600 8
 65 11934 9
 66 26540 20
 67 19920 15
 68 23922 18
 69 17290 13
 70 22627 17
 71 2664 2
 72 23994 18
 73 1334 1
 74 18690 14
 75 14696 11
 76 1337 1
 77 8028 6
 78 18746 14
 79 4020 3
 80 22797 17
 81 26840 20
 82 8058 6
 83 6720 5
 84 18830 14
 85 14806 11
 86 2694 2
 87 5392 4
 88 6745 5
 89 27000 20
 90 25669 19
 91 4056 3
 92 27060 20
 93 4062 3
 94 1355 1
 95 24408 18
 96 4071 3
 97 6790 5
 98 2718 2
 99 27200 20
 100 25859 19
 101 5448 4
 102 25897 19
 103 16368 12
 104 4095 3
 105 19124 14
 106 5468 4
 107 19152 14
 108 10952 8
 109 26030 19
 110 2742 2
 111 8232 6
 112 15103 11
 113 5496 4
 114 9625 7
 115 26144 19
 116 9639 7
 117 20670 15
 118 15169 11
 119 24840 18
 120 19334 14
 121 1382 1
 122 24894 18
 123 9688 7
 124 1385 1
 125 5544 4
 126 6935 5
 127 4164 3
 128 16668 12
 129 19460 14
 130 4173 3
 131 2784 2
 132 16716 12
 133 1394 1
 134 20925 15
 135 5584 4
 136 16764 12
 137 8388 6
 138 20985 15
 139 15400 11
 140 28020 20
 141 1402 1
 142 22448 16
 143 25272 18
 144 8430 6
 145 14060 10
 146 26733 19
 147 21120 15
 148 7045 5
 149 28200 20
 150 22576 16
 151 26828 19
 152 1413 1
 153 12726 9
 154 14150 10
 155 22656 16
 156 22672 16
 157 2836 2
 158 5676 4
 159 12780 9
 160 5684 4
 161 28440 20
 162 4269 3
 163 17088 12
 164 28500 20
 165 28520 20
 166 12843 9
 167 14280 10
 168 11432 8
 169 15730 11
 170 12879 9
 171 15752 11
 172 25794 18
 173 22944 16
 174 12915 9
 175 10052 7
 176 5748 4
 177 21570 15
 178 14390 10
 179 15840 11
 180 21615 15
 181 15862 11
 182 12987 9
 183 5776 4
 184 24565 17
 185 17352 12
 186 7235 5
 187 7240 5
 188 13041 9
 189 10150 7
 190 5804 4
 191 23232 16
 192 7265 5
 193 18902 13
 194 2910 2
 195 29120 20
 196 16027 11
 197 24786 17
 198 23344 16
 199 2920 2
 200 14610 10
 201 20468 14
 202 7315 5
 203 2928 2
 204 11720 8
 205 16126 11
 206 4401 3
 207 7340 5
 208 1469 1
 209 23520 16
 210 17652 12
 211 11776 8
 212 2946 2
 213 28006 19
 214 5900 4
 215 8856 6
 216 2954 2
 217 22170 15
 218 4437 3
 219 25160 17
 220 20734 14
 221 20748 14
 222 13347 9
 223 19292 13
 224 13365 9
 225 17832 12
 226 2974 2
 227 26784 18
 228 22335 15
 229 14900 10
 230 7455 5
 231 13428 9
 232 5972 4
 233 10458 7
 234 8970 6
 235 2992 2
 236 17964 12
 237 14980 10
 238 19487 13
 239 6000 4
 240 22515 15
 241 1502 1
 242 30060 20
 243 6016 4
 244 3010 2
 245 4518 3
 246 4521 3
 247 25636 17
 248 24144 16
 249 13590 9
 250 27198 18
 251 4536 3
 252 3026 2
 253 21196 14
 254 27270 18
 255 12128 8
 256 27306 18
 257 27324 18
 258 25823 17
 259 7600 5
 260 1521 1
 261 10654 7
 262 27414 18
 263 27432 18
 264 25925 17
 265 16786 11
 266 4581 3
 267 1528 1
 268 10703 7
 269 7650 5
 270 30620 20
 271 24512 16
 272 10731 7
 273 21476 14
 274 19955 13
 275 27648 18
 276 19981 13
 277 15380 10
 278 12312 8
 279 21560 14
 280 26197 17
 281 27756 18
 282 9258 6
 283 6176 4
 284 30900 20
 285 27828 18
 286 18564 12
 287 17028 11
 288 23235 15
 289 15500 10
 290 20163 13
 291 20176 13
 292 3106 2
 293 15540 10
 294 7775 5
 295 14004 9
 296 7785 5
 297 9348 6
 298 29621 19
 299 20280 13
 300 18732 12
 301 29678 19
 302 20319 13
 303 14076 9
 304 7825 5
 305 3132 2
 306 25072 16
 307 6272 4
 308 17259 11
 309 10990 7
 310 26707 17
 311 20436 13
 312 11011 7
 313 6296 4
 314 4725 3
 315 26792 17
 316 7885 5
 317 25248 16
 318 7895 5
 319 12640 8
 320 25296 16
 321 18984 12
 322 26911 17
 323 23760 15
 324 15850 10
 325 15860 10
 326 6348 4
 327 12704 8
 328 9534 6
 329 17490 11
 330 15910 10
 331 4776 3
 332 20709 13
 333 6376 4
 334 25520 16
 335 28728 18
 336 27149 17
 337 28764 18
 338 6396 4
 339 14400 9
 340 22414 14
 341 22428 14
 342 17633 11
 343 19248 12
 344 8025 5
 345 9636 6
 346 24105 15
 347 19296 12
 348 11263 7
 349 17710 11
 350 27387 17
 351 9672 6
 352 16130 10
 353 19368 12
 354 17765 11
 355 19392 12
 356 25872 16
 357 25888 16
 358 25904 16
 359 6480 4
 360 4863 3
 361 27574 17
 362 21099 13
 363 6496 4
 364 22750 14
 365 30894 19
 366 17897 11
 367 27676 17
 368 29322 18
 369 27710 17
 370 24465 15
 371 24480 15
 372 31027 19
 373 29412 18
 374 1635 1
 375 27812 17
 376 22918 14
 377 24570 15
 378 32780 20
 379 8200 5
 380 18051 11
 381 4926 3
 382 1643 1
 383 27948 17
 384 1645 1
 385 26336 16
 386 9882 6
 387 28016 17
 388 6596 4
 389 24750 15
 390 29718 18
 391 8260 5
 392 33060 20
 393 16540 10
 394 9930 6
 395 28152 17
 396 3314 2
 397 3316 2
 398 18249 11
 399 4980 3
 400 31559 19
 401 13296 8
 402 29934 18
 403 1664 1
 404 23310 14
 405 21658 13
 406 18337 11
 407 11676 7
 408 21697 13
 409 20040 12
 410 30078 18
 411 20064 12
 412 13384 8
 413 25110 15
 414 5025 3
 415 1676 1
 416 8385 5
 417 28526 17
 418 33580 20
 419 18480 11
 420 3362 2
 421 18502 11
 422 28611 17
 423 33680 20
 424 11795 7
 425 10116 6
 426 28679 17
 427 5064 3
 428 21957 13
 429 25350 15
 430 15219 9
 431 32148 19
 432 8465 5
 433 16940 10
 434 13560 8
 435 22048 13
 436 27152 16
 437 3396 2
 438 16990 10
 439 32300 19
 440 11907 7
 441 25530 15
 442 18733 11
 443 6816 4
 444 1705 1
 445 17060 10
 446 5121 3
 447 15372 9
 448 6836 4
 449 6840 4
 450 30798 18
 451 5136 3
 452 13704 8
 453 22282 13
 454 13720 8
 455 3432 2
 456 24038 14
 457 6872 4
 458 22347 13
 459 22360 13
 460 6884 4
 461 20664 12
 462 3446 2
 463 27584 16
 464 6900 4
 465 10356 6
 466 10362 6
 467 10368 6
 468 31122 18
 469 17300 10
 470 20772 12
 471 25980 15
 472 5199 3
 473 13872 8
 474 26025 15
 475 29512 17
 476 22581 13
 477 10428 6
 478 31302 18
 479 12180 7
 480 26115 15
 481 20904 12
 482 31374 18
 483 5232 3
 484 22685 13
 485 17460 10
 486 26205 15
 487 31464 18
 488 6996 4
 489 21000 12
 490 3502 2
 491 15768 9
 492 21036 12
 493 21048 12
 494 3510 2
 495 8780 5
 496 26355 15
 497 31644 18
 498 1759 1
 499 3520 2
 500 8805 5
 501 3524 2
 502 5289 3
 503 15876 9
 504 14120 8
 505 24724 14
 506 7068 4
 507 22984 13
 508 24766 14
 509 28320 16
 510 12397 7
 511 14176 8
 512 1773 1
 513 14192 8
 514 35500 20
 515 30192 17
 516 23101 13
 517 35560 20
 518 23127 13
 519 14240 8
 520 21372 12
 521 16038 9
 522 30311 17
 523 14272 8
 524 14280 8
 525 1786 1
 526 14296 8
 527 16092 9
 528 25046 14
 529 32220 18
 530 34029 19
 531 7168 4
 532 3586 2
 533 12558 7
 534 19745 11
 535 10776 6
 536 21564 12
 537 1798 1
 538 12593 7
 539 12600 7
 540 14408 8
 541 36040 20
 542 1803 1
 543 18040 10
 544 23465 13
 545 3612 2
 546 32526 18
 547 10848 6
 548 27135 15
 549 3620 2
 550 19921 11
 551 16308 9
 552 27195 15
 553 27210 15
 554 5445 3
 555 14528 8
 556 30889 17
 557 36360 20
 558 34561 19
 559 3640 2
 560 1821 1
 561 7288 4
 562 7292 4
 563 23712 13
 564 20075 11
 565 31042 17
 566 27405 15
 567 5484 3
 568 9145 5
 569 18300 10
 570 14648 8
 571 10992 6
 572 27495 15
 573 23842 13
 574 20185 11
 575 31212 17
 576 23881 13
 577 1838 1
 578 36780 20
 579 27600 15
 580 27615 15
 581 5526 3
 582 5529 3
 583 22128 12
 584 29520 16
 585 36920 20
 586 7388 4
 587 24024 13
 588 20339 11
 589 16650 9
 590 11106 6
 591 25928 14
 592 31501 17
 593 12978 7
 594 9275 5
 595 18560 10
 596 3714 2
 597 13006 7
 598 14872 8
 599 18600 10
 600 7444 4
 601 18620 10
 602 13041 7
 603 11184 6
 604 16785 9
 605 20526 11
 606 13069 7
 607 11208 6
 608 20559 11
 609 1870 1
 610 26194 14
 611 5616 3
 612 5619 3
 613 24362 13
 614 1875 1
 615 1876 1
 616 35663 19
 617 31926 17
 618 28185 15
 619 20680 11
 620 13167 7
 621 15056 8
 622 32011 17
 623 33912 18
 624 7540 4
 625 28290 15
 626 26418 14
 627 35872 19
 628 20779 11
 629 37800 20
 630 32147 17
 631 15136 8
 632 28395 15
 633 32198 17
 634 1895 1
 635 9480 5
 636 34146 18
 637 11388 6
 638 18990 10
 639 17100 9
 640 3802 2
 641 5706 3
 642 20933 11
 643 5712 3
 644 34290 18
 645 13342 7
 646 26698 14
 647 1908 1
 648 36271 19
 649 3820 2
 650 22932 12
 651 34416 18
 652 30608 16
 653 34452 18
 654 9575 5
 655 11496 6
 656 30672 16
 657 24934 13
 658 13433 7
 659 36480 19
 660 13447 7
 661 19220 10
 662 3846 2
 663 17316 9
 664 28875 15
 665 30816 16
 666 15416 8
 667 11568 6
 668 15432 8
 669 13510 7
 670 3862 2
 671 7728 4
 672 5799 3
 673 1934 1
 674 38700 20
 675 21296 11
 676 13559 7
 677 29070 15
 678 11634 6
 679 13580 7
 680 27174 14
 681 23304 12
 682 9715 5
 683 13608 7
 684 38900 20
 685 38920 20
 686 33099 17
 687 1948 1
 688 38980 20
 689 27300 14
 690 35118 18
 691 19520 10
 692 35154 18
 693 9770 5
 694 25415 13
 695 27384 14
 696 25441 13
 697 37202 19
 698 27426 14
 699 25480 13
 700 31376 16
 701 15696 8
 702 1963 1
 703 5892 3
 704 15720 8
 705 5898 3
 706 39340 20
 707 25584 13
 708 1969 1
 709 27580 14
 710 39420 20
 711 3944 2
 712 3946 2
 713 3948 2
 714 3950 2
 715 15808 8
 716 19770 10
 717 21758 11
 718 31664 16
 719 29700 15
 720 33677 17
 721 15856 8
 722 9915 5
 723 23808 12
 724 21835 11
 725 39720 20
 726 17883 9
 727 19880 10
 728 15912 8
 729 7960 4
 730 39820 20
 731 19920 10
 732 9965 5
 733 15952 8
 734 37905 19
 735 35928 18
 736 11982 6
 737 31968 16
 738 31984 16
 739 32000 16
 740 4002 2
 741 38038 19
 742 28042 14
 743 30060 15
 744 16040 8
 745 38114 19
 746 2007 1
 747 10040 5
 748 18081 9
 749 36180 18
 750 36198 18
 751 36216 18
 752 8052 4
 753 38266 19
 754 12090 6
 755 14112 7
 756 20170 10
 757 32288 16
 758 24228 12
 759 20200 10
 760 38399 19
 761 18198 9
 762 2023 1
 763 20240 10
 764 8100 4
 765 14182 7
 766 16216 8
 767 32448 16
 768 20290 10
 769 30450 15
 770 30465 15
 771 12192 6
 772 26429 13
 773 38646 19
 774 4070 2
 775 2036 1
 776 38703 19
 777 30570 15
 778 20390 10
 779 4080 2
 780 18369 9
 781 2042 1
 782 6129 3
 783 4088 2
 784 22495 11
 785 18414 9
 786 24564 12
 787 12288 6
 788 12294 6
 789 6150 3
 790 28714 14
 791 24624 12
 792 26689 13
 793 14378 7
 794 16440 8
 795 20560 10
 796 22627 11
 797 34986 17
 798 39121 19
 799 6180 3
 800 26793 13
 801 26806 13
 802 22693 11
 803 16512 8
 804 22715 11
 805 4132 2
 806 20670 10
 807 22748 11
 808 37242 18
 809 37260 18
 810 31065 15
 811 18648 9
 812 37314 18
 813 24888 12
 814 8300 4
 815 26988 13
 816 24924 12
 817 22858 11
 818 12474 6
 819 27040 13
 820 16648 8
 821 29148 14
 822 39577 19
 823 31260 15
 824 41700 20
 825 22946 11
 826 4174 2
 827 10440 5
 828 41780 20
 829 35530 17
 830 39729 19
 831 18828 9
 832 14651 7
 833 33504 16
 834 35615 17
 835 6288 3
 836 2097 1
 837 27274 13
 838 14693 7
 839 29400 14
 840 14707 7
 841 37836 18
 842 6309 3
 843 4208 2
 844 14735 7
 845 4212 2
 846 12642 6
 847 8432 4
 848 2109 1
 849 33760 16
 850 10555 5
 851 16896 8
 852 10565 5
 853 10570 5
 854 31725 15
 855 42320 20
 856 8468 4
 857 16944 8
 858 29666 14
 859 14840 7
 860 33936 16
 861 23342 11
 862 40337 19
 863 12744 6
 864 21250 10
 865 38268 18
 866 38286 18
 867 25536 12
 868 27677 13
 869 27690 13
 870 42620 20
 871 29848 14
 872 10665 5
 873 38412 18
 874 42700 20
 875 32040 15
 876 10685 5
 877 34208 16
 878 14973 7
 879 4280 2
 880 12846 6
 881 40698 19
 882 10715 5
 883 10720 5
 884 12870 6
 885 38628 18
 886 2147 1
 887 4296 2
 888 25788 12
 889 19350 9
 890 2151 1
 891 17216 8
 892 30142 14
 893 36618 17
 894 12930 6
 895 36652 17
 896 34512 16
 897 2158 1
 898 17272 8
 899 30240 14
 900 10805 5
 901 6486 3
 902 6489 3
 903 2164 1
 904 43300 20
 905 34656 16
 906 17336 8
 907 17344 8
 908 28197 13
 909 4340 2
 910 30394 14
 911 30408 14
 912 23903 11
 913 2174 1
 914 41325 19
 915 21760 10
 916 23947 11
 917 4356 2
 918 8716 4
 919 37060 17
 920 6543 3
 921 13092 6
 922 4366 2
 923 19656 9
 924 43700 20
 925 21860 10
 926 30618 14
 927 17504 8
 928 30646 14
 929 8760 4
 930 8764 4
 931 21920 10
 932 21930 10
 933 2194 1
 934 10975 5
 935 30744 14
 936 37349 17
 937 6594 3
 938 19791 9
 939 2200 1
 940 11005 5
 941 8808 4
 942 30842 14
 943 22040 10
 944 8820 4
 945 24266 11
 946 4414 2
 947 39744 18
 948 19881 9
 949 30940 14
 950 30954 14
 951 8848 4
 952 15491 7
 953 22140 10
 954 8860 4
 955 6648 3
 956 28821 13
 957 13308 6
 958 24409 11
 959 15540 7
 960 2221 1
 961 24442 11
 962 33345 15
 963 22240 10
 964 33375 15
 965 2226 1
 966 8908 4
 967 13368 6
 968 28977 13
 969 13380 6
 970 26772 12
 971 33480 15
 972 33495 15
 973 8936 4
 974 33525 15
 975 31304 14
 976 17896 8
 977 8952 4
 978 13434 6
 979 17920 8
 980 40338 18
 981 6726 3
 982 26916 12
 983 44880 20
 984 40410 18
 985 35936 16
 986 13482 6
 987 15736 7
 988 31486 14
 989 4500 2
 990 29263 13
 991 29276 13
 992 31542 14
 993 40572 18
 994 40590 18
 995 22560 10
 996 38369 17
 997 2258 1
 998 24849 11
 999 27120 12
 1000 45220 20
 1001 6786 3
 1002 13578 6
 1003 13584 6
 1004 2265 1
 1005 2266 1
 1006 4534 2
 1007 2268 1
 1008 40842 18
 1009 4540 2
 1010 11355 5
 1011 9088 4
 1012 11365 5
 1013 36384 16
 1014 18200 8
 1015 2276 1
 1016 22770 10
 1017 27336 12
 1018 6837 3
 1019 38760 17
 1020 27372 12
 1021 13692 6
 1022 36528 16
 1023 41112 18
 1024 34275 15
 1025 27432 12
 1026 32018 14
 1027 16016 7
 1028 29757 13
 1029 16030 7
 1030 9164 4
 1031 16044 7
 1032 34395 15
 1033 41292 18
 1034 11475 5
 1035 39032 17
 1036 4594 2
 1037 36768 16
 1038 32186 14
 1039 36800 16
 1040 18408 8
 1041 2302 1
 1042 18424 8
 1043 41472 18
 1044 2305 1
 1045 18448 8
 1046 18456 8
 1047 13848 6
 1048 43871 19
 1049 43890 19
 1050 27732 12
 1051 13872 6
 1052 27756 12
 1053 4628 2
 1054 9260 4
 1055 2316 1
 1056 9268 4
 1057 2318 1
 1058 4638 2
 1059 27840 12
 1060 11605 5
 1061 9288 4
 1062 13938 6
 1063 27888 12
 1064 6975 3
 1065 37216 16
 1066 20943 9
 1067 32592 14
 1068 18632 8
 1069 39610 17
 1070 23310 10
 1071 34980 15
 1072 20997 9
 1073 14004 6
 1074 37360 16
 1075 14016 6
 1076 30381 13
 1077 4676 2
 1078 11695 5
 1079 39780 17
 1080 32774 14
 1081 2342 1
 1082 42174 18
 1083 11720 5
 1084 7035 3
 1085 23460 10
 1086 4694 2
 1087 18784 8
 1088 37584 16
 1089 18800 8
 1090 14106 6
 1091 44688 19
 1092 37648 16
 1093 2354 1
 1094 37680 16
 1095 18848 8
 1096 28284 12
 1097 30654 13
 1098 2359 1
 1099 18880 8
 1100 40137 17
 1101 21258 9
 1102 18904 8
 1103 18912 8
 1104 14190 6
 1105 2366 1
 1106 33138 14
 1107 35520 15
 1108 37904 16
 1109 30810 13
 1110 40307 17
 1111 45068 19
 1112 47460 20
 1113 2374 1
 1114 14250 6
 1115 30888 13
 1116 47540 20
 1117 35670 15
 1118 16653 7
 1119 11900 5
 1120 30953 13
 1121 38112 16
 1122 38128 16
 1123 23840 10
 1124 28620 12
 1125 2386 1
 1126 11935 5
 1127 38208 16
 1128 38224 16
 1129 35850 15
 1130 35865 15
 1131 33488 14
 1132 21537 9
 1133 35910 15
 1134 14370 6
 1135 26356 11
 1136 45543 19
 1137 19184 8
 1138 35985 15
 1139 12000 5
 1140 48020 20
 1141 2402 1
 1142 43254 18
 1143 33656 14
 1144 43290 18
 1145 31278 13
 1146 24070 10
 1147 31304 13
 1148 36135 15
 1149 19280 8
 1150 24110 10
 1151 14472 6
 1152 48260 20
 1153 38624 16
 1154 33810 14
 1155 43488 18
 1156 29004 12
 1157 36270 15
 1158 12095 5
 1159 48400 20
 1160 12105 5
 1161 14532 6
 1162 41191 17
 1163 26664 11
 1164 19400 8
 1165 12130 5
 1166 48540 20
 1167 21852 9
 1168 46151 19
 1169 29160 12
 1170 2431 1
 1171 17024 7
 1172 17031 7
 1173 19472 8
 1174 7305 3
 1175 43848 18
 1176 4874 2
 1177 19504 8
 1178 34146 14
 1179 34160 14
 1180 36615 15
 1181 39072 16
 1182 36645 15
 1183 26884 11
 1184 22005 9
 1185 34244 14
 1186 31811 13
 1187 34272 14
 1188 36735 15
 1189 44100 18
 1190 12255 5
 1191 36780 15
 1192 2453 1
 1193 44172 18
 1194 24550 10
 1195 41752 17
 1196 12285 5
 1197 17206 7
 1198 49180 20
 1199 29520 12
 1200 22149 9
 1201 44316 18
 1202 39408 16
 1203 4928 2
 1204 14790 6
 1205 14796 6
 1206 19736 8
 1207 44424 18
 1208 46911 19
 1209 29640 12
 1210 24710 10
 1211 22248 9
 1212 14838 6
 1213 17318 7
 1214 7425 3
 1215 14856 6
 1216 4954 2
 1217 24780 10
 1218 37185 15
 1219 34720 14
 1220 27291 11
 1221 9928 4
 1222 42211 17
 1223 17388 7
 1224 37275 15
 1225 4972 2
 1226 27357 11
 1227 2488 1
 1228 49780 20
 1229 24900 10
 1230 12455 5
 1231 14952 6
 1232 9972 4
 1233 2494 1
 1234 47405 19
 1235 34944 14
 1236 17479 7
 1237 47462 19
 1238 34986 14
 1239 7500 3
 1240 50020 20
 1241 22518 9
 1242 7509 3
 1243 42568 17
 1244 40080 16
 1245 30072 12
 1246 22563 9
 1247 35112 14
 1248 25090 10
 1249 15060 6
 1250 17577 7
 1251 40192 16
 1252 22617 9
 1253 12570 5
 1254 47785 19
 1255 42772 17
 1256 22653 9
 1257 5036 2
 1258 20152 8
 1259 5040 2
 1260 32773 13
 1261 22698 9
 1262 15138 6
1262