135
 1 2160 16
 2 2584 19
 3 2466 18
 4 2622 19
 5 2085 15
 6 1260 9
 7 846 6
 8 568 4
 9 286 2
 10 1440 10
 11 1885 13
 12 730 5
 13 588 4
 14 2516 17
 15 1937 13
 16 2250 15
 17 906 6
 18 1520 10
 19 2601 17
 20 2926 19
 21 930 6
 22 2184 14
 23 2355 15
 24 474 3
 25 159 1
 26 1280 8
 27 3059 19
 28 2106 13
 29 1793 11
 30 2296 14
 31 3135 19
 32 830 5
 33 1837 11
 34 2184 13
 35 2704 16
 36 2890 17
 37 2223 13
 38 2580 15
 39 3287 19
 40 1740 10
 41 2275 13
 42 3520 20
 43 3363 19
 44 1602 9
 45 1790 10
 46 1260 7
 47 2715 15
 48 2730 15
 49 732 4
 50 2576 14
 51 3515 19
 52 2046 11
 53 3740 20
 54 3008 16
 55 3024 16
 56 2660 14
 57 1337 7
 58 1344 7
 59 2316 12
 60 2716 14
 61 195 1
 62 3136 16
 63 591 3
 64 3168 16
 65 995 5
 66 1400 7
 67 1407 7
 68 2222 11
 69 3248 16
 70 1020 5
 71 1845 9
 72 3502 17
 73 1035 5
 74 3744 18
 75 3344 16
 76 2310 11
 77 211 1
 78 848 4
 79 3195 15
 80 2140 10
 81 3655 17
 82 1080 5
 83 3906 18
 84 872 4
 85 3285 15
 86 1540 7
 87 1326 6
 88 2886 13
 89 892 4
 90 3584 16
 91 4275 19
 92 4294 19
 93 681 3
 94 912 4
 95 2977 13
 96 4370 19
 97 3003 13
 98 232 1
 99 699 3
 100 1170 5
 101 1175 5
 102 1180 5
 103 2370 10
 104 3094 13
 105 3585 15
 106 1680 7
 107 723 3
 108 484 2
 109 3645 15
 110 4880 20
 111 245 1
 112 984 4
 113 741 3
 114 992 4
 115 2241 9
 116 500 2
 117 3514 14
 118 504 2
 119 3289 13
 120 2540 10
 121 4080 16
 122 2048 8
 123 2570 10
 124 4128 16
 125 4144 16
 126 4160 16
 127 4176 16
 128 2620 10
 129 2630 10
 130 5016 19
 131 265 1
 132 3192 12
 133 5340 20
 134 1876 7
 135 2690 10
135