1451
 1 27569 19
 2 27588 19
 3 5812 4
 4 4362 3
 5 17460 12
 6 21840 15
 7 8742 6
 8 13122 9
 9 4377 3
 10 20440 14
 11 7305 5
 12 26316 18
 13 14630 10
 14 20496 14
 15 27835 19
 16 21990 15
 17 8802 6
 18 22020 15
 19 19097 13
 20 10290 7
 21 23536 16
 22 11776 8
 23 17676 12
 24 28006 19
 25 13275 9
 26 16236 11
 27 28063 19
 28 5912 4
 29 13311 9
 30 7400 5
 31 13329 9
 32 2964 2
 33 25211 17
 34 26712 18
 35 8910 6
 36 4458 3
 37 10409 7
 38 29760 20
 39 8934 6
 40 19370 13
 41 20874 14
 42 29840 20
 43 11944 8
 44 20916 14
 45 13455 9
 46 28424 19
 47 10479 7
 48 10486 7
 49 16489 11
 50 6000 4
 51 9006 6
 52 12016 8
 53 3006 2
 54 21056 14
 55 12040 8
 56 28614 19
 57 3014 2
 58 3016 2
 59 7545 5
 60 7550 5
 61 3022 2
 62 18144 12
 63 28747 19
 64 3028 2
 65 24240 16
 66 22740 15
 67 6068 4
 68 21252 14
 69 25823 17
 70 24320 16
 71 7605 5
 72 15220 10
 73 13707 9
 74 7620 5
 75 6100 4
 76 24416 16
 77 24432 16
 78 19864 13
 79 22935 15
 80 3060 2
 81 1531 1
 82 27576 18
 83 29127 19
 84 26078 17
 85 1535 1
 86 3072 2
 87 18444 12
 88 13842 9
 89 16929 11
 90 3080 2
 91 30820 20
 92 13878 9
 93 4629 3
 94 6176 4
 95 6180 4
 96 29374 19
 97 13923 9
 98 30960 20
 99 21686 14
 100 3100 2
 101 9306 6
 102 10864 7
 103 3106 2
 104 18648 12
 105 4665 3
 106 24896 16
 107 3114 2
 108 7790 5
 109 3118 2
 110 23400 15
 111 1561 1
 112 1562 1
 113 10941 7
 114 9384 6
 115 25040 16
 116 31320 20
 117 1567 1
 118 23520 15
 119 23535 15
 120 17270 11
 121 23565 15
 122 23580 15
 123 12584 8
 124 25184 16
 125 1575 1
 126 3152 2
 127 11039 7
 128 4734 3
 129 11053 7
 130 12640 8
 131 7905 5
 132 28476 18
 133 3166 2
 134 12672 8
 135 9510 6
 136 15860 10
 137 28566 18
 138 25408 16
 139 4767 3
 140 27030 17
 141 14319 9
 142 19104 12
 143 23895 15
 144 9564 6
 145 28710 18
 146 23940 15
 147 20761 13
 148 9588 6
 149 14391 9
 150 22400 14
 151 25616 16
 152 14418 9
 153 30457 19
 154 14436 9
 155 32100 20
 156 28908 18
 157 32140 20
 158 1608 1
 159 19308 12
 160 6440 4
 161 24165 15
 162 12896 8
 163 30647 19
 164 24210 15
 165 19380 12
 166 29088 18
 167 9702 6
 168 25888 16
 169 32380 20
 170 25920 16
 171 32420 20
 172 22708 14
 173 1623 1
 174 22736 14
 175 30875 19
 176 30894 19
 177 22778 14
 178 19536 12
 179 29322 18
 180 26080 16
 181 21203 13
 182 1632 1
 183 13064 8
 184 3268 2
 185 32700 20
 186 14724 9
 187 3274 2
 188 24570 15
 189 22946 14
 190 6560 4
 191 22974 14
 192 1642 1
 193 14787 9
 194 27948 17
 195 14805 9
 196 3292 2
 197 29646 18
 198 19776 12
 199 32980 20
 200 23100 14
 201 24765 15
 202 11564 7
 203 13224 8
 204 13232 8
 205 6620 4
 206 3312 2
 207 28169 17
 208 1658 1
 209 6636 4
 210 8300 5
 211 6644 4
 212 31578 19
 213 19956 12
 214 28288 17
 215 8325 5
 216 3332 2
 217 25005 15
 218 25020 15
 219 13352 8
 220 11690 7
 221 16710 10
 222 26752 16
 223 25095 15
 224 5022 3
 225 25125 15
 226 13408 8
 227 3354 2
 228 8390 5
 229 6716 4
 230 6720 4
 231 18491 11
 232 5046 3
 233 3366 2
 234 23576 14
 235 5055 3
 236 3372 2
 237 10122 6
 238 27008 16
 239 8445 5
 240 20280 12
 241 27056 16
 242 23688 14
 243 13544 8
 244 6776 4
 245 28815 17
 246 16960 10
 247 18667 11
 248 16980 10
 249 16990 10
 250 30600 18
 251 22113 13
 252 1702 1
 253 1703 1
 254 8520 5
 255 30690 18
 256 29002 17
 257 20484 12
 258 32452 19
 259 8545 5
 260 23940 14
 261 20532 12
 262 15408 9
 263 5139 3
 264 32566 19
 265 29155 17
 266 34320 20
 267 5151 3
 268 3436 2
 269 29223 17
 270 32680 19
 271 34420 20
 272 25830 15
 273 1723 1
 274 6896 4
 275 20700 12
 276 31068 18
 277 18997 11
 278 25920 15
 279 12103 7
 280 8650 5
 281 15579 9
 282 19052 11
 283 15597 9
 284 8670 5
 285 31230 18
 286 20832 12
 287 5211 3
 288 34760 20
 289 1739 1
 290 10440 6
 291 12187 7
 292 8710 5
 293 8715 5
 294 6976 4
 295 22685 13
 296 31428 18
 297 13976 8
 298 29716 17
 299 24486 14
 300 31500 18
 301 17510 10
 302 19272 11
 303 5259 3
 304 35080 20
 305 14040 8
 306 7024 4
 307 22841 13
 308 19338 11
 309 26385 15
 310 22880 13
 311 7044 4
 312 22906 13
 313 17630 10
 314 26460 15
 315 28240 16
 316 28256 16
 317 12369 7
 318 3536 2
 319 31842 18
 320 3540 2
 321 15939 9
 322 14176 8
 323 30141 17
 324 31932 18
 325 19525 11
 326 8880 5
 327 31986 18
 328 32004 18
 329 10674 6
 330 17800 10
 331 7124 4
 332 30294 17
 333 26745 15
 334 3568 2
 335 32130 18
 336 25004 14
 337 32166 18
 338 16092 9
 339 3578 2
 340 34010 19
 341 25074 14
 342 14336 8
 343 21516 12
 344 21528 12
 345 16155 9
 346 14368 8
 347 19767 11
 348 3596 2
 349 14392 8
 350 27000 15
 351 10806 6
 352 30634 17
 353 14424 8
 354 30668 17
 355 9025 5
 356 12642 7
 357 1807 1
 358 12656 7
 359 5427 3
 360 1810 1
 361 21732 12
 362 1812 1
 363 18130 10
 364 19954 11
 365 21780 12
 366 18160 10
 367 32706 18
 368 10908 6
 369 16371 9
 370 30940 17
 371 21852 12
 372 32796 18
 373 32814 18
 374 9120 5
 375 18250 10
 376 12782 7
 377 3654 2
 378 27420 15
 379 21948 12
 380 36600 20
 381 5493 3
 382 25648 14
 383 27495 15
 384 20174 11
 385 27525 15
 386 5508 3
 387 31229 17
 388 33084 18
 389 36780 20
 390 3680 2
 391 14728 8
 392 3684 2
 393 27645 15
 394 36880 20
 395 7380 4
 396 9230 5
 397 29552 16
 398 9240 5
 399 3698 2
 400 20350 11
 401 9255 5
 402 18520 10
 403 24089 13
 404 24102 13
 405 3710 2
 406 7424 4
 407 35283 19
 408 14864 8
 409 1859 1
 410 33480 18
 411 18610 10
 412 22344 12
 413 20493 11
 414 18640 10
 415 9325 5
 416 1866 1
 417 5601 3
 418 9340 5
 419 16821 9
 420 7480 4
 421 7484 4
 422 37440 20
 423 20603 11
 424 31858 17
 425 30000 16
 426 20636 11
 427 26278 14
 428 15024 8
 429 15032 8
 430 28200 15
 431 16929 9
 432 1882 1
 433 7532 4
 434 28260 15
 435 18850 10
 436 28290 15
 437 20757 11
 438 3776 2
 439 3778 2
 440 1890 1
 441 35929 19
 442 37840 20
 443 20823 11
 444 35986 19
 445 30320 16
 446 26544 14
 447 24661 13
 448 37960 20
 449 26586 14
 450 1900 1
 451 30416 16
 452 11412 6
 453 22836 12
 454 15232 8
 455 1905 1
 456 28590 15
 457 36233 19
 458 17172 9
 459 20999 11
 460 22920 12
 461 9555 5
 462 26768 14
 463 38260 20
 464 34452 18
 465 19150 10
 466 9580 5
 467 28755 15
 468 13426 7
 469 11514 6
 470 23040 12
 471 23052 12
 472 24986 13
 473 19230 10
 474 7696 4
 475 30800 16
 476 34668 18
 477 32759 17
 478 5784 3
 479 19290 10
 480 36670 19
 481 19310 10
 482 23184 12
 483 32861 17
 484 36746 19
 485 30960 16
 486 1936 1
 487 38740 20
 488 23256 12
 489 32963 17
 490 13580 7
 491 32997 17
 492 33014 17
 493 31088 16
 494 7776 4
 495 35010 18
 496 23352 12
 497 17523 9
 498 1948 1
 499 7796 4
 500 21450 11
 501 23412 12
 502 31232 16
 503 37107 19
 504 9770 5
 505 33235 17
 506 7824 4
 507 33269 17
 508 35244 18
 509 15672 8
 510 27440 14
 511 5883 3
 512 27468 14
 513 3926 2
 514 5892 3
 515 19650 10
 516 33422 17
 517 27538 14
 518 37392 19
 519 39380 20
 520 21670 11
 521 1971 1
 522 13804 7
 523 15784 8
 524 27636 14
 525 25675 13
 526 17784 9
 527 33609 17
 528 7912 4
 529 1979 1
 530 17820 9
 531 27734 14
 532 13874 7
 533 9915 5
 534 33728 17
 535 13895 7
 536 33762 17
 537 27818 14
 538 29820 15
 539 37791 19
 540 31840 16
 541 19910 10
 542 9960 5
 543 23916 12
 544 33898 17
 545 7980 4
 546 15968 8
 547 23964 12
 548 33966 17
 549 31984 16
 550 14000 7
 551 22011 11
 552 8008 4
 553 18027 9
 554 4008 2
 555 20050 10
 556 14042 7
 557 20070 10
 558 4016 2
 559 30135 15
 560 2010 1
 561 14077 7
 562 24144 12
 563 8052 4
 564 10070 5
 565 2015 1
 566 18144 9
 567 38323 19
 568 40360 20
 569 38361 19
 570 34340 17
 571 36378 18
 572 10110 5
 573 4046 2
 574 16192 8
 575 26325 13
 576 10130 5
 577 12162 6
 578 6084 3
 579 10145 5
 580 26390 13
 581 28434 14
 582 4064 2
 583 32528 16
 584 20340 10
 585 16280 8
 586 2036 1
 587 36666 18
 588 32608 16
 589 38741 19
 590 12240 6
 591 16328 8
 592 20420 10
 593 14301 7
 594 10220 5
 595 26585 13
 596 24552 12
 597 32752 16
 598 4096 2
 599 18441 9
 600 12300 6
 601 22561 11
 602 2052 1
 603 34901 17
 604 2054 1
 605 32880 16
 606 14392 7
 607 18513 9
 608 2058 1
 609 28826 14
 610 30900 15
 611 22671 11
 612 10310 5
 613 8252 4
 614 22704 11
 615 18585 9
 616 12396 6
 617 39273 19
 618 20680 10
 619 22759 11
 620 35190 17
 621 10355 5
 622 14504 7
 623 6219 3
 624 31110 15
 625 26975 13
 626 24912 12
 627 20770 10
 628 12468 6
 629 20790 10
 630 8320 4
 631 22891 11
 632 27066 13
 633 35411 17
 634 41680 20
 635 4170 2
 636 18774 9
 637 4174 2
 638 27144 13
 639 18801 9
 640 25080 12
 641 35547 17
 642 35564 17
 643 12558 6
 644 27222 13
 645 2095 1
 646 16768 8
 647 31455 15
 648 27274 13
 649 31485 15
 650 6300 3
 651 27313 13
 652 14714 7
 653 42060 20
 654 6312 3
 655 42100 20
 656 40014 19
 657 2107 1
 658 4216 2
 659 29526 14
 660 21100 10
 661 29554 14
 662 10560 5
 663 42260 20
 664 14798 7
 665 12690 6
 666 8464 4
 667 19053 9
 668 21180 10
 669 42380 20
 670 14840 7
 671 42420 20
 672 36074 17
 673 19107 9
 674 27612 13
 675 19125 9
 676 27638 13
 677 12762 6
 678 21280 10
 679 19161 9
 680 12780 6
 681 34096 16
 682 40508 19
 683 34128 16
 684 4268 2
 685 29890 14
 686 38448 18
 687 25644 12
 688 8552 4
 689 29946 14
 690 36380 17
 691 6423 3
 692 36414 17
 693 38574 18
 694 2144 1
 695 40755 19
 696 12876 6
 697 32205 15
 698 12888 6
 699 10745 5
 700 19350 9
 701 8604 4
 702 30128 14
 703 17224 8
 704 19386 9
 705 32325 15
 706 28028 13
 707 21570 10
 708 21580 10
 709 17272 8
 710 43200 20
 711 43220 20
 712 38916 18
 713 34608 16
 714 2164 1
 715 10825 5
 716 21660 10
 717 6501 3
 718 4336 2
 719 17352 8
 720 6510 3
 721 23881 11
 722 2172 1
 723 6519 3
 724 28262 13
 725 28275 13
 726 19584 9
 727 10885 5
 728 19602 9
 729 43580 20
 730 15260 7
 731 30534 14
 732 19638 9
 733 17464 8
 734 15288 7
 735 6555 3
 736 24046 11
 737 34992 16
 738 37196 17
 739 15323 7
 740 21900 10
 741 32865 15
 742 24112 11
 743 26316 12
 744 41686 19
 745 13170 6
 746 17568 8
 747 2197 1
 748 17584 8
 749 28587 13
 750 11000 5
 751 37417 17
 752 39636 18
 753 44060 20
 754 35264 16
 755 35280 16
 756 41914 19
 757 17656 8
 758 6624 3
 759 13254 6
 760 13260 6
 761 28743 13
 762 28756 13
 763 35408 16
 764 42066 19
 765 22150 10
 766 26592 12
 767 6651 3
 768 4436 2
 769 2219 1
 770 17760 8
 771 33315 15
 772 22220 10
 773 4446 2
 774 22240 10
 775 31150 14
 776 2226 1
 777 15589 7
 778 4456 2
 779 37893 17
 780 44600 20
 781 42389 19
 782 15624 7
 783 13398 6
 784 8936 4
 785 20115 9
 786 24596 11
 787 2237 1
 788 4476 2
 789 29107 13
 790 20160 9
 791 22410 10
 792 35872 16
 793 11215 5
 794 22440 10
 795 11225 5
 796 42674 19
 797 2247 1
 798 13488 6
 799 13494 6
 800 2250 1
 801 11255 5
 802 20268 9
 803 40554 18
 804 9016 4
 805 38335 17
 806 13536 6
 807 15799 7
 808 13548 6
 809 36144 16
 810 2260 1
 811 45220 20
 812 15834 7
 813 13578 6
 814 29432 13
 815 9060 4
 816 11330 5
 817 27204 12
 818 40824 18
 819 27228 12
 820 27240 12
 821 9084 4
 822 40896 18
 823 29549 13
 824 6822 3
 825 18200 8
 826 36416 16
 827 38709 17
 828 22780 10
 829 15953 7
 830 20520 9
 831 11405 5
 832 15974 7
 833 27396 12
 834 41112 18
 835 11425 5
 836 20574 9
 837 32018 14
 838 25168 11
 839 20601 9
 840 4580 2
 841 22910 10
 842 6876 3
 843 38981 17
 844 27528 12
 845 16065 7
 846 20664 9
 847 11485 5
 848 39066 17
 849 20691 9
 850 13800 6
 851 13806 6
 852 46040 20
 853 25333 11
 854 41472 18
 855 18440 8
 856 6918 3
 857 4614 2
 858 32312 14
 859 4618 2
 860 20790 9
 861 20799 9
 862 41616 18
 863 41634 18
 864 46280 20
 865 2315 1
 866 44004 19
 867 18536 8
 868 16226 7
 869 41742 18
 870 20880 9
 871 13926 6
 872 6966 3
 873 44137 19
 874 41832 18
 875 30225 13
 876 16282 7
 877 20943 9
 878 20952 9
 879 11645 5
 880 11650 5
 881 2331 1
 882 30316 13
 883 4666 2
 884 28008 12
 885 28020 12
 886 7008 3
 887 30381 13
 888 16366 7
 889 7017 3
 890 25740 11
 891 9364 4
 892 30446 13
 893 37488 16
 894 4688 2
 895 44555 19
 896 30498 13
 897 32858 14
 898 7044 3
 899 11745 5
 900 32900 14
 901 2351 1
 902 37632 16
 903 28236 12
 904 23540 10
 905 4710 2
 906 9424 4
 907 16499 7
 908 14148 6
 909 44821 19
 910 37760 16
 911 21249 9
 912 37792 16
 913 23630 10
 914 4728 2
 915 4730 2
 916 9464 4
 917 7101 3
 918 33152 14
 919 30797 13
 920 11850 5
 921 9484 4
 922 21348 9
 923 11865 5
 924 16618 7
 925 4750 2
 926 40392 17
 927 33278 14
 928 11890 5
 929 19032 8
 930 4760 2
 931 19048 8
 932 21438 9
 933 35745 15
 934 28608 12
 935 19080 8
 936 42948 18
 937 42966 18
 938 9552 4
 939 47780 20
 940 43020 18
 941 16737 7
 942 35880 15
 943 40681 17
 944 33516 14
 945 45505 19
 946 28752 12
 947 26367 11
 948 45562 19
 949 14394 6
 950 31200 13
 951 2401 1
 952 33628 14
 953 28836 12
 954 48080 20
 955 9620 4
 956 14436 6
 957 36105 15
 958 48160 20
 959 45771 19
 960 2410 1
 961 26521 11
 962 14472 6
 963 31369 13
 964 7242 3
 965 24150 10
 966 48320 20
 967 43506 18
 968 33852 14
 969 14514 6
 970 24200 10
 971 7263 3
 972 7266 3
 973 38768 16
 974 7272 3
 975 41225 17
 976 26686 11
 977 33978 14
 978 7284 3
 979 43722 18
 980 12150 5
 981 14586 6
 982 9728 4
 983 4866 2
 984 31642 13
 985 41395 17
 986 41412 17
 987 41429 17
 988 31694 13
 989 39024 16
 990 17080 7
 991 14646 6
 992 34188 14
 993 21987 9
 994 48880 20
 995 19560 8
 996 31798 13
 997 44046 18
 998 17136 7
 999 41633 17
 1000 7350 3
 1001 19608 8
 1002 22068 9
 1003 49060 20
 1004 17178 7
 1005 9820 4
 1006 46664 19
 1007 24570 10
 1008 14748 6
 1009 27049 11
 1010 14760 6
 1011 41837 17
 1012 46778 19
 1013 4926 2
 1014 24640 10
 1015 36975 15
 1016 39456 16
 1017 24670 10
 1018 14808 6
 1019 39504 16
 1020 4940 2
 1021 2471 1
 1022 9888 4
 1023 14838 6
 1024 4948 2
 1025 42075 17
 1026 47044 19
 1027 22293 9
 1028 37170 15
 1029 22311 9
 1030 12400 5
 1031 49620 20
 1032 32266 13
 1033 24830 10
 1034 42228 17
 1035 12425 5
 1036 39776 16
 1037 19896 8
 1038 17416 7
 1039 19912 8
 1040 39840 16
 1041 24910 10
 1042 49840 20
 1043 17451 7
 1044 9976 4
 1045 22455 9
 1046 44928 18
 1047 29964 12
 1048 42466 17
 1049 12495 5
 1050 25000 10
 1051 42517 17
 1052 20016 8
 1053 22527 9
 1054 7512 3
 1055 20040 8
 1056 47614 19
 1057 20056 8
 1058 20064 8
 1059 45162 18
 1060 10040 4
 1061 20088 8
 1062 10048 4
 1063 7539 3
 1064 30168 12
 1065 30180 12
 1066 10064 4
 1067 17619 7
 1068 10072 4
 1069 10076 4
 1070 2520 1
 1071 25210 10
 1072 42874 17
 1073 32799 13
 1074 5048 2
 1075 32825 13
 1076 12630 5
 1077 22743 9
 1078 10112 4
 1079 17703 7
 1080 35420 14
 1081 12655 5
 1082 45576 18
 1083 22797 9
 1084 20272 8
 1085 22815 9
 1086 30432 12
 1087 38055 15
 1088 40608 16
 1089 43163 17
 1090 12700 5
 1091 10164 4
 1092 12710 5
 1093 30516 12
 1094 50880 20
 1095 7635 3
 1096 10184 4
 1097 22923 9
 1098 25480 10
 1099 38235 15
 1100 38250 15
 1101 48469 19
 1102 7656 3
 1103 43401 17
 1104 38310 15
 1105 33215 13
 1106 35784 14
 1107 38355 15
 1108 20464 8
 1109 48621 19
 1110 38400 15
 1111 25610 10
 1112 51240 20
 1113 7689 3
 1114 41024 16
 1115 33345 13
 1116 46188 18
 1117 33371 13
 1118 25680 10
 1119 43673 17
 1120 41120 16
 1121 46278 18
 1122 25720 10
 1123 15438 6
 1124 30888 12
 1125 43775 17
 1126 5152 2
 1127 7731 3
 1128 18046 7
 1129 51580 20
 1130 23220 9
 1131 10324 4
 1132 38730 15
 1133 5166 2
 1134 20672 8
 1135 28435 11
 1136 7758 3
 1137 18109 7
 1138 33644 13
 1139 33657 13
 1140 36260 14
 1141 31092 12
 1142 7776 3
 1143 51860 20
 1144 44098 17
 1145 51900 20
 1146 33748 13
 1147 44149 17
 1148 33774 13
 1149 15594 6
 1150 46800 18
 1151 28611 11
 1152 20816 8
 1153 5206 2
 1154 2604 1
 1155 41680 16
 1156 23454 9
 1157 28677 11
 1158 20864 8
 1159 5218 2
 1160 52200 20
 1161 20888 8
 1162 20896 8
 1163 18291 7
 1164 41824 16
 1165 39225 15
 1166 23544 9
 1167 13085 5
 1168 47124 18
 1169 10476 4
 1170 26200 10
 1171 26210 10
 1172 15732 6
 1173 13115 5
 1174 26240 10
 1175 42000 16
 1176 49894 19
 1177 10508 4
 1178 15768 6
 1179 2629 1
 1180 15780 6
 1181 2631 1
 1182 26320 10
 1183 18431 7
 1184 31608 12
 1185 52700 20
 1186 47448 18
 1187 34281 13
 1188 29018 11
 1189 10556 4
 1190 29040 11
 1191 15846 6
 1192 44914 17
 1193 10572 4
 1194 29084 11
 1195 34385 13
 1196 52920 20
 1197 15882 6
 1198 5296 2
 1199 42384 16
 1200 42400 16
 1201 47718 18
 1202 15912 6
 1203 37142 14
 1204 50426 19
 1205 29205 11
 1206 47808 18
 1207 5314 2
 1208 37212 14
 1209 37226 14
 1210 53200 20
 1211 2661 1
 1212 53240 20
 1213 47934 18
 1214 31968 12
 1215 26650 10
 1216 47988 18
 1217 48006 18
 1218 26680 10
 1219 13345 5
 1220 16020 6
 1221 40065 15
 1222 5344 2
 1223 48114 18
 1224 53480 20
 1225 26750 10
 1226 40140 15
 1227 16062 6
 1228 32136 12
 1229 13395 5
 1230 50920 19
 1231 5362 2
 1232 8046 3
 1233 21464 8
 1234 5368 2
 1235 53700 20
 1236 53720 20
 1237 8061 3
 1238 16128 6
 1239 43024 16
 1240 32280 12
 1241 34983 13
 1242 5384 2
 1243 45781 17
 1244 13470 5
 1245 53900 20
 1246 16176 6
 1247 18879 7
 1248 45866 17
 1249 10796 4
 1250 2700 1
 1251 40515 15
 1252 35126 13
 1253 48654 18
 1254 8112 3
 1255 29755 11
 1256 29766 11
 1257 2707 1
 1258 29788 11
 1259 37926 14
 1260 16260 6
 1261 37954 14
 1262 54240 20
 1263 8139 3
 1264 18998 7
 1265 8145 3
 1266 32592 12
 1267 13585 5
 1268 8154 3
 1269 16314 6
 1270 35360 13
 1271 40815 15
 1272 48996 18
 1273 2723 1
 1274 13620 5
 1275 13625 5
 1276 8178 3
 1277 10908 4
 1278 40920 15
 1279 16374 6
 1280 46410 17
 1281 38234 14
 1282 46444 17
 1283 32796 12
 1284 38276 14
 1285 21880 8
 1286 51984 19
 1287 19159 7
 1288 16428 6
 1289 38346 14
 1290 24660 9
 1291 30151 11
 1292 8226 3
 1293 5486 2
 1294 38416 14
 1295 52155 19
 1296 46682 17
 1297 52193 19
 1298 5496 2
 1299 16494 6
 1300 8250 3
 1301 41265 15
 1302 19264 7
 1303 27530 10
 1304 41310 15
 1305 11020 4
 1306 27560 10
 1307 2757 1
 1308 5516 2
 1309 38626 14
 1310 8280 3
 1311 49698 18
 1312 33144 12
 1313 46971 17
 1314 8292 3
 1315 13825 5
 1316 5532 2
 1317 49806 18
 1318 8304 3
 1319 13845 5
 1320 8310 3
 1321 38794 14
 1322 19404 7
 1323 27730 10
 1324 44384 16
 1325 36075 13
 1326 47192 17
 1327 55540 20
 1328 33336 12
 1329 50022 18
 1330 13900 5
 1331 36153 13
 1332 11128 4
 1333 8349 3
 1334 11136 4
 1335 22280 8
 1336 16716 6
 1337 36231 13
 1338 52972 19
 1339 44624 16
 1340 13950 5
 1341 41865 15
 1342 25128 9
 1343 22344 8
 1344 55880 20
 1345 19565 7
 1346 13980 5
 1347 53143 19
 1348 36374 13
 1349 27990 10
 1350 8400 3
 1351 22408 8
 1352 5604 2
 1353 14015 5
 1354 8412 3
 1355 22440 8
 1356 36478 13
 1357 30877 11
 1358 16848 6
 1359 5618 2
 1360 36530 13
 1361 5622 2
 1362 16872 6
 1363 14065 5
 1364 45024 16
 1365 16890 6
 1366 28160 10
 1367 42255 15
 1368 39452 14
 1369 16914 6
 1370 53580 19
 1371 36673 13
 1372 5644 2
 1373 14115 5
 1374 25416 9
 1375 31075 11
 1376 33912 12
 1377 31097 11
 1378 19796 7
 1379 25461 9
 1380 53770 19
 1381 48127 17
 1382 28320 10
 1383 50994 18
 1384 42510 15
 1385 28350 10
 1386 25524 9
 1387 22696 8
 1388 31218 11
 1389 5678 2
 1390 2840 1
 1391 53979 19
 1392 39788 14
 1393 8529 3
 1394 11376 4
 1395 2845 1
 1396 5692 2
 1397 56940 20
 1398 48416 17
 1399 17094 6
 1400 42750 15
 1401 28510 10
 1402 37076 13
 1403 25677 9
 1404 45664 16
 1405 2855 1
 1406 31416 11
 1407 14285 5
 1408 2858 1
 1409 37167 13
 1410 20020 7
 1411 57220 20
 1412 34344 12
 1413 22904 8
 1414 11456 4
 1415 34380 12
 1416 2866 1
 1417 11468 4
 1418 11472 4
 1419 14345 5
 1420 11480 4
 1421 45936 16
 1422 28720 10
 1423 25857 9
 1424 40236 14
 1425 20125 7
 1426 54644 19
 1427 43155 15
 1428 2878 1
 1429 25911 9
 1430 48960 17
 1431 25929 9
 1432 40348 14
 1433 46128 16
 1434 17304 6
 1435 37505 13
 1436 46176 16
 1437 20209 7
 1438 5776 2
 1439 46224 16
 1440 11560 4
 1441 26019 9
 1442 23136 8
 1443 54967 19
 1444 40516 14
 1445 23160 8
 1446 52128 18
 1447 40558 14
 1448 14490 5
 1449 55081 19
 1450 5800 2
 1451 5802 2
23216