155
 1 2480 16
 2 156 1
 3 1570 10
 4 2370 15
 5 2226 14
 6 1120 7
 7 2254 14
 8 972 6
 9 652 4
 10 1312 8
 11 660 4
 12 498 3
 13 1837 11
 14 672 4
 15 1183 7
 16 340 2
 17 3249 19
 18 1032 6
 19 1211 7
 20 1218 7
 21 3325 19
 22 1232 7
 23 2478 14
 24 3204 18
 25 3043 17
 26 360 2
 27 3439 19
 28 2548 14
 29 3294 18
 30 3680 20
 31 2590 14
 32 2418 13
 33 3366 18
 34 3008 16
 35 2079 11
 36 2090 11
 37 1146 6
 38 2880 15
 39 1930 10
 40 388 2
 41 1755 9
 42 1568 8
 43 2561 13
 44 2574 13
 45 3383 17
 46 1000 5
 47 1608 8
 48 1616 8
 49 1421 7
 50 3876 19
 51 3075 15
 52 2266 11
 53 1656 8
 54 2704 13
 55 2299 11
 56 840 4
 57 1688 8
 58 2332 11
 59 2769 13
 60 2996 14
 61 3225 15
 62 3456 16
 63 3255 15
 64 654 3
 65 2847 13
 66 1100 5
 67 3757 17
 68 3552 16
 69 3568 16
 70 3360 15
 71 1125 5
 72 3390 15
 73 3859 17
 74 3192 14
 75 1603 7
 76 2530 11
 77 693 3
 78 4176 18
 79 2563 11
 80 2808 12
 81 705 3
 82 2596 11
 83 3555 15
 84 2380 10
 85 956 4
 86 1440 6
 87 3856 16
 88 1936 8
 89 2916 12
 90 976 4
 91 2450 10
 92 4182 17
 93 4199 17
 94 3968 16
 95 4980 20
 96 4500 18
 97 1757 7
 98 3528 14
 99 3542 14
 100 762 3
 101 3315 13
 102 4352 17
 103 4112 16
 104 1806 7
 105 2849 11
 106 1560 6
 107 1566 6
 108 1572 6
 109 2893 11
 110 528 2
 111 795 3
 112 5320 20
 113 1602 6
 114 4288 16
 115 2959 11
 116 1620 6
 117 2710 10
 118 4896 18
 119 546 2
 120 274 1
 121 275 1
 122 4416 16
 123 1385 5
 124 556 2
 125 837 3
 126 4480 16
 127 2810 10
 128 5640 20
 129 4245 15
 130 852 3
 131 1425 5
 132 2002 7
 133 2870 10
 134 1152 4
 135 578 2
 136 2320 8
 137 4656 16
 138 4964 17
 139 879 3
 140 588 2
 141 295 1
 142 1184 4
 143 891 3
 144 1490 5
 145 5681 19
 146 2100 7
 147 301 1
 148 2718 9
 149 1515 5
 150 2128 7
 151 3965 13
 152 306 1
 153 1535 5
 154 5236 17
 155 4017 13
1860