1670
 1 23380 14
 2 20052 12
 3 25080 15
 4 18403 11
 5 13392 8
 6 8375 5
 7 33520 20
 8 6708 4
 9 6712 4
 10 5037 3
 11 30240 18
 12 21853 13
 13 18502 11
 14 25245 15
 15 33680 20
 16 28645 17
 17 3372 2
 18 30366 18
 19 23632 14
 20 16890 10
 21 11830 7
 22 15219 9
 23 33840 20
 24 1693 1
 25 27104 16
 26 20340 12
 27 1696 1
 28 15273 9
 29 32262 19
 30 20388 12
 31 10200 6
 32 18711 11
 33 8510 5
 34 23842 14
 35 20448 12
 36 3410 2
 37 18766 11
 38 15363 9
 39 22204 13
 40 29053 17
 41 1710 1
 42 15399 9
 43 27392 16
 44 32547 19
 45 20568 12
 46 6860 4
 47 20592 12
 48 22321 13
 49 24052 14
 50 22347 13
 51 27520 16
 52 1721 1
 53 20664 12
 54 18953 11
 55 5172 3
 56 17250 10
 57 6904 4
 58 6908 4
 59 15552 9
 60 1729 1
 61 13840 8
 62 3462 2
 63 17320 10
 64 32927 19
 65 34680 20
 66 26025 15
 67 10416 6
 68 27792 16
 69 10428 6
 70 22607 13
 71 8700 5
 72 24374 14
 73 12194 7
 74 10458 6
 75 24416 14
 76 33155 19
 77 34920 20
 78 26205 15
 79 8740 5
 80 24486 14
 81 19250 11
 82 35020 20
 83 8760 5
 84 21036 12
 85 28064 16
 86 19305 11
 87 3512 2
 88 21084 12
 89 35160 20
 90 29903 17
 91 19360 11
 92 28176 16
 93 21144 12
 94 15867 9
 95 33516 19
 96 33535 19
 97 3532 2
 98 5301 3
 99 21216 12
 100 1769 1
 101 19470 11
 102 8855 5
 103 10632 6
 104 23049 13
 105 12418 7
 106 19525 11
 107 28416 16
 108 30209 17
 109 7112 4
 110 26685 15
 111 35600 20
 112 14248 8
 113 21384 12
 114 7132 4
 115 3568 2
 116 28560 16
 117 7144 4
 118 35740 20
 119 10728 6
 120 12523 7
 121 1790 1
 122 32238 18
 123 7168 4
 124 1793 1
 125 32292 18
 126 19745 11
 127 10776 6
 128 10782 6
 129 1798 1
 130 16191 9
 131 5400 3
 132 27015 15
 133 3604 2
 134 28848 16
 135 18040 10
 136 14440 8
 137 23478 13
 138 9035 5
 139 3616 2
 140 30753 17
 141 3620 2
 142 18110 10
 143 10872 6
 144 27195 15
 145 21768 12
 146 25410 14
 147 1816 1
 148 27255 15
 149 14544 8
 150 10914 6
 151 36400 20
 152 34599 19
 153 5466 3
 154 21876 12
 155 7296 4
 156 23725 13
 157 9130 5
 158 12789 7
 159 9140 5
 160 25606 14
 161 18300 10
 162 20141 11
 163 14656 8
 164 9165 5
 165 31178 17
 166 18350 10
 167 33048 18
 168 14696 8
 169 3676 2
 170 27585 15
 171 36800 20
 172 18410 10
 173 25788 14
 174 12901 7
 175 11064 6
 176 3690 2
 177 20306 11
 178 35093 19
 179 1848 1
 180 36980 20
 181 25900 14
 182 14808 8
 183 25928 14
 184 18530 10
 185 27810 15
 186 27825 15
 187 29696 16
 188 35283 19
 189 27870 15
 190 26026 14
 191 16740 9
 192 37220 20
 193 29792 16
 194 29808 16
 195 20504 11
 196 26110 14
 197 35454 19
 198 1867 1
 199 29888 16
 200 7476 4
 201 20570 11
 202 35549 19
 203 26208 14
 204 13111 7
 205 20614 11
 206 26250 14
 207 37520 20
 208 31909 17
 209 24414 13
 210 18790 10
 211 16920 9
 212 35739 19
 213 3764 2
 214 35777 19
 215 30144 16
 216 18850 10
 217 22632 12
 218 30192 16
 219 18880 10
 220 11334 6
 221 32130 17
 222 30256 16
 223 35948 19
 224 3786 2
 225 5682 3
 226 5685 3
 227 20856 11
 228 22764 12
 229 9490 5
 230 13293 7
 231 32300 17
 232 38020 20
 233 17118 9
 234 13321 7
 235 7616 4
 236 15240 8
 237 11436 6
 238 24791 13
 239 17172 9
 240 36271 19
 241 13370 7
 242 17199 9
 243 22944 12
 244 7652 4
 245 30624 16
 246 13405 7
 247 9580 5
 248 5751 3
 249 26852 14
 250 11514 6
 251 7680 4
 252 9605 5
 253 19220 10
 254 28845 15
 255 5772 3
 256 1925 1
 257 26964 14
 258 5781 3
 259 11568 6
 260 38580 20
 261 13510 7
 262 21241 11
 263 13524 7
 264 3866 2
 265 23208 12
 266 15480 8
 267 27104 14
 268 32929 17
 269 25194 13
 270 21329 11
 271 3880 2
 272 15528 8
 273 23304 12
 274 25259 13
 275 31104 16
 276 35010 18
 277 36974 19
 278 5841 3
 279 15584 8
 280 29235 15
 281 7800 4
 282 19510 10
 283 31232 16
 284 11718 6
 285 29310 15
 286 1955 1
 287 15648 8
 288 27398 14
 289 19580 10
 290 33303 17
 291 11760 6
 292 25493 13
 293 17658 9
 294 31408 16
 295 7856 4
 296 9825 5
 297 15728 8
 298 33439 17
 299 9840 5
 300 27566 14
 301 37430 19
 302 15768 8
 303 33524 17
 304 19730 10
 305 7896 4
 306 17775 9
 307 25688 13
 308 27678 14
 309 9890 5
 310 39580 20
 311 3960 2
 312 7924 4
 313 33694 17
 314 35694 18
 315 17856 9
 316 29775 15
 317 33762 17
 318 5961 3
 319 31808 16
 320 19890 10
 321 5970 3
 322 29865 15
 323 15936 8
 324 15944 8
 325 7976 4
 326 27930 14
 327 1996 1
 328 25961 13
 329 37962 19
 330 9995 5
 331 24000 12
 332 32016 16
 333 28028 14
 334 10015 5
 335 28056 14
 336 4010 2
 337 40120 20
 338 4014 2
 339 18072 9
 340 32144 16
 341 12060 6
 342 14077 7
 343 8048 4
 344 18117 9
 345 18126 9
 346 34255 17
 347 2016 1
 348 36306 18
 349 14126 7
 350 30285 15
 351 38380 19
 352 22231 11
 353 16176 8
 354 6069 3
 355 4048 2
 356 20250 10
 357 6078 3
 358 32432 16
 359 2028 1
 360 4058 2
 361 32480 16
 362 36558 18
 363 36576 18
 364 2033 1
 365 38646 19
 366 32560 16
 367 26468 13
 368 24444 12
 369 30570 15
 370 38741 19
 371 6120 3
 372 20410 10
 373 34714 17
 374 18387 9
 375 10220 5
 376 34765 17
 377 10230 5
 378 36846 18
 379 8192 4
 380 40980 20
 381 41000 20
 382 26663 13
 383 26676 13
 384 10265 5
 385 26702 13
 386 34935 17
 387 14392 7
 388 30855 15
 389 24696 12
 390 10295 5
 391 6180 3
 392 22671 11
 393 37116 18
 394 12378 6
 395 10320 5
 396 22715 11
 397 20660 10
 398 16536 8
 399 18612 9
 400 37242 18
 401 24840 12
 402 41420 20
 403 4144 2
 404 6219 3
 405 16592 8
 406 20750 10
 407 41520 20
 408 41540 20
 409 37404 18
 410 24948 12
 411 18720 9
 412 20810 10
 413 12492 6
 414 35411 17
 415 31260 15
 416 25020 12
 417 25032 12
 418 4174 2
 419 18792 9
 420 18801 9
 421 8360 4
 422 33456 16
 423 10460 5
 424 10465 5
 425 39786 19
 426 14665 7
 427 8384 4
 428 16776 8
 429 2098 1
 430 6297 3
 431 37800 18
 432 33616 16
 433 25224 12
 434 18927 9
 435 25248 12
 436 16840 8
 437 27378 13
 438 4214 2
 439 23188 11
 440 40071 19
 441 12660 6
 442 23221 11
 443 14784 7
 444 10565 5
 445 2114 1
 446 25380 12
 447 33856 16
 448 4234 2
 449 10590 5
 450 21190 10
 451 33920 16
 452 12726 6
 453 12732 6
 454 31845 15
 455 2124 1
 456 6375 3
 457 19134 9
 458 12762 6
 459 36176 17
 460 29806 14
 461 23430 11
 462 21310 10
 463 21320 10
 464 25596 12
 465 40546 19
 466 29890 14
 467 42720 20
 468 14959 7
 469 36346 17
 470 36363 17
 471 29960 14
 472 12846 6
 473 38556 18
 474 23573 11
 475 4288 2
 476 6435 3
 477 21460 10
 478 42940 20
 479 34368 16
 480 12894 6
 481 40850 19
 482 25812 12
 483 10760 5
 484 19377 9
 485 43080 20
 486 6465 3
 487 23716 11
 488 21570 10
 489 2158 1
 490 41021 19
 491 21600 10
 492 21610 10
 493 43240 20
 494 12978 6
 495 10820 5
 496 43300 20
 497 6498 3
 498 28171 13
 499 26016 12
 500 2169 1
 501 39060 18
 502 26052 12
 503 23892 11
 504 13038 6
 505 21740 10
 506 41325 19
 507 4352 2
 508 6531 3
 509 19602 9
 510 34864 16
 511 8720 4
 512 19629 9
 513 39276 18
 514 43660 20
 515 28392 13
 516 34960 16
 517 15302 7
 518 41553 19
 519 10940 5
 520 35024 16
 521 28470 13
 522 2191 1
 523 15344 7
 524 26316 12
 525 37298 17
 526 26340 12
 527 10980 5
 528 39546 18
 529 37366 17
 530 30786 14
 531 11000 5
 532 35216 16
 533 30828 14
 534 37451 17
 535 44080 20
 536 22050 10
 537 41914 19
 538 11035 5
 539 35328 16
 540 19881 9
 541 30940 14
 542 33165 15
 543 15484 7
 544 30982 14
 545 15498 7
 546 15505 7
 547 33240 15
 548 4434 2
 549 44360 20
 550 35504 16
 551 39960 18
 552 4442 2
 553 28886 13
 554 22230 10
 555 2224 1
 556 24475 11
 557 6678 3
 558 6681 3
 559 26736 12
 560 28977 13
 561 6690 3
 562 6693 3
 563 26784 12
 564 29029 13
 565 24574 11
 566 31290 14
 567 20124 9
 568 29081 13
 569 17904 8
 570 40302 18
 571 20160 9
 572 6723 3
 573 15694 7
 574 6729 3
 575 38148 17
 576 20205 9
 577 17968 8
 578 29211 13
 579 15736 7
 580 17992 8
 581 38250 17
 582 24761 11
 583 4504 2
 584 33795 15
 585 38318 17
 586 24805 11
 587 45120 20
 588 42883 19
 589 45160 20
 590 45180 20
 591 38420 17
 592 27132 12
 593 38454 17
 594 22630 10
 595 13584 6
 596 9060 4
 597 4532 2
 598 9068 4
 599 13608 6
 600 24959 11
 601 38590 17
 602 43149 19
 603 38624 17
 604 13638 6
 605 43206 19
 606 36400 16
 607 25036 11
 608 11385 5
 609 34170 15
 610 9116 4
 611 11400 5
 612 41058 18
 613 9128 4
 614 25113 11
 615 4568 2
 616 31990 14
 617 45720 20
 618 36592 16
 619 32032 14
 620 18312 8
 621 2290 1
 622 20619 9
 623 41256 18
 624 4586 2
 625 43586 19
 626 22950 10
 627 2296 1
 628 20673 9
 629 39066 17
 630 16093 7
 631 23000 10
 632 41418 18
 633 18416 8
 634 27636 12
 635 43776 19
 636 18440 8
 637 46120 20
 638 16149 7
 639 36928 16
 640 39253 17
 641 34650 15
 642 2311 1
 643 46240 20
 644 41634 18
 645 34710 15
 646 46300 20
 647 11580 5
 648 27804 12
 649 20862 9
 650 20871 9
 651 6960 3
 652 39457 17
 653 6966 3
 654 13938 6
 655 25564 11
 656 32550 14
 657 6978 3
 658 27924 12
 659 34920 15
 660 41922 18
 661 2330 1
 662 34965 15
 663 18656 8
 664 9332 4
 665 39678 17
 666 39695 17
 667 14016 6
 668 21033 9
 669 32732 14
 670 44441 19
 671 7020 3
 672 30433 13
 673 18736 8
 674 42174 18
 675 32816 14
 676 18760 8
 677 16422 7
 678 37552 16
 679 46960 20
 680 35235 15
 681 14100 6
 682 23510 10
 683 9408 4
 684 16471 7
 685 32956 14
 686 37680 16
 687 32984 14
 688 37712 16
 689 40086 17
 690 44821 19
 691 25960 11
 692 35415 15
 693 25982 11
 694 14178 6
 695 23640 10
 696 16555 7
 697 18928 8
 698 33138 14
 699 18944 8
 700 35535 15
 701 2370 1
 702 11855 5
 703 26092 11
 704 47460 20
 705 23740 10
 706 14250 6
 707 2376 1
 708 30901 13
 709 28536 12
 710 23790 10
 711 45220 19
 712 4762 2
 713 7146 3
 714 26213 11
 715 42912 18
 716 38160 16
 717 47720 20
 718 28644 12
 719 38208 16
 720 16723 7
 721 35850 15
 722 33474 14
 723 9568 4
 724 38288 16
 725 2394 1
 726 26345 11
 727 47920 20
 728 31161 13
 729 45562 19
 730 45581 19
 731 40800 17
 732 38416 16
 733 14412 6
 734 19224 8
 735 21636 9
 736 43290 18
 737 26466 11
 738 14442 6
 739 19264 8
 740 21681 9
 741 7230 3
 742 19288 8
 743 31356 13
 744 41021 17
 745 24140 10
 746 48300 20
 747 26576 11
 748 4834 2
 749 12090 5
 750 29028 12
 751 24200 10
 752 14526 6
 753 36330 15
 754 26653 11
 755 12120 5
 756 7275 3
 757 31538 13
 758 43686 18
 759 36420 15
 760 21861 9
 761 7290 3
 762 43758 18
 763 36480 15
 764 36495 15
 765 19472 8
 766 9740 4
 767 12180 5
 768 38992 16
 769 17066 7
 770 34146 14
 771 29280 12
 772 2441 1
 773 26862 11
 774 26873 11
 775 36660 15
 776 22005 9
 777 14676 6
 778 22023 9
 779 26928 11
 780 9796 4
 781 46550 19
 782 46569 19
 783 19616 8
 784 12265 5
 785 26994 11
 786 27005 11
 787 17192 7
 788 39312 16
 789 14748 6
 790 49180 20
 791 29520 12
 792 14766 6
 793 12310 5
 794 4926 2
 795 17248 7
 796 32045 13
 797 32058 13
 798 22203 9
 799 34552 14
 800 9876 4
 801 32110 13
 802 27181 11
 803 22248 9
 804 7419 3
 805 22266 9
 806 34650 14
 807 19808 8
 808 7431 3
 809 4956 2
 810 22311 9
 811 14880 6
 812 49620 20
 813 29784 12
 814 42211 17
 815 39744 16
 816 42245 17
 817 12430 5
 818 7461 3
 819 4976 2
 820 14934 6
 821 2490 1
 822 44838 18
 823 14952 6
 824 42381 17
 825 12470 5
 826 17465 7
 827 44928 18
 828 27467 11
 829 29976 12
 830 27489 11
 831 15000 6
 832 40016 16
 833 7506 3
 834 30036 12
 835 25040 10
 836 47595 19
 837 42602 17
 838 25070 10
 839 47652 19
 840 20072 8
 841 12550 5
 842 50220 20
 843 45216 18
 844 45234 18
 845 17598 7
 846 42755 17
 847 17612 7
 848 20136 8
 849 17626 7
 850 47861 19
 851 12600 5
 852 10084 4
 853 37830 15
 854 35322 14
 855 7572 3
 856 25250 10
 857 10104 4
 858 32851 13
 859 12640 5
 860 25290 10
 861 27830 11
 862 20248 8
 863 15192 6
 864 48127 19
 865 10136 4
 866 38025 15
 867 17752 7
 868 27907 11
 869 43146 17
 870 7617 3
 871 15240 6
 872 38115 15
 873 33046 13
 874 35602 14
 875 43248 17
 876 27995 11
 877 35644 14
 878 30564 12
 879 35672 14
 880 33137 13
 881 33150 13
 882 5102 2
 883 2552 1
 884 38295 15
 885 43418 17
 886 35770 14
 887 28116 11
 888 51140 20
 889 25580 10
 890 25590 10
 891 51200 20
 892 40976 16
 893 35868 14
 894 10252 4
 895 51280 20
 896 17955 7
 897 20528 8
 898 17969 7
 899 10272 4
 900 28259 11
 901 12850 5
 902 5142 2
 903 46296 18
 904 46314 18
 905 43758 17
 906 33475 13
 907 20608 8
 908 2577 1
 909 28358 11
 910 33527 13
 911 15480 6
 912 51620 20
 913 20656 8
 914 46494 18
 915 51680 20
 916 2585 1
 917 36204 14
 918 15522 6
 919 49172 19
 920 5178 2
 921 28490 11
 922 2591 1
 923 38880 15
 924 38895 15
 925 25940 10
 926 46710 18
 927 36344 14
 928 20776 8
 929 41568 16
 930 2599 1
 931 7800 3
 932 33813 13
 933 23418 9
 934 49457 19
 935 10416 4
 936 28655 11
 937 33878 13
 938 15642 6
 939 10432 4
 940 41744 16
 941 18270 7
 942 23499 9
 943 26120 10
 944 15678 6
 945 5228 2
 946 2615 1
 947 7848 3
 948 44489 17
 949 10472 4
 950 52380 20
 951 5240 2
 952 13105 5
 953 44574 17
 954 41968 16
 955 20992 8
 956 2625 1
 957 15756 6
 958 31524 12
 959 18396 7
 960 47322 18
 961 47340 18
 962 2631 1
 963 42112 16
 964 5266 2
 965 36876 14
 966 36890 14
 967 7908 3
 968 15822 6
 969 42208 16
 970 21112 8
 971 18480 7
 972 13205 5
 973 13210 5
 974 31716 12
 975 18508 7
 976 5290 2
 977 2646 1
 978 42352 16
 979 26480 10
 980 13245 5
 981 15900 6
 982 18557 7
 983 45084 17
 984 45101 17
 985 39810 15
 986 10620 4
 987 39840 15
 988 31884 12
 989 53160 20
 990 13295 5
 991 7980 3
 992 23949 9
 993 23958 9
 994 31956 12
 995 21312 8
 996 10660 4
 997 50654 19
 998 13335 5
 999 8004 3
 1000 13345 5
 1001 29370 11
 1002 29381 11
 1003 26720 10
 1004 10692 4
 1005 18718 7
 1006 5350 2
 1007 34788 13
 1008 24093 9
 1009 21424 8
 1010 8037 3
 1011 2680 1
 1012 5362 2
 1013 37548 14
 1014 34879 13
 1015 21472 8
 1016 13425 5
 1017 48348 18
 1018 13435 5
 1019 5376 2
 1020 32268 12
 1021 32280 12
 1022 16146 6
 1023 48456 18
 1024 37702 14
 1025 32328 12
 1026 48510 18
 1027 48528 18
 1028 51243 19
 1029 18886 7
 1030 10796 4
 1031 45900 17
 1032 32412 12
 1033 5404 2
 1034 40545 15
 1035 29744 11
 1036 45985 17
 1037 18942 7
 1038 37898 14
 1039 54160 20
 1040 24381 9
 1041 27100 10
 1042 24399 9
 1043 35256 13
 1044 40695 15
 1045 18998 7
 1046 5430 2
 1047 43456 16
 1048 38038 14
 1049 38052 14
 1050 16314 6
 1051 13600 5
 1052 21768 8
 1053 19054 7
 1054 5446 2
 1055 24516 9
 1056 32700 12
 1057 29986 11
 1058 8181 3
 1059 35464 13
 1060 38206 14
 1061 16380 6
 1062 21848 8
 1063 2732 1
 1064 10932 4
 1065 49212 18
 1066 49230 18
 1067 51984 19
 1068 13685 5
 1069 19166 7
 1070 5478 2
 1071 10960 4
 1072 52079 19
 1073 24678 9
 1074 16458 6
 1075 35672 13
 1076 5490 2
 1077 5492 2
 1078 49446 18
 1079 24732 9
 1080 2749 1
 1081 27500 10
 1082 13755 5
 1083 11008 4
 1084 27530 10
 1085 55080 20
 1086 19285 7
 1087 24804 9
 1088 52383 19
 1089 2758 1
 1090 16554 6
 1091 52440 19
 1092 5522 2
 1093 2762 1
 1094 38682 14
 1095 33168 12
 1096 49770 18
 1097 38724 14
 1098 5534 2
 1099 11072 4
 1100 44304 16
 1101 38780 14
 1102 33252 12
 1103 38808 14
 1104 47141 17
 1105 8322 3
 1106 2775 1
 1107 19432 7
 1108 47209 17
 1109 33336 12
 1110 41685 15
 1111 22240 8
 1112 8343 3
 1113 55640 20
 1114 19481 7
 1115 13920 5
 1116 50130 18
 1117 30646 11
 1118 16722 6
 1119 55760 20
 1120 39046 14
 1121 41850 15
 1122 39074 14
 1123 30712 11
 1124 50274 18
 1125 13970 5
 1126 41925 15
 1127 41940 15
 1128 13985 5
 1129 50364 18
 1130 47583 17
 1131 44800 16
 1132 50418 18
 1133 22416 8
 1134 33636 12
 1135 19628 7
 1136 8415 3
 1137 28060 10
 1138 33684 12
 1139 30888 11
 1140 2809 1
 1141 56200 20
 1142 11244 4
 1143 56240 20
 1144 8439 3
 1145 25326 9
 1146 39410 14
 1147 47872 17
 1148 14085 5
 1149 47906 17
 1150 14095 5
 1151 47940 17
 1152 39494 14
 1153 2822 1
 1154 45168 16
 1155 36712 13
 1156 42375 15
 1157 5652 2
 1158 33924 12
 1159 53732 19
 1160 19803 7
 1161 22640 8
 1162 28310 10
 1163 28320 10
 1164 11332 4
 1165 45344 16
 1166 8505 3
 1167 51048 18
 1168 19859 7
 1169 51084 18
 1170 31229 11
 1171 25560 9
 1172 22728 8
 1173 5684 2
 1174 25587 9
 1175 28440 10
 1176 2845 1
 1177 48382 17
 1178 31317 11
 1179 2848 1
 1180 34188 12
 1181 34200 12
 1182 57020 20
 1183 34224 12
 1184 8559 3
 1185 2854 1
 1186 28550 10
 1187 37128 13
 1188 5714 2
 1189 14290 5
 1190 51462 18
 1191 20020 7
 1192 20027 7
 1193 42930 15
 1194 34356 12
 1195 37232 13
 1196 42975 15
 1197 42990 15
 1198 20069 7
 1199 22944 8
 1200 22952 8
 1201 5740 2
 1202 45936 16
 1203 37336 13
 1204 48841 17
 1205 31614 11
 1206 48875 17
 1207 23008 8
 1208 34524 12
 1209 2878 1
 1210 28790 10
 1211 34560 12
 1212 54739 19
 1213 25938 9
 1214 51894 18
 1215 37492 13
 1216 8655 3
 1217 11544 4
 1218 43305 15
 1219 57760 20
 1220 23112 8
 1221 37570 13
 1222 49147 17
 1223 43380 15
 1224 43395 15
 1225 28940 10
 1226 28950 10
 1227 17376 6
 1228 5794 2
 1229 23184 8
 1230 5798 2
 1231 8700 3
 1232 31911 11
 1233 37726 13
 1234 17418 6
 1235 58080 20
 1236 49385 17
 1237 40684 14
 1238 55233 19
 1239 49436 17
 1240 11636 4
 1241 52380 18
 1242 17466 6
 1243 37856 13
 1244 37869 13
 1245 17484 6
 1246 20405 7
 1247 34992 12
 1248 29170 10
 1249 26262 9
 1250 55461 19
 1251 8760 3
 1252 29210 10
 1253 58440 20
 1254 32153 11
 1255 8772 3
 1256 8775 3
 1257 11704 4
 1258 55613 19
 1259 14640 5
 1260 38077 13
 1261 32230 11
 1262 11724 4
 1263 29320 10
 1264 38129 13
 1265 14670 5
 1266 49895 17
 1267 38168 13
 1268 26433 9
 1269 58760 20
 1270 26451 9
 1271 58800 20
 1272 14705 5
 1273 52956 18
 1274 26487 9
 1275 55936 19
 1276 20615 7
 1277 50082 17
 1278 11788 4
 1279 26532 9
 1280 14745 5
 1281 53100 18
 1282 26559 9
 1283 32472 11
 1284 44295 15
 1285 5908 2
 1286 8865 3
 1287 20692 7
 1288 44355 15
 1289 53244 18
 1290 59180 20
 1291 20720 7
 1292 23688 8
 1293 53316 18
 1294 56297 19
 1295 59280 20
 1296 56335 19
 1297 17796 6
 1298 2967 1
 1299 59360 20
 1300 29690 10
 1301 38610 13
 1302 41594 14
 1303 17832 6
 1304 38649 13
 1305 23792 8
 1306 56525 19
 1307 44640 15
 1308 35724 12
 1309 35736 12
 1310 17874 6
 1311 41720 14
 1312 29810 10
 1313 47712 16
 1314 53694 18
 1315 38792 13
 1316 56715 19
 1317 5972 2
 1318 26883 9
 1319 59760 20
 1320 2989 1
 1321 20930 7
 1322 53838 18
 1323 47872 16
 1324 44895 15
 1325 17964 6
 1326 20965 7
 1327 53928 18
 1328 50949 17
 1329 29980 10
 1330 2999 1
 1331 18000 6
 1332 57019 19
 1333 15010 5
 1334 30030 10
 1335 51068 17
 1336 30050 10
 1337 42084 14
 1338 51119 17
 1339 42112 14
 1340 36108 12
 1341 3010 1
 1342 18066 6
 1343 18072 6
 1344 33143 11
 1345 57266 19
 1346 21105 7
 1347 21112 7
 1348 60340 20
 1349 51306 17
 1350 24152 8
 1351 6040 2
 1352 48336 16
 1353 39286 13
 1354 21161 7
 1355 39312 13
 1356 15125 5
 1357 48416 16
 1358 18162 6
 1359 9084 3
 1360 27261 9
 1361 9090 3
 1362 57589 19
 1363 18192 6
 1364 6066 2
 1365 12136 4
 1366 21245 7
 1367 12144 4
 1368 15185 5
 1369 57722 19
 1370 51663 17
 1371 27360 9
 1372 12164 4
 1373 33462 11
 1374 30430 10
 1375 12176 4
 1376 60900 20
 1377 27414 9
 1378 12188 4
 1379 45720 15
 1380 45735 15
 1381 45750 15
 1382 54918 18
 1383 39676 13
 1384 39689 13
 1385 45810 15
 1386 12220 4
 1387 36672 12
 1388 6114 2
 1389 61160 20
 1390 45885 15
 1391 15300 5
 1392 33671 11
 1393 21434 7
 1394 45945 15
 1395 27576 9
 1396 61300 20
 1397 52122 17
 1398 39871 13
 1399 55224 18
 1400 6138 2
 1401 24560 8
 1402 33781 11
 1403 6144 2
 1404 55314 18
 1405 24592 8
 1406 15375 5
 1407 6152 2
 1408 18462 6
 1409 3078 1
 1410 30790 10
 1411 61600 20
 1412 43134 14
 1413 24656 8
 1414 52411 17
 1415 6168 2
 1416 49360 16
 1417 33946 11
 1418 49392 16
 1419 15440 5
 1420 3089 1
 1421 52530 17
 1422 27819 9
 1423 24736 8
 1424 9279 3
 1425 18564 6
 1426 6190 2
 1427 55728 18
 1428 3097 1
 1429 40274 13
 1430 21693 7
 1431 6200 2
 1432 43414 14
 1433 9306 3
 1434 43442 14
 1435 37248 12
 1436 34155 11
 1437 18636 6
 1438 31070 10
 1439 27972 9
 1440 46635 15
 1441 18660 6
 1442 62220 20
 1443 49792 16
 1444 46695 15
 1445 52938 17
 1446 34265 11
 1447 28044 9
 1448 9351 3
 1449 46770 15
 1450 62380 20
 1451 28080 9
 1452 34331 11
 1453 18732 6
 1454 40599 13
 1455 46860 15
 1456 18750 6
 1457 46890 15
 1458 62540 20
 1459 3128 1
 1460 50064 16
 1461 50080 16
 1462 40703 13
 1463 59508 19
 1464 37596 12
 1465 59546 19
 1466 12540 4
 1467 40768 13
 1468 9411 3
 1469 50208 16
 1470 56502 18
 1471 34540 11
 1472 9423 3
 1473 37704 12
 1474 18858 6
 1475 3144 1
 1476 31450 10
 1477 44044 14
 1478 18882 6
 1479 3148 1
 1480 56682 18
 1481 31500 10
 1482 50416 16
 1483 22064 7
 1484 37836 12
 1485 22078 7
 1486 50480 16
 1487 9468 3
 1488 44198 14
 1489 22106 7
 1490 41067 13
 1491 6320 2
 1492 9483 3
 1493 53754 17
 1494 25304 8
 1495 9492 3
 1496 53805 17
 1497 18996 6
 1498 57006 18
 1499 25344 8
 1500 57042 18
 1501 53890 17
 1502 57078 18
 1503 57096 18
 1504 6346 2
 1505 34914 11
 1506 31750 10
 1507 22232 7
 1508 54009 17
 1509 25424 8
 1510 25432 8
 1511 19080 6
 1512 28629 9
 1513 38184 12
 1514 3183 1
 1515 63680 20
 1516 38220 12
 1517 9558 3
 1518 50992 16
 1519 25504 8
 1520 41457 13
 1521 3190 1
 1522 47865 15
 1523 54264 17
 1524 38316 12
 1525 25552 8
 1526 15975 5
 1527 3196 1
 1528 57546 18
 1529 57564 18
 1530 44786 14
 1531 51200 16
 1532 3201 1
 1533 51232 16
 1534 3203 1
 1535 12816 4
 1536 3205 1
 1537 35266 11
 1538 41691 13
 1539 54536 17
 1540 16045 5
 1541 54570 17
 1542 16055 5
 1543 12848 4
 1544 12852 4
 1545 9642 3
 1546 19290 6
 1547 16080 5
 1548 16085 5
 1549 3218 1
 1550 35409 11
 1551 41860 13
 1552 28989 9
 1553 54774 17
 1554 61237 19
 1555 35464 11
 1556 25800 8
 1557 32260 10
 1558 54859 17
 1559 64560 20
 1560 25832 8
 1561 29070 9
 1562 32310 10
 1563 45248 14
 1564 35563 11
 1565 45276 14
 1566 29115 9
 1567 6472 2
 1568 19422 6
 1569 58284 18
 1570 64780 20
 1571 61560 19
 1572 38892 12
 1573 19452 6
 1574 48645 15
 1575 51904 16
 1576 12980 4
 1577 51936 16
 1578 32470 10
 1579 55216 17
 1580 45486 14
 1581 65000 20
 1582 48765 15
 1583 32520 10
 1584 55301 17
 1585 55318 17
 1586 6510 2
 1587 26048 8
 1588 39084 12
 1589 48870 15
 1590 61921 19
 1591 58680 18
 1592 65220 20
 1593 32620 10
 1594 39156 12
 1595 26112 8
 1596 26120 8
 1597 39192 12
 1598 32670 10
 1599 58824 18
 1600 49035 15
 1601 22890 7
 1602 32710 10
 1603 3272 1
 1604 55641 17
 1605 52384 16
 1606 3275 1
 1607 42588 13
 1608 58986 18
 1609 55726 17
 1610 62301 19
 1611 6560 2
 1612 6562 2
 1613 65640 20
 1614 52528 16
 1615 26272 8
 1616 26280 8
 1617 19716 6
 1618 55879 17
 1619 36168 11
 1620 16445 5
 1621 62510 19
 1622 6582 2
 1623 42796 13
 1624 65860 20
 1625 39528 12
 1626 56015 17
 1627 9888 3
 1628 46158 14
 1629 9894 3
 1630 29691 9
 1631 56100 17
 1632 13204 4
 1633 29718 9
 1634 29727 9
 1635 39648 12
 1636 59490 18
 1637 23142 7
 1638 62833 19
 1639 59544 18
 1640 33090 10
 1641 66200 20
 1642 26488 8
 1643 36432 11
 1644 6626 2
 1645 19884 6
 1646 43095 13
 1647 9948 3
 1648 13268 4
 1649 29862 9
 1650 46466 14
 1651 16600 5
 1652 26568 8
 1653 33220 10
 1654 6646 2
 1655 16620 5
 1656 9975 3
 1657 43238 13
 1658 46578 14
 1659 33280 10
 1660 33290 10
 1661 16650 5
 1662 3331 1
 1663 56644 17
 1664 13332 4
 1665 30006 9
 1666 63365 19
 1667 56712 17
 1668 56729 17
 1669 60084 18
 1670 6678 2
33400