178
 1 1246 7
 2 2148 12
 3 3240 18
 4 2896 16
 5 1638 9
 6 366 2
 7 2024 11
 8 555 3
 9 2976 16
 10 2431 13
 11 564 3
 12 3402 18
 13 2470 13
 14 2483 13
 15 960 5
 16 3474 18
 17 1746 9
 18 3510 18
 19 196 1
 20 197 1
 21 1386 7
 22 1194 6
 23 2200 11
 24 3015 15
 25 1818 9
 26 3045 15
 27 1632 8
 28 2665 13
 29 3090 15
 30 3105 15
 31 1872 9
 32 627 3
 33 1470 7
 34 2110 10
 35 848 4
 36 2343 11
 37 3424 16
 38 645 3
 39 1296 6
 40 1085 5
 41 4360 20
 42 2409 11
 43 2860 13
 44 3978 18
 45 2664 12
 46 2230 10
 47 1344 6
 48 900 4
 49 4294 19
 50 2270 10
 51 3876 17
 52 1374 6
 53 4370 19
 54 3234 14
 55 3016 13
 56 2563 11
 57 2106 9
 58 4465 19
 59 3540 15
 60 3555 15
 61 3808 16
 62 3346 14
 63 960 4
 64 482 2
 65 1210 5
 66 1215 5
 67 2928 12
 68 4655 19
 69 2460 10
 70 2964 12
 71 992 4
 72 1245 5
 73 250 1
 74 2008 8
 75 2520 10
 76 3289 13
 77 2794 11
 78 4080 16
 79 4608 18
 80 771 3
 81 2580 10
 82 259 1
 83 3380 13
 84 2871 11
 85 2358 9
 86 5260 20
 87 5016 19
 88 2650 10
 89 2394 9
 90 1068 4
 91 2144 8
 92 4573 17
 93 4320 16
 94 271 1
 95 5168 19
 96 5187 19
 97 1370 5
 98 3850 14
 99 5244 19
 100 1939 7
 101 3892 14
 102 5022 18
 103 3360 12
 104 1967 7
 105 4230 15
 106 566 2
 107 1988 7
 108 855 3
 109 3432 12
 110 2009 7
 111 1152 4
 112 1156 4
 113 5220 18
 114 291 1
 115 2920 10
 116 4981 17
 117 3234 11
 118 295 1
 119 2664 9
 120 4752 16
 121 3278 11
 122 5681 19
 123 4200 14
 124 2107 7
 125 1208 4
 126 2424 8
 127 3952 13
 128 5185 17
 129 2142 7
 130 3684 12
 131 3696 12
 132 4017 13
 133 620 2
 134 2488 8
 135 5616 18
 136 4695 15
 137 4396 14
 138 4725 15
 139 3792 12
 140 5706 18
 141 6360 20
 142 638 2
 143 3840 12
 144 6420 20
 145 966 3
 146 323 1
 147 1620 5
 148 3250 10
 149 5542 17
 150 4905 15
 151 1312 4
 152 5593 17
 153 1320 4
 154 3310 10
 155 3652 11
 156 1998 6
 157 4342 13
 158 5695 17
 159 6048 18
 160 3370 10
 161 6422 19
 162 6102 18
 163 5440 16
 164 3410 10
 165 1368 4
 166 5488 16
 167 6880 20
 168 345 1
 169 692 2
 170 6593 19
 171 4872 14
 172 4188 12
 173 1050 3
 174 5967 17
 175 6688 19
 176 4589 13
 177 3186 9
 178 4970 14
712