1920
 1 21120 11
 2 17289 9
 3 19220 10
 4 24999 13
 5 3848 2
 6 15400 8
 7 30816 16
 8 11562 6
 9 32776 17
 10 5787 3
 11 32810 17
 12 23172 12
 13 1932 1
 14 32861 17
 15 30944 16
 16 23220 12
 17 32912 17
 18 7748 4
 19 3876 2
 20 34902 18
 21 15520 8
 22 13587 7
 23 27188 14
 24 36917 19
 25 7776 4
 26 33065 17
 27 38920 20
 28 19470 10
 29 3896 2
 30 27286 14
 31 33150 17
 32 39020 20
 33 29280 15
 34 21483 11
 35 9770 5
 36 25415 13
 37 11736 6
 38 27398 14
 39 25454 13
 40 19590 10
 41 37240 19
 42 13727 7
 43 11772 6
 44 7852 4
 45 31424 16
 46 9825 5
 47 23592 12
 48 23604 12
 49 5904 3
 50 19690 10
 51 3940 2
 52 39420 20
 53 25636 13
 54 19730 10
 55 5922 3
 56 35550 18
 57 9880 5
 58 21747 11
 59 3956 2
 60 1979 1
 61 25740 13
 62 31696 16
 63 37658 19
 64 5949 3
 65 27776 14
 66 19850 10
 67 27804 14
 68 9935 5
 69 23856 12
 70 11934 6
 71 15920 8
 72 17919 9
 73 19920 10
 74 31888 16
 75 31904 16
 76 27930 14
 77 5988 3
 78 31952 16
 79 17982 9
 80 33983 17
 81 34000 17
 82 6003 3
 83 40040 20
 84 34051 17
 85 16032 8
 86 24060 12
 87 30090 15
 88 14049 7
 89 34136 17
 90 22099 11
 91 8040 4
 92 38209 19
 93 2012 1
 94 38247 19
 95 40280 20
 96 40300 20
 97 22176 11
 98 20170 10
 99 8072 4
 100 20190 10
 101 2020 1
 102 34357 17
 103 2022 1
 104 40460 20
 105 16192 8
 106 8100 4
 107 28364 14
 108 10135 5
 109 40560 20
 110 22319 11
 111 2030 1
 112 28434 14
 113 10160 5
 114 10165 5
 115 34578 17
 116 30525 15
 117 38684 19
 118 36666 18
 119 34646 17
 120 26507 13
 121 22440 11
 122 26533 13
 123 10210 5
 124 20430 10
 125 28616 14
 126 20450 10
 127 16368 8
 128 4094 2
 129 16384 8
 130 26637 13
 131 30750 15
 132 36918 18
 133 26676 13
 134 39007 19
 135 10270 5
 136 18495 9
 137 30840 15
 138 41140 20
 139 2058 1
 140 26767 13
 141 26780 13
 142 30915 15
 143 39178 19
 144 8252 4
 145 35088 17
 146 37170 18
 147 6198 3
 148 22737 11
 149 16544 8
 150 14483 7
 151 14490 7
 152 26923 13
 153 14504 7
 154 10365 5
 155 10370 5
 156 29050 14
 157 41520 20
 158 20770 10
 159 33248 16
 160 10395 5
 161 29120 14
 162 8324 4
 163 14574 7
 164 12498 6
 165 25008 12
 166 4170 2
 167 41720 20
 168 20870 10
 169 39672 19
 170 31335 15
 171 29260 14
 172 10455 5
 173 16736 8
 174 20930 10
 175 27222 13
 176 12570 6
 177 18864 9
 178 16776 8
 179 23078 11
 180 31485 15
 181 4200 2
 182 33616 16
 183 12612 6
 184 21030 10
 185 25248 12
 186 27365 13
 187 8424 4
 188 23177 11
 189 23188 11
 190 2109 1
 191 10550 5
 192 29554 14
 193 2112 1
 194 40147 19
 195 38052 18
 196 25380 12
 197 31740 15
 198 8468 4
 199 19062 9
 200 12714 6
 201 40280 19
 202 10605 5
 203 14854 7
 204 33968 16
 205 16992 8
 206 42500 20
 207 4252 2
 208 2127 1
 209 36176 17
 210 21290 10
 211 4260 2
 212 4262 2
 213 6396 3
 214 34128 16
 215 6402 3
 216 17080 8
 217 10680 5
 218 8548 4
 219 40622 19
 220 14973 7
 221 12840 6
 222 12846 6
 223 25704 12
 224 17144 8
 225 40736 19
 226 2145 1
 227 8584 4
 228 42940 20
 229 21480 10
 230 42980 20
 231 23650 11
 232 15057 7
 233 21520 10
 234 10765 5
 235 10770 5
 236 28015 13
 237 19404 9
 238 10785 5
 239 38844 18
 240 21590 10
 241 25920 12
 242 34576 16
 243 34592 16
 244 41097 19
 245 15148 7
 246 15155 7
 247 30324 14
 248 23837 11
 249 39024 18
 250 30366 14
 251 13020 6
 252 30394 14
 253 2172 1
 254 17384 8
 255 10870 5
 256 19575 9
 257 30464 14
 258 30478 14
 259 8712 4
 260 2179 1
 261 28340 13
 262 10905 5
 263 30548 14
 264 24013 11
 265 8736 4
 266 24035 11
 267 10930 5
 268 10935 5
 269 35008 16
 270 15323 7
 271 32850 15
 272 8764 4
 273 43840 20
 274 39474 18
 275 6582 3
 276 4390 2
 277 30744 14
 278 4394 2
 279 37366 17
 280 4398 2
 281 33000 15
 282 8804 4
 283 22020 10
 284 37451 17
 285 44080 20
 286 41895 19
 287 24266 11
 288 11035 5
 289 28704 13
 290 26508 12
 291 26520 12
 292 17688 8
 293 2212 1
 294 19917 9
 295 4428 2
 296 11075 5
 297 13296 6
 298 39906 18
 299 35488 16
 300 17752 8
 301 26640 12
 302 6663 3
 303 11110 5
 304 15561 7
 305 13344 6
 306 20025 9
 307 26712 12
 308 11135 5
 309 11140 5
 310 28977 13
 311 42370 19
 312 31234 14
 313 8928 4
 314 42427 19
 315 11170 5
 316 11175 5
 317 26832 12
 318 8948 4
 319 31332 14
 320 22390 10
 321 2240 1
 322 31374 14
 323 38114 17
 324 22430 10
 325 17952 8
 326 40410 18
 327 22460 10
 328 6741 3
 329 26976 12
 330 29237 13
 331 31500 14
 332 29263 13
 333 27024 12
 334 42807 19
 335 31556 14
 336 38335 17
 337 22560 10
 338 2257 1
 339 31612 14
 340 40662 18
 341 42940 19
 342 11305 5
 343 15834 7
 344 2263 1
 345 29432 13
 346 13590 6
 347 38522 17
 348 27204 12
 349 24948 11
 350 29497 13
 351 43130 19
 352 13626 6
 353 4544 2
 354 29549 13
 355 38658 17
 356 45500 20
 357 13656 6
 358 15939 7
 359 9112 4
 360 34185 15
 361 25080 11
 362 15967 7
 363 34230 15
 364 25113 11
 365 45680 20
 366 4570 2
 367 27432 12
 368 43453 19
 369 43472 19
 370 43491 19
 371 38930 17
 372 29783 13
 373 4584 2
 374 29809 13
 375 36704 16
 376 43605 19
 377 29848 13
 378 11485 5
 379 43662 19
 380 29887 13
 381 25300 11
 382 43719 19
 383 16114 7
 384 2303 1
 385 18432 8
 386 41490 18
 387 25366 11
 388 34605 15
 389 18464 8
 390 11545 5
 391 13860 6
 392 34665 15
 393 11560 5
 394 6939 3
 395 9256 4
 396 30095 13
 397 20844 9
 398 41706 18
 399 4636 2
 400 20871 9
 401 46400 20
 402 37136 16
 403 41796 18
 404 6969 3
 405 41832 18
 406 2325 1
 407 44194 19
 408 34905 15
 409 4656 2
 410 41922 18
 411 11650 5
 412 39627 17
 413 6996 3
 414 18664 8
 415 14004 6
 416 44365 19
 417 18688 8
 418 35055 15
 419 16366 7
 420 30407 13
 421 21060 9
 422 11705 5
 423 2342 1
 424 11715 5
 425 30472 13
 426 44555 19
 427 11730 5
 428 37552 16
 429 18784 8
 430 18792 8
 431 16450 7
 432 44669 19
 433 2352 1
 434 2353 1
 435 40018 17
 436 25905 11
 437 37696 16
 438 4714 2
 439 25938 11
 440 35385 15
 441 30680 13
 442 11805 5
 443 40154 17
 444 21267 9
 445 9456 4
 446 14190 6
 447 16562 7
 448 18936 8
 449 35520 15
 450 45011 19
 451 26070 11
 452 14226 6
 453 2372 1
 454 14238 6
 455 9496 4
 456 16625 7
 457 2376 1
 458 45163 19
 459 21402 9
 460 35685 15
 461 35700 15
 462 2381 1
 463 14292 6
 464 38128 16
 465 47680 20
 466 4770 2
 467 47720 20
 468 4774 2
 469 4776 2
 470 23890 10
 471 19120 8
 472 2391 1
 473 14352 6
 474 23930 10
 475 31122 13
 476 47900 20
 477 28752 12
 478 26367 11
 479 2398 1
 480 31187 13
 481 9600 4
 482 48020 20
 483 26422 11
 484 9612 4
 485 16828 7
 486 43290 18
 487 14436 6
 488 2407 1
 489 24080 10
 490 45771 19
 491 12050 5
 492 24110 10
 493 31356 13
 494 7239 3
 495 41038 17
 496 21735 9
 497 12080 5
 498 16919 7
 499 26598 11
 500 31447 13
 501 41140 17
 502 24210 10
 503 43596 18
 504 19384 8
 505 26664 11
 506 31525 13
 507 43668 18
 508 4854 2
 509 21852 9
 510 17003 7
 511 24300 10
 512 7293 3
 513 46208 19
 514 46227 19
 515 34076 14
 516 24350 10
 517 34104 14
 518 2437 1
 519 21942 9
 520 12195 5
 521 7320 3
 522 21969 9
 523 19536 8
 524 17101 7
 525 4888 2
 526 12225 5
 527 44028 18
 528 36705 15
 529 12240 5
 530 7347 3
 531 9800 4
 532 24510 10
 533 22068 9
 534 2453 1
 535 46626 19
 536 2455 1
 537 4912 2
 538 34398 14
 539 46702 19
 540 29508 12
 541 46740 19
 542 46759 19
 543 44316 18
 544 32019 13
 545 19712 8
 546 44370 18
 547 9864 4
 548 34538 14
 549 17276 7
 550 29628 12
 551 14820 6
 552 24710 10
 553 4944 2
 554 49460 20
 555 14844 6
 556 32175 13
 557 27236 11
 558 34678 14
 559 19824 8
 560 17353 7
 561 4960 2
 562 44658 18
 563 42194 17
 564 12415 5
 565 47196 19
 566 42245 17
 567 42262 17
 568 34818 14
 569 29856 12
 570 44802 18
 571 7470 3
 572 2491 1
 573 22428 9
 574 32409 13
 575 2494 1
 576 14970 6
 577 22464 9
 578 7491 3
 579 19984 8
 580 37485 15
 581 30000 12
 582 2501 1
 583 35028 14
 584 10012 4
 585 27544 11
 586 35070 14
 587 50120 20
 588 22563 9
 589 25080 10
 590 2509 1
 591 25100 10
 592 32643 13
 593 25120 10
 594 45234 18
 595 30168 12
 596 7545 3
 597 47804 19
 598 35238 14
 599 7554 3
 600 47861 19
 601 45360 18
 602 40336 16
 603 10088 4
 604 10092 4
 605 32812 13
 606 17675 7
 607 42942 17
 608 7581 3
 609 50560 20
 610 50580 20
 611 10120 4
 612 48089 19
 613 35448 14
 614 43061 17
 615 38010 15
 616 12675 5
 617 50720 20
 618 22833 9
 619 15228 6
 620 38085 15
 621 5080 2
 622 27951 11
 623 33046 13
 624 15258 6
 625 33072 13
 626 12725 5
 627 28006 11
 628 33111 13
 629 50960 20
 630 48431 19
 631 17850 7
 632 40816 16
 633 35728 14
 634 5106 2
 635 38310 15
 636 15330 6
 637 23004 9
 638 28127 11
 639 40928 16
 640 46062 18
 641 5120 2
 642 51220 20
 643 5124 2
 644 51260 20
 645 41024 16
 646 2565 1
 647 38490 15
 648 51340 20
 649 5136 2
 650 15414 6
 651 46260 18
 652 46278 18
 653 46296 18
 654 51460 20
 655 20592 8
 656 20600 8
 657 41216 16
 658 25770 10
 659 18046 7
 660 10316 4
 661 18060 7
 662 12905 5
 663 33566 13
 664 36162 14
 665 41344 16
 666 36190 14
 667 46548 18
 668 41392 16
 669 25880 10
 670 28479 11
 671 31080 12
 672 38865 15
 673 7776 3
 674 36302 14
 675 7782 3
 676 23355 9
 677 7788 3
 678 28567 11
 679 20784 8
 680 18193 7
 681 26000 10
 682 39015 15
 683 5204 2
 684 39045 15
 685 2604 1
 686 33865 13
 687 26060 10
 688 36498 14
 689 49552 19
 690 20872 8
 691 5220 2
 692 13055 5
 693 36568 14
 694 41808 16
 695 31368 12
 696 13075 5
 697 7848 3
 698 41872 16
 699 18326 7
 700 23571 9
 701 2620 1
 702 28831 11
 703 18354 7
 704 44591 17
 705 5248 2
 706 23625 9
 707 21008 8
 708 52540 20
 709 2628 1
 710 7887 3
 711 5260 2
 712 49989 19
 713 2632 1
 714 44761 17
 715 50046 19
 716 50065 19
 717 36904 14
 718 26370 10
 719 29018 11
 720 2639 1
 721 13200 5
 722 18487 7
 723 13210 5
 724 42288 16
 725 34372 13
 726 31740 12
 727 13230 5
 728 5294 2
 729 21184 8
 730 37086 14
 731 45050 17
 732 53020 20
 733 23868 9
 734 37142 14
 735 42464 16
 736 53100 20
 737 47808 18
 738 23913 9
 739 7974 3
 740 15954 6
 741 15960 6
 742 45237 17
 743 7986 3
 744 39945 15
 745 53280 20
 746 21320 8
 747 23994 9
 748 24003 9
 749 37352 14
 750 32028 12
 751 16020 6
 752 18697 7
 753 21376 8
 754 18711 7
 755 37436 14
 756 16050 6
 757 16056 6
 758 16062 6
 759 8034 3
 760 40185 15
 761 34840 13
 762 42896 16
 763 13410 5
 764 24147 9
 765 34892 13
 766 53700 20
 767 34918 13
 768 8061 3
 769 45696 17
 770 51091 19
 771 48420 18
 772 43056 16
 773 13460 5
 774 13465 5
 775 37716 14
 776 29645 11
 777 21568 8
 778 5394 2
 779 48564 18
 780 26990 10
 781 18900 7
 782 54020 20
 783 10808 4
 784 24327 9
 785 8112 3
 786 32460 12
 787 43296 16
 788 51433 19
 789 2708 1
 790 54180 20
 791 43360 16
 792 8133 3
 793 37968 14
 794 51547 19
 795 51566 19
 796 46155 17
 797 21728 8
 798 54340 20
 799 51642 19
 800 19033 7
 801 2720 1
 802 2721 1
 803 2722 1
 804 10892 4
 805 19068 7
 806 49050 18
 807 10904 4
 808 16362 6
 809 32736 12
 810 19103 7
 811 49140 18
 812 5462 2
 813 38248 14
 814 35529 13
 815 35542 13
 816 30085 11
 817 21888 8
 818 38318 14
 819 8214 3
 820 8217 3
 821 32880 12
 822 16446 6
 823 16452 6
 824 49374 18
 825 10976 4
 826 30195 11
 827 30206 11
 828 21976 8
 829 46716 17
 830 46733 17
 831 13750 5
 832 35763 13
 833 44032 16
 834 33036 12
 835 8262 3
 836 13775 5
 837 55120 20
 838 52383 19
 839 33096 12
 840 49662 18
 841 24840 9
 842 19327 7
 843 22096 8
 844 19341 7
 845 41460 15
 846 24885 9
 847 16596 6
 848 16602 6
 849 5536 2
 850 49842 18
 851 8310 3
 852 24939 9
 853 55440 20
 854 33276 12
 855 19418 7
 856 49950 18
 857 44416 16
 858 44432 16
 859 5556 2
 860 27790 10
 861 25020 9
 862 50058 18
 863 41730 15
 864 41745 15
 865 55680 20
 866 5570 2
 867 41790 15
 868 44592 16
 869 13940 5
 870 16734 6
 871 33480 12
 872 19537 7
 873 8376 3
 874 41895 15
 875 25146 9
 876 53105 19
 877 36348 13
 878 33564 12
 879 19586 7
 880 50382 18
 881 16800 6
 882 44816 16
 883 14010 5
 884 42045 15
 885 56080 20
 886 22440 8
 887 19642 7
 888 19649 7
 889 14040 5
 890 28090 10
 891 14050 5
 892 30921 11
 893 53428 19
 894 42195 15
 895 36582 13
 896 22520 8
 897 8448 3
 898 50706 18
 899 16908 6
 900 14095 5
 901 47940 17
 902 53599 19
 903 31042 11
 904 50814 18
 905 42360 15
 906 45200 16
 907 50868 18
 908 42405 15
 909 8484 3
 910 8487 3
 911 48110 17
 912 19817 7
 913 16992 6
 914 42495 15
 915 14170 5
 916 11340 4
 917 56720 20
 918 19859 7
 919 42570 15
 920 56780 20
 921 25560 9
 922 19887 7
 923 31262 11
 924 14215 5
 925 28440 10
 926 42675 15
 927 11384 4
 928 48399 17
 929 5696 2
 930 11396 4
 931 54150 19
 932 11404 4
 933 5704 2
 934 17118 6
 935 19978 7
 936 57100 20
 937 2856 1
 938 51426 18
 939 37154 13
 940 20013 7
 941 48620 17
 942 25749 9
 943 42930 15
 944 37219 13
 945 45824 16
 946 8595 3
 947 11464 4
 948 14335 5
 949 2868 1
 950 34428 12
 951 2870 1
 952 34452 12
 953 57440 20
 954 43095 15
 955 14370 5
 956 5750 2
 957 5752 2
 958 43155 15
 959 23024 8
 960 5758 2
 961 8640 3
 962 14405 5
 963 51876 18
 964 43245 15
 965 37492 13
 966 57700 20
 967 54834 19
 968 49079 17
 969 51984 18
 970 31779 11
 971 11560 4
 972 17346 6
 973 8676 3
 974 5786 2
 975 40516 14
 976 46320 16
 977 5792 2
 978 31867 11
 979 23184 8
 980 28990 10
 981 34800 12
 982 5802 2
 983 49334 17
 984 31933 11
 985 26136 9
 986 34860 12
 987 58120 20
 988 11628 4
 989 46528 16
 990 23272 8
 991 46560 16
 992 8733 3
 993 8736 3
 994 2913 1
 995 17484 6
 996 52470 18
 997 58320 20
 998 55423 19
 999 5836 2
 1000 8757 3
 1001 32120 11
 1002 40894 14
 1003 46752 16
 1004 14615 5
 1005 58480 20
 1006 58500 20
 1007 55594 19
 1008 46832 16
 1009 55632 19
 1010 32219 11
 1011 2930 1
 1012 52758 18
 1013 2932 1
 1014 52794 18
 1015 52812 18
 1016 23480 8
 1017 55784 19
 1018 41118 14
 1019 47008 16
 1020 52902 18
 1021 58800 20
 1022 23528 8
 1023 29420 10
 1024 2943 1
 1025 14720 5
 1026 2945 1
 1027 38298 13
 1028 2947 1
 1029 17688 6
 1030 23592 8
 1031 2950 1
 1032 11804 4
 1033 56088 19
 1034 5906 2
 1035 53172 18
 1036 26595 9
 1037 56164 19
 1038 5914 2
 1039 11832 4
 1040 29590 10
 1041 38480 13
 1042 53298 18
 1043 11848 4
 1044 26667 9
 1045 41496 14
 1046 8895 3
 1047 53388 18
 1048 26703 9
 1049 20776 7
 1050 14845 5
 1051 20790 7
 1052 17826 6
 1053 11888 4
 1054 17838 6
 1055 11896 4
 1056 47600 16
 1057 29760 10
 1058 5954 2
 1059 47648 16
 1060 38727 13
 1061 59600 20
 1062 20867 7
 1063 47712 16
 1064 23864 8
 1065 8952 3
 1066 59700 20
 1067 47776 16
 1068 29870 10
 1069 41832 14
 1070 53802 18
 1071 41860 14
 1072 32901 11
 1073 35904 12
 1074 8979 3
 1075 59880 20
 1076 32945 11
 1077 23968 8
 1078 32967 11
 1079 47968 16
 1080 2999 1
 1081 9000 3
 1082 3001 1
 1083 54036 18
 1084 54054 18
 1085 9012 3
 1086 30050 10
 1087 9018 3
 1088 12028 4
 1089 15040 5
 1090 51153 17
 1091 54180 18
 1092 60220 20
 1093 39156 13
 1094 9039 3
 1095 60280 20
 1096 51255 17
 1097 42224 14
 1098 36204 12
 1099 18108 6
 1100 39247 13
 1101 54360 18
 1102 42294 14
 1103 33242 11
 1104 12092 4
 1105 9072 3
 1106 12100 4
 1107 9078 3
 1108 57513 19
 1109 27252 9
 1110 24232 8
 1111 42420 14
 1112 30310 10
 1113 30320 10
 1114 18198 6
 1115 39442 13
 1116 15175 5
 1117 15180 5
 1118 18222 6
 1119 51646 17
 1120 48624 16
 1121 42560 14
 1122 15205 5
 1123 60840 20
 1124 9129 3
 1125 60880 20
 1126 3045 1
 1127 3046 1
 1128 45705 15
 1129 15240 5
 1130 12196 4
 1131 48800 16
 1132 9153 3
 1133 45780 15
 1134 39689 13
 1135 36648 12
 1136 45825 15
 1137 55008 18
 1138 3057 1
 1139 3058 1
 1140 3059 1
 1141 21420 7
 1142 61220 20
 1143 45930 15
 1144 30630 10
 1145 55152 18
 1146 52105 17
 1147 55188 18
 1148 52139 17
 1149 9204 3
 1150 30690 10
 1151 61400 20
 1152 18426 6
 1153 46080 15
 1154 21511 7
 1155 61480 20
 1156 58425 19
 1157 21532 7
 1158 36924 12
 1159 15390 5
 1160 9237 3
 1161 30800 10
 1162 36972 12
 1163 43148 14
 1164 21581 7
 1165 37008 12
 1166 15425 5
 1167 52462 17
 1168 58653 19
 1169 30880 10
 1170 15445 5
 1171 6180 2
 1172 52547 17
 1173 55656 18
 1174 58767 19
 1175 61880 20
 1176 21665 7
 1177 15480 5
 1178 43358 14
 1179 34078 11
 1180 61980 20
 1181 6200 2
 1182 62020 20
 1183 62040 20
 1184 15515 5
 1185 12416 4
 1186 37260 12
 1187 18636 6
 1188 6214 2
 1189 40404 13
 1190 12436 4
 1191 62200 20
 1192 9333 3
 1193 31120 10
 1194 24904 8
 1195 3114 1
 1196 31150 10
 1197 31160 10
 1198 59223 19
 1199 37416 12
 1200 43666 14
 1201 37440 12
 1202 9363 3
 1203 62440 20
 1204 3123 1
 1205 3124 1
 1206 56250 18
 1207 31260 10
 1208 50032 16
 1209 12512 4
 1210 46935 15
 1211 59470 19
 1212 56358 18
 1213 15660 5
 1214 62660 20
 1215 28206 9
 1216 18810 6
 1217 9408 3
 1218 12548 4
 1219 47070 15
 1220 12556 4
 1221 62800 20
 1222 56538 18
 1223 21994 7
 1224 62860 20
 1225 59736 19
 1226 62900 20
 1227 31460 10
 1228 44058 14
 1229 62960 20
 1230 59831 19
 1231 59850 19
 1232 28359 9
 1233 18912 6
 1234 44142 14
 1235 41002 13
 1236 37860 12
 1237 25248 8
 1238 28413 9
 1239 3158 1
 1240 18954 6
 1241 47400 15
 1242 15805 5
 1243 9486 3
 1244 25304 8
 1245 53788 17
 1246 31650 10
 1247 6332 2
 1248 44338 14
 1249 57024 18
 1250 6338 2
 1251 34870 11
 1252 28539 9
 1253 50752 16
 1254 53941 17
 1255 63480 20
 1256 25400 8
 1257 25408 8
 1258 54009 17
 1259 34958 11
 1260 19074 6
 1261 9540 3
 1262 54077 17
 1263 6364 2
 1264 41379 13
 1265 28656 9
 1266 44590 14
 1267 19116 6
 1268 9561 3
 1269 44632 14
 1270 54213 17
 1271 6380 2
 1272 22337 7
 1273 47880 15
 1274 3193 1
 1275 6388 2
 1276 54315 17
 1277 31960 10
 1278 31970 10
 1279 41574 13
 1280 54383 17
 1281 57600 18
 1282 3201 1
 1283 25616 8
 1284 32030 10
 1285 19224 6
 1286 54485 17
 1287 48090 15
 1288 51312 16
 1289 22456 7
 1290 25672 8
 1291 28890 9
 1292 28899 9
 1293 54604 17
 1294 61047 19
 1295 28926 9
 1296 16075 5
 1297 12864 4
 1298 6434 2
 1299 6436 2
 1300 45066 14
 1301 61180 19
 1302 6442 2
 1303 19332 6
 1304 9669 3
 1305 48360 15
 1306 48375 15
 1307 3226 1
 1308 19362 6
 1309 38736 12
 1310 38748 12
 1311 12920 4
 1312 12924 4
 1313 25856 8
 1314 35563 11
 1315 16170 5
 1316 19410 6
 1317 12944 4
 1318 22659 7
 1319 29142 9
 1320 16195 5
 1321 25920 8
 1322 12964 4
 1323 6484 2
 1324 3243 1
 1325 25952 8
 1326 64900 20
 1327 3246 1
 1328 9741 3
 1329 35728 11
 1330 6498 2
 1331 16250 5
 1332 55267 17
 1333 22764 7
 1334 42289 13
 1335 52064 16
 1336 19530 6
 1337 35816 11
 1338 9771 3
 1339 16290 5
 1340 6518 2
 1341 52160 16
 1342 6522 2
 1343 55454 17
 1344 6526 2
 1345 9792 3
 1346 45710 14
 1347 45724 14
 1348 42471 13
 1349 9804 3
 1350 45766 14
 1351 9810 3
 1352 35981 11
 1353 32720 10
 1354 13092 4
 1355 9822 3
 1356 62225 19
 1357 6552 2
 1358 39324 12
 1359 32780 10
 1360 3279 1
 1361 52480 16
 1362 9843 3
 1363 65640 20
 1364 6566 2
 1365 13136 4
 1366 65700 20
 1367 39432 12
 1368 9861 3
 1369 39456 12
 1370 29601 9
 1371 55930 17
 1372 65820 20
 1373 62548 19
 1374 29637 9
 1375 49410 15
 1376 16475 5
 1377 59328 18
 1378 59346 18
 1379 9894 3
 1380 29691 9
 1381 36300 11
 1382 9903 3
 1383 52832 16
 1384 26424 8
 1385 26432 8
 1386 26440 8
 1387 3306 1
 1388 16535 5
 1389 29772 9
 1390 33090 10
 1391 59580 18
 1392 49665 15
 1393 19872 6
 1394 19878 6
 1395 43082 13
 1396 13260 4
 1397 49740 15
 1398 36487 11
 1399 56406 17
 1400 53104 16
 1401 16600 5
 1402 43173 13
 1403 59796 18
 1404 9969 3
 1405 49860 15
 1406 53200 16
 1407 6652 2
 1408 19962 6
 1409 56576 17
 1410 63251 19
 1411 29970 9
 1412 49965 15
 1413 59976 18
 1414 9999 3
 1415 3334 1
 1416 16675 5
 1417 50040 15
 1418 43381 13
 1419 20028 6
 1420 46746 14
 1421 60120 18
 1422 13364 4
 1423 16710 5
 1424 16715 5
 1425 30096 9
 1426 33450 10
 1427 43498 13
 1428 50205 15
 1429 26784 8
 1430 56933 17
 1431 30150 9
 1432 50265 15
 1433 60336 18
 1434 40236 12
 1435 3354 1
 1436 43615 13
 1437 40272 12
 1438 20142 6
 1439 63802 19
 1440 23513 7
 1441 50400 15
 1442 53776 16
 1443 40344 12
 1444 67260 20
 1445 37004 11
 1446 60570 18
 1447 16830 5
 1448 33670 10
 1449 60624 18
 1450 37059 11
 1451 3370 1
 1452 20226 6
 1453 13488 4
 1454 3373 1
 1455 26992 8
 1456 40500 12
 1457 64144 19
 1458 10131 3
 1459 33780 10
 1460 16895 5
 1461 64220 19
 1462 64239 19
 1463 30438 9
 1464 47362 14
 1465 50760 15
 1466 47390 14
 1467 6772 2
 1468 40644 12
 1469 40656 12
 1470 33890 10
 1471 37290 11
 1472 50865 15
 1473 37312 11
 1474 40716 12
 1475 33940 10
 1476 47530 14
 1477 16980 5
 1478 57749 17
 1479 30582 9
 1480 47586 14
 1481 61200 18
 1482 6802 2
 1483 10206 3
 1484 54448 16
 1485 54464 16
 1486 27240 8
 1487 57902 17
 1488 37477 11
 1489 57936 17
 1490 51135 15
 1491 17050 5
 1492 51165 15
 1493 47768 14
 1494 68260 20
 1495 6828 2
 1496 64885 19
 1497 20496 6
 1498 61506 18
 1499 37598 11
 1500 27352 8
 1501 41040 12
 1502 51315 15
 1503 44486 13
 1504 37653 11
 1505 68480 20
 1506 68500 20
 1507 54816 16
 1508 34270 10
 1509 34280 10
 1510 58293 17
 1511 37730 11
 1512 61758 18
 1513 30888 9
 1514 20598 6
 1515 27472 8
 1516 61830 18
 1517 20616 6
 1518 48118 14
 1519 55008 16
 1520 68780 20
 1521 58480 17
 1522 48174 14
 1523 3442 1
 1524 48202 14
 1525 58548 17
 1526 58565 17
 1527 65474 19
 1528 17235 5
 1529 13792 4
 1530 27592 8
 1531 20700 6
 1532 51765 15
 1533 58684 17
 1534 6906 2
 1535 17270 5
 1536 48370 14
 1537 24192 7
 1538 31113 9
 1539 20748 6
 1540 6918 2
 1541 10380 3
 1542 34610 10
 1543 24234 7
 1544 13852 4
 1545 58888 17
 1546 38115 11
 1547 41592 12
 1548 31203 9
 1549 10404 3
 1550 69380 20
 1551 55520 16
 1552 3471 1
 1553 45136 13
 1554 31257 9
 1555 27792 8
 1556 41700 12
 1557 24332 7
 1558 48678 14
 1559 17390 5
 1560 34790 10
 1561 45240 13
 1562 17405 5
 1563 31338 9
 1564 24381 7
 1565 55744 16
 1566 34850 10
 1567 34860 10
 1568 52305 15
 1569 3488 1
 1570 24423 7
 1571 38390 11
 1572 17455 5
 1573 17460 5
 1574 38423 11
 1575 10482 3
 1576 3495 1
 1577 20976 6
 1578 45461 13
 1579 17490 5
 1580 24493 7
 1581 63000 18
 1582 35010 10
 1583 38522 11
 1584 45539 13
 1585 70080 20
 1586 70100 20
 1587 63108 18
 1588 21042 6
 1589 70160 20
 1590 49126 14
 1591 56160 16
 1592 14044 4
 1593 35120 10
 1594 52695 15
 1595 17570 5
 1596 70300 20
 1597 17580 5
 1598 66823 19
 1599 63324 18
 1600 45747 13
 1601 21120 6
 1602 17605 5
 1603 70440 20
 1604 21138 6
 1605 24668 7
 1606 31725 9
 1607 24682 7
 1608 67013 19
 1609 49392 14
 1610 10587 3
 1611 3530 1
 1612 63558 18
 1613 56512 16
 1614 42396 12
 1615 28272 8
 1616 17675 5
 1617 31824 9
 1618 28296 8
 1619 28304 8
 1620 42468 12
 1621 28320 8
 1622 21246 6
 1623 56672 16
 1624 70860 20
 1625 60248 17
 1626 21270 6
 1627 28368 8
 1628 49658 14
 1629 17740 5
 1630 7098 2
 1631 53250 15
 1632 63918 18
 1633 42624 12
 1634 60401 17
 1635 42648 12
 1636 67545 19
 1637 46228 13
 1638 64026 18
 1639 67602 19
 1640 7118 2
 1641 24920 7
 1642 3561 1
 1643 3562 1
 1644 71260 20
 1645 3564 1
 1646 57040 16
 1647 39226 11
 1648 24969 7
 1649 53520 15
 1650 35690 10
 1651 49980 14
 1652 71420 20
 1653 60724 17
 1654 35730 10
 1655 39314 11
 1656 67925 19
 1657 28608 8
 1658 17885 5
 1659 25046 7
 1660 64422 18
 1661 35800 10
 1662 68039 19
 1663 50148 14
 1664 28664 8
 1665 53760 15
 1666 71700 20
 1667 32274 9
 1668 10761 3
 1669 14352 4
 1670 28712 8
 1671 68210 19
 1672 68229 19
 1673 71840 20
 1674 64674 18
 1675 17970 5
 1676 64710 18
 1677 50344 14
 1678 7194 2
 1679 17990 5
 1680 71980 20
 1681 46800 13
 1682 36010 10
 1683 46826 13
 1684 10809 3
 1685 72080 20
 1686 61285 17
 1687 14424 4
 1688 43284 12
 1689 32472 9
 1690 32481 9
 1691 21660 6
 1692 21666 6
 1693 10836 3
 1694 43356 12
 1695 39754 11
 1696 28920 8
 1697 32544 9
 1698 61489 17
 1699 72360 20
 1700 61523 17
 1701 3620 1
 1702 32589 9
 1703 25354 7
 1704 43476 12
 1705 36240 10
 1706 54375 15
 1707 50764 14
 1708 36270 10
 1709 50792 14
 1710 3629 1
 1711 61710 17
 1712 10893 3
 1713 54480 15
 1714 29064 8
 1715 69046 19
 1716 69065 19
 1717 21816 6
 1718 40007 11
 1719 72760 20
 1720 10917 3
 1721 7280 2
 1722 32769 9
 1723 25494 7
 1724 3643 1
 1725 3644 1
 1726 43740 12
 1727 36460 10
 1728 3647 1
 1729 62016 17
 1730 7298 2
 1731 65700 18
 1732 43812 12
 1733 7304 2
 1734 65754 18
 1735 25578 7
 1736 69445 19
 1737 18280 5
 1738 18285 5
 1739 29264 8
 1740 21954 6
 1741 36600 10
 1742 14644 4
 1743 73240 20
 1744 58608 16
 1745 7328 2
 1746 36650 10
 1747 58656 16
 1748 47671 13
 1749 25676 7
 1750 22014 6
 1751 58720 16
 1752 18355 5
 1753 11016 3
 1754 73460 20
 1755 40414 11
 1756 73500 20
 1757 40436 11
 1758 40447 11
 1759 3678 1
 1760 11037 3
 1761 40480 11
 1762 55215 15
 1763 69958 19
 1764 66294 18
 1765 11052 3
 1766 36850 10
 1767 25802 7
 1768 18435 5
 1769 36880 10
 1770 73780 20
 1771 73800 20
 1772 14764 4
 1773 33228 9
 1774 51702 14
 1775 48022 13
 1776 36950 10
 1777 66528 18
 1778 22182 6
 1779 44376 12
 1780 55485 15
 1781 25900 7
 1782 37010 10
 1783 37020 10
 1784 70357 19
 1785 25928 7
 1786 70395 19
 1787 25942 7
 1788 25949 7
 1789 29664 8
 1790 70471 19
 1791 29680 8
 1792 70509 19
 1793 55680 15
 1794 18565 5
 1795 14856 4
 1796 55725 15
 1797 74320 20
 1798 18585 5
 1799 63206 17
 1800 3719 1
 1801 66960 18
 1802 14884 4
 1803 14888 4
 1804 63291 17
 1805 55860 15
 1806 3725 1
 1807 40986 11
 1808 26089 7
 1809 67104 18
 1810 3729 1
 1811 18650 5
 1812 29848 8
 1813 26124 7
 1814 44796 12
 1815 3734 1
 1816 52290 14
 1817 44832 12
 1818 22422 6
 1819 63546 17
 1820 63563 17
 1821 48620 13
 1822 37410 10
 1823 33678 9
 1824 63631 17
 1825 71136 19
 1826 29960 8
 1827 44952 12
 1828 59952 16
 1829 71212 19
 1830 67482 18
 1831 22500 6
 1832 75020 20
 1833 52528 14
 1834 15012 4
 1835 7508 2
 1836 26285 7
 1837 45072 12
 1838 3757 1
 1839 37580 10
 1840 15036 4
 1841 52640 14
 1842 11283 3
 1843 7524 2
 1844 52682 14
 1845 60224 16
 1846 18825 5
 1847 56490 15
 1848 41437 11
 1849 26376 7
 1850 37690 10
 1851 15080 4
 1852 30168 8
 1853 26404 7
 1854 22638 6
 1855 33966 9
 1856 64175 17
 1857 45312 12
 1858 52878 14
 1859 15112 4
 1860 45348 12
 1861 15120 4
 1862 15124 4
 1863 64294 17
 1864 7566 2
 1865 26488 7
 1866 34065 9
 1867 45432 12
 1868 26509 7
 1869 41668 11
 1870 75780 20
 1871 26530 7
 1872 11373 3
 1873 3792 1
 1874 45516 12
 1875 45528 12
 1876 34155 9
 1877 15184 4
 1878 68346 18
 1879 56970 15
 1880 72181 19
 1881 7600 2
 1882 30408 8
 1883 19010 5
 1884 64651 17
 1885 53256 14
 1886 45660 12
 1887 19030 5
 1888 53298 14
 1889 34272 9
 1890 53326 14
 1891 34290 9
 1892 34299 9
 1893 72428 19
 1894 76260 20
 1895 61024 16
 1896 34335 9
 1897 22896 6
 1898 15268 4
 1899 41998 11
 1900 19095 5
 1901 7640 2
 1902 19105 5
 1903 30576 8
 1904 3823 1
 1905 68832 18
 1906 3825 1
 1907 49738 13
 1908 7654 2
 1909 68904 18
 1910 15316 4
 1911 19150 5
 1912 22986 6
 1913 30656 8
 1914 19165 5
 1915 30672 8
 1916 15340 4
 1917 53704 14
 1918 69066 18
 1919 23028 6
 1920 53746 14
21120