205
 1 3280 16
 2 206 1
 3 2484 12
 4 3536 17
 5 1463 7
 6 2100 10
 7 211 1
 8 4028 19
 9 4260 20
 10 2782 13
 11 1290 6
 12 2592 12
 13 868 4
 14 436 2
 15 657 3
 16 3740 17
 17 1326 6
 18 222 1
 19 446 2
 20 1344 6
 21 4050 18
 22 1808 8
 23 454 2
 24 2964 13
 25 2061 9
 26 2530 11
 27 462 2
 28 1624 7
 29 3262 14
 30 1404 6
 31 3290 14
 32 236 1
 33 2133 9
 34 4522 19
 35 2390 10
 36 1200 5
 37 1446 6
 38 3630 15
 39 4860 20
 40 732 3
 41 4900 20
 42 2706 11
 43 741 3
 44 2728 11
 45 747 3
 46 2250 9
 47 4267 17
 48 2268 9
 49 2024 8
 50 254 1
 51 3060 12
 52 4608 18
 53 2570 10
 54 4644 18
 55 4662 18
 56 3380 13
 57 2349 9
 58 786 3
 59 2630 10
 60 792 3
 61 530 2
 62 532 2
 63 2403 9
 64 1876 7
 65 269 1
 66 2970 11
 67 4065 15
 68 272 1
 69 546 2
 70 4932 18
 71 3575 13
 72 828 3
 73 1939 7
 74 556 2
 75 5301 19
 76 5320 19
 77 5339 19
 78 1692 6
 79 5377 19
 80 4828 17
 81 3990 14
 82 2574 9
 83 4879 17
 84 2592 9
 85 3179 11
 86 3480 12
 87 873 3
 88 292 1
 89 4688 16
 90 1176 4
 91 2655 9
 92 2664 9
 93 4158 14
 94 298 1
 95 598 2
 96 1200 4
 97 5719 19
 98 906 3
 99 4848 16
 100 4256 14
 101 1525 5
 102 612 2
 103 2763 9
 104 616 2
 105 2472 8
 106 4340 14
 107 4354 14
 108 624 2
 109 626 2
 110 4710 15
 111 2205 7
 112 2528 8
 113 2853 9
 114 4770 15
 115 1276 4
 116 4480 14
 117 5457 17
 118 5474 17
 119 1615 5
 120 6156 19
 121 4875 15
 122 4238 13
 123 2616 8
 124 984 3
 125 987 3
 126 990 3
 127 6620 20
 128 1992 6
 129 666 2
 130 6346 19
 131 335 1
 132 1680 5
 133 3370 10
 134 2366 7
 135 6780 20
 136 4760 14
 137 4092 12
 138 1368 4
 139 3087 9
 140 5848 17
 141 4485 13
 142 5190 15
 143 3470 10
 144 6612 19
 145 6282 18
 146 5250 15
 147 1404 4
 148 3872 11
 149 6001 17
 150 1416 4
 151 5680 16
 152 712 2
 153 1428 4
 154 7160 20
 155 2513 7
 156 1440 4
 157 3971 11
 158 4344 12
 159 6534 18
 160 3276 9
 161 365 1
 162 5490 15
 163 4404 12
 164 6624 18
 165 738 2
 166 1480 4
 167 5194 14
 168 3720 10
 169 1492 4
 170 7106 19
 171 1500 4
 172 4136 11
 173 7540 20
 174 7182 19
 175 4927 13
 176 4560 12
 177 1524 4
 178 3438 9
 179 7660 20
 180 2688 7
 181 1155 3
 182 772 2
 183 1548 4
 184 3104 8
 185 6613 17
 186 2730 7
 187 2737 7
 188 6664 17
 189 5895 15
 190 7880 20
 191 4345 11
 192 5148 13
 193 3970 10
 194 1194 3
 195 7581 19
 196 1600 4
 197 2005 5
 198 804 2
 199 3627 9
 200 3232 8
 201 1620 4
 202 3654 9
 203 1221 3
 204 2448 6
 205 409 1
3280