2209
 1 13254 6
 2 11050 5
 3 28743 13
 4 17696 8
 5 37621 17
 6 15498 7
 7 37655 17
 8 28808 13
 9 42123 19
 10 44360 20
 11 2219 1
 12 11100 5
 13 13326 6
 14 13332 6
 15 6669 3
 16 2224 1
 17 44500 20
 18 42294 19
 19 22270 10
 20 35648 16
 21 26748 12
 22 44600 20
 23 13386 6
 24 37944 17
 25 11165 5
 26 29042 13
 27 35760 16
 28 26832 12
 29 22370 10
 30 33570 15
 31 17912 8
 32 33600 15
 33 2241 1
 34 42598 19
 35 11215 5
 36 8976 4
 37 8980 4
 38 42674 19
 39 40446 18
 40 17984 8
 41 6747 3
 42 9000 4
 43 40518 18
 44 31528 14
 45 24783 11
 46 24794 11
 47 9020 4
 48 31584 14
 49 22570 10
 50 18064 8
 51 38403 17
 52 29380 13
 53 9044 4
 54 2262 1
 55 22630 10
 56 4528 2
 57 20385 9
 58 31724 14
 59 27204 12
 60 11340 5
 61 36304 16
 62 15890 7
 63 9084 4
 64 11360 5
 65 36368 16
 66 27288 12
 67 13650 6
 68 25036 11
 69 6831 3
 70 31892 14
 71 22790 10
 72 27360 12
 73 15967 7
 74 22820 10
 75 22830 10
 76 29692 13
 77 4570 2
 78 45720 20
 79 20583 9
 80 22880 10
 81 18312 8
 82 29770 13
 83 43529 19
 84 29796 13
 85 13758 6
 86 4588 2
 87 4590 2
 88 4592 2
 89 39049 17
 90 11490 5
 91 39083 17
 92 43700 19
 93 2301 1
 94 18416 8
 95 27636 12
 96 11520 5
 97 39185 17
 98 43814 19
 99 4614 2
 100 43852 19
 101 30017 13
 102 46200 20
 103 34665 15
 104 16184 7
 105 9252 4
 106 43966 19
 107 34725 15
 108 9264 4
 109 25487 11
 110 2318 1
 111 32466 14
 112 23200 10
 113 11605 5
 114 30186 13
 115 18584 8
 116 46480 20
 117 18600 8
 118 30238 13
 119 13962 6
 120 18624 8
 121 11645 5
 122 23300 10
 123 44289 19
 124 46640 20
 125 46660 20
 126 37344 16
 127 11675 5
 128 9344 4
 129 44403 19
 130 16366 7
 131 42102 18
 132 42120 18
 133 2341 1
 134 44498 19
 135 32802 14
 136 16408 7
 137 14070 6
 138 44574 19
 139 37552 16
 140 18784 8
 141 39933 17
 142 25850 11
 143 21159 9
 144 39984 17
 145 23530 10
 146 32956 14
 147 25905 11
 148 4712 2
 149 7071 3
 150 33012 14
 151 47180 20
 152 28320 12
 153 30693 13
 154 2362 1
 155 35445 15
 156 14184 6
 157 18920 8
 158 33124 14
 159 28404 12
 160 2368 1
 161 35535 15
 162 2370 1
 163 42678 18
 164 33208 14
 165 42714 18
 166 9496 4
 167 38000 16
 168 33264 14
 169 35655 15
 170 28536 12
 171 45201 19
 172 33320 14
 173 14286 6
 174 23820 10
 175 35745 15
 176 28608 12
 177 14310 6
 178 2386 1
 179 45353 19
 180 9552 4
 181 14334 6
 182 26290 11
 183 11955 5
 184 2392 1
 185 45467 19
 186 9576 4
 187 14370 6
 188 28752 12
 189 23970 10
 190 21582 9
 191 23990 10
 192 24000 10
 193 43218 18
 194 31226 13
 195 21627 9
 196 2404 1
 197 7215 3
 198 28872 12
 199 4814 2
 200 4816 2
 201 16863 7
 202 40970 17
 203 12055 5
 204 36180 15
 205 48260 20
 206 4828 2
 207 7245 3
 208 16912 7
 209 41089 17
 210 16926 7
 211 2419 1
 212 48400 20
 213 19368 8
 214 19376 8
 215 26653 11
 216 33936 14
 217 41225 17
 218 38816 16
 219 36405 15
 220 14568 6
 221 12145 5
 222 48600 20
 223 26741 11
 224 19456 8
 225 4866 2
 226 19472 8
 227 7305 3
 228 17052 7
 229 24370 10
 230 12190 5
 231 31707 13
 232 14640 6
 233 2441 1
 234 9768 4
 235 7329 3
 236 21996 9
 237 29340 12
 238 48920 20
 239 9788 4
 240 17136 7
 241 19592 8
 242 31850 13
 243 24510 10
 244 9808 4
 245 26983 11
 246 34356 14
 247 36825 15
 248 4912 2
 249 49140 20
 250 14748 6
 251 9836 4
 252 31980 13
 253 27071 11
 254 39392 16
 255 29556 12
 256 41888 17
 257 32045 13
 258 34524 14
 259 27137 11
 260 39488 16
 261 49380 20
 262 4940 2
 263 46949 19
 264 42024 17
 265 29676 12
 266 37110 15
 267 19800 8
 268 14856 6
 269 29724 12
 270 27258 11
 271 49580 20
 272 49600 20
 273 17367 7
 274 32266 13
 275 19864 8
 276 2484 1
 277 42245 17
 278 4972 2
 279 2487 1
 280 44784 18
 281 2489 1
 282 39840 16
 283 29892 12
 284 34888 14
 285 2493 1
 286 9976 4
 287 17465 7
 288 39936 16
 289 4994 2
 290 24980 10
 291 9996 4
 292 30000 12
 293 7503 3
 294 17514 7
 295 30036 12
 296 35056 14
 297 35070 14
 298 20048 8
 299 12535 5
 300 12540 5
 301 25090 10
 302 30120 12
 303 42687 17
 304 10048 4
 305 32669 13
 306 17598 7
 307 7545 3
 308 7548 3
 309 47823 19
 310 37770 15
 311 15114 6
 312 22680 9
 313 22689 9
 314 12610 5
 315 27753 11
 316 45432 18
 317 12625 5
 318 45468 18
 319 48013 19
 320 32864 13
 321 20232 8
 322 20240 8
 323 37965 15
 324 22788 9
 325 7599 3
 326 27874 11
 327 20280 8
 328 30432 12
 329 20296 8
 330 15228 6
 331 12695 5
 332 5080 2
 333 25410 10
 334 40672 16
 335 40688 16
 336 50880 20
 337 33085 13
 338 38190 15
 339 5094 2
 340 48412 19
 341 15294 6
 342 15300 6
 343 5102 2
 344 40832 16
 345 20424 8
 346 33202 13
 347 45990 18
 348 48564 19
 349 43469 17
 350 7674 3
 351 28149 11
 352 28160 11
 353 20488 8
 354 46116 18
 355 28193 11
 356 10256 4
 357 7695 3
 358 28226 11
 359 30804 12
 360 5136 2
 361 41104 16
 362 30840 12
 363 46278 18
 364 5144 2
 365 46314 18
 366 20592 8
 367 7725 3
 368 43792 17
 369 30924 12
 370 2578 1
 371 20632 8
 372 10320 4
 373 38715 15
 374 10328 4
 375 36162 14
 376 7752 3
 377 7755 3
 378 38790 15
 379 7761 3
 380 33644 13
 381 15534 6
 382 15540 6
 383 15546 6
 384 44064 17
 385 51860 20
 386 38910 15
 387 18165 7
 388 49324 19
 389 36358 14
 390 36372 14
 391 23391 9
 392 7800 3
 393 46818 18
 394 18214 7
 395 5206 2
 396 18228 7
 397 39075 15
 398 41696 16
 399 18249 7
 400 41728 16
 401 41744 16
 402 10440 4
 403 20888 8
 404 18284 7
 405 7839 3
 406 28754 11
 407 36610 14
 408 26160 10
 409 5234 2
 410 36652 14
 411 34047 13
 412 2620 1
 413 5242 2
 414 26220 10
 415 18361 7
 416 41984 16
 417 47250 18
 418 23634 9
 419 10508 4
 420 10512 4
 421 28919 11
 422 31560 12
 423 2631 1
 424 15792 6
 425 15798 6
 426 34242 13
 427 50065 19
 428 13180 5
 429 26370 10
 430 50122 19
 431 36946 14
 432 36960 14
 433 10564 4
 434 52840 20
 435 31716 12
 436 52880 20
 437 50255 19
 438 2646 1
 439 31764 12
 440 50312 19
 441 39735 15
 442 18550 7
 443 31812 12
 444 18564 7
 445 37142 14
 446 39810 15
 447 50445 19
 448 15936 6
 449 13285 5
 450 45186 17
 451 53180 20
 452 2660 1
 453 50559 19
 454 37268 14
 455 34619 13
 456 10656 4
 457 53300 20
 458 23994 9
 459 53340 20
 460 21344 8
 461 13345 5
 462 24030 9
 463 42736 16
 464 16032 6
 465 34749 13
 466 37436 14
 467 29425 11
 468 18732 7
 469 13385 5
 470 37492 14
 471 18753 7
 472 2680 1
 473 5362 2
 474 5364 2
 475 50977 19
 476 37576 14
 477 42960 16
 478 37604 14
 479 18809 7
 480 26880 10
 481 5378 2
 482 24210 9
 483 40365 15
 484 21536 8
 485 37702 14
 486 13470 5
 487 45815 17
 488 26960 10
 489 26970 10
 490 26980 10
 491 13495 5
 492 24300 9
 493 35113 13
 494 54040 20
 495 37842 14
 496 54080 20
 497 8115 3
 498 43296 16
 499 21656 8
 500 24372 9
 501 21672 8
 502 29810 11
 503 13555 5
 504 21696 8
 505 13565 5
 506 40710 15
 507 46155 17
 508 29876 11
 509 5434 2
 510 24462 9
 511 46223 17
 512 10880 4
 513 2721 1
 514 43552 16
 515 40845 15
 516 16344 6
 517 46325 17
 518 21808 8
 519 49086 18
 520 8184 3
 521 5458 2
 522 43680 16
 523 43696 16
 524 24588 9
 525 19131 7
 526 41010 15
 527 21880 8
 528 41040 15
 529 10948 4
 530 38332 14
 531 52041 19
 532 41100 15
 533 30151 11
 534 41130 15
 535 54860 20
 536 24696 9
 537 24705 9
 538 5492 2
 539 27470 10
 540 5496 2
 541 43984 16
 542 19250 7
 543 41265 15
 544 41280 15
 545 41295 15
 546 38556 14
 547 16530 6
 548 55120 20
 549 52383 19
 550 55160 20
 551 22072 8
 552 19320 7
 553 8283 3
 554 46954 17
 555 16578 6
 556 30404 11
 557 22120 8
 558 41490 15
 559 2767 1
 560 47056 17
 561 38766 14
 562 44320 16
 563 33252 12
 564 19404 7
 565 44368 16
 566 44384 16
 567 55500 20
 568 8328 3
 569 5554 2
 570 16668 6
 571 11116 4
 572 19460 7
 573 38934 14
 574 38948 14
 575 27830 10
 576 16704 6
 577 36205 13
 578 2786 1
 579 30657 11
 580 13940 5
 581 36257 13
 582 53010 19
 583 53029 19
 584 33504 12
 585 11172 4
 586 47498 17
 587 50310 18
 588 25164 9
 589 47549 17
 590 55960 20
 591 41985 15
 592 25200 9
 593 42015 15
 594 11208 4
 595 53257 19
 596 2804 1
 597 47685 17
 598 22448 8
 599 25263 9
 600 53352 19
 601 53371 19
 602 50580 18
 603 22488 8
 604 5624 2
 605 30943 11
 606 56280 20
 607 14075 5
 608 50688 18
 609 56340 20
 610 2818 1
 611 5638 2
 612 50760 18
 613 33852 12
 614 33864 12
 615 11292 4
 616 33888 12
 617 16950 6
 618 53694 19
 619 19789 7
 620 19796 7
 621 2829 1
 622 42450 15
 623 48127 17
 624 33984 12
 625 5666 2
 626 22672 8
 627 53865 19
 628 36868 13
 629 31207 11
 630 48246 17
 631 17034 6
 632 8520 3
 633 56820 20
 634 25578 9
 635 36959 13
 636 2844 1
 637 17070 6
 638 39844 14
 639 54093 19
 640 14240 5
 641 11396 4
 642 37050 13
 643 14255 5
 644 22816 8
 645 39942 14
 646 8562 3
 647 11420 4
 648 34272 12
 649 31427 11
 650 2858 1
 651 28590 10
 652 37180 13
 653 34332 12
 654 40068 14
 655 42945 15
 656 20048 7
 657 11460 4
 658 11464 4
 659 20069 7
 660 45888 16
 661 54511 19
 662 54530 19
 663 28710 10
 664 40208 14
 665 14365 5
 666 45984 16
 667 34500 12
 668 37388 13
 669 34524 12
 670 23024 8
 671 23032 8
 672 20160 7
 673 34572 12
 674 46112 16
 675 49011 17
 676 34608 12
 677 11540 4
 678 17316 6
 679 14435 5
 680 11552 4
 681 46224 16
 682 40460 14
 683 11564 4
 684 8676 3
 685 52074 18
 686 40516 14
 687 46320 16
 688 52128 18
 689 37661 13
 690 37674 13
 691 40586 14
 692 31900 11
 693 8703 3
 694 23216 8
 695 49351 17
 696 11616 4
 697 20335 7
 698 34872 12
 699 8721 3
 700 20356 7
 701 58180 20
 702 37830 13
 703 46576 16
 704 55328 19
 705 32043 11
 706 17484 6
 707 17490 6
 708 26244 9
 709 35004 12
 710 55442 19
 711 37947 13
 712 35040 12
 713 5842 2
 714 29220 10
 715 11692 4
 716 43860 15
 717 49725 17
 718 8778 3
 719 43905 15
 720 23424 8
 721 32219 11
 722 35160 12
 723 14655 5
 724 52776 18
 725 46928 16
 726 41076 14
 727 23480 8
 728 26424 9
 729 46992 16
 730 8814 3
 731 11756 4
 732 35280 12
 733 32351 11
 734 26478 9
 735 14715 5
 736 20608 7
 737 23560 8
 738 20622 7
 739 53046 18
 740 35376 12
 741 50133 17
 742 35400 12
 743 41314 14
 744 53136 18
 745 20671 7
 746 8862 3
 747 56145 19
 748 26604 9
 749 53226 18
 750 44370 15
 751 2959 1
 752 17760 6
 753 50337 17
 754 14810 5
 755 41482 14
 756 29640 10
 757 2965 1
 758 23728 8
 759 20769 7
 760 5936 2
 761 23752 8
 762 41580 14
 763 2971 1
 764 44580 15
 765 53514 18
 766 14870 5
 767 41650 14
 768 32736 11
 769 50609 17
 770 38714 13
 771 50643 17
 772 56620 19
 773 11924 4
 774 8946 3
 775 53694 18
 776 29840 10
 777 11940 4
 778 2986 1
 779 35844 12
 780 5976 2
 781 53802 18
 782 44850 15
 783 20937 7
 784 50864 17
 785 32923 11
 786 8982 3
 787 20965 7
 788 8988 3
 789 17982 6
 790 53964 18
 791 56981 19
 792 54000 18
 793 27009 9
 794 60040 20
 795 9009 3
 796 12016 4
 797 18030 6
 798 15030 5
 799 48112 16
 800 36096 12
 801 3009 1
 802 33110 11
 803 15055 5
 804 9036 3
 805 33143 11
 806 30140 10
 807 15075 5
 808 60320 20
 809 36204 12
 810 60360 20
 811 30190 10
 812 45300 15
 813 24168 8
 814 33242 11
 815 57437 19
 816 15120 5
 817 6050 2
 818 27234 9
 819 30270 10
 820 9084 3
 821 51493 17
 822 33330 11
 823 12124 4
 824 36384 12
 825 6066 2
 826 3034 1
 827 51595 17
 828 39468 13
 829 15185 5
 830 57722 19
 831 15195 5
 832 36480 12
 833 24328 8
 834 33462 11
 835 45645 15
 836 3044 1
 837 39585 13
 838 57874 19
 839 18282 6
 840 21336 7
 841 15245 5
 842 9150 3
 843 39663 13
 844 61040 20
 845 9159 3
 846 33594 11
 847 9165 3
 848 45840 15
 849 6114 2
 850 6116 2
 851 33649 11
 852 18360 6
 853 39793 13
 854 21434 7
 855 55134 18
 856 3064 1
 857 39845 13
 858 45990 15
 859 21469 7
 860 33748 11
 861 24552 8
 862 61400 20
 863 42994 14
 864 3072 1
 865 30730 10
 866 39962 13
 867 61500 20
 868 49216 16
 869 61540 20
 870 9234 3
 871 9237 3
 872 36960 12
 873 3081 1
 874 61640 20
 875 24664 8
 876 21588 7
 877 18510 6
 878 3086 1
 879 37044 12
 880 61760 20
 881 27801 9
 882 52530 17
 883 9273 3
 884 6184 2
 885 27837 9
 886 18564 6
 887 9285 3
 888 43344 14
 889 18582 6
 890 61960 20
 891 55782 18
 892 9300 3
 893 21707 7
 894 55836 18
 895 62060 20
 896 49664 16
 897 18630 6
 898 9318 3
 899 3107 1
 900 24864 8
 901 18654 6
 902 49760 16
 903 59109 19
 904 21784 7
 905 15565 5
 906 3114 1
 907 37380 12
 908 62320 20
 909 40521 13
 910 40534 13
 911 3119 1
 912 49920 16
 913 59299 19
 914 62440 20
 915 37476 12
 916 6248 2
 917 9375 3
 918 37512 12
 919 12508 4
 920 31280 10
 921 6258 2
 922 28170 9
 923 15655 5
 924 43848 14
 925 46995 15
 926 50144 16
 927 31350 10
 928 18816 6
 929 12548 4
 930 62760 20
 931 6278 2
 932 3140 1
 933 6282 2
 934 28278 9
 935 50288 16
 936 25152 8
 937 34595 11
 938 44044 14
 939 15735 5
 940 28332 9
 941 47235 15
 942 40950 13
 943 37812 12
 944 44128 14
 945 3153 1
 946 31540 10
 947 63100 20
 948 50496 16
 949 59983 19
 950 6316 2
 951 9477 3
 952 47400 15
 953 63220 20
 954 3162 1
 955 53771 17
 956 56952 18
 957 34815 11
 958 18996 6
 959 38004 12
 960 6336 2
 961 22183 7
 962 50720 16
 963 31710 10
 964 63440 20
 965 34903 11
 966 47610 15
 967 63500 20
 968 19056 6
 969 9531 3
 970 47670 15
 971 50864 16
 972 63600 20
 973 34991 11
 974 15910 5
 975 25464 8
 976 57312 18
 977 60515 19
 978 25488 8
 979 28683 9
 980 44632 14
 981 15945 5
 982 35090 11
 983 19146 6
 984 22344 7
 985 44702 14
 986 3194 1
 987 19170 6
 988 35156 11
 989 60743 19
 990 28782 9
 991 31990 10
 992 22400 7
 993 22407 7
 994 48030 15
 995 16015 5
 996 28836 9
 997 35255 11
 998 35266 11
 999 57726 18
 1000 44912 14
 1001 51344 16
 1002 41730 13
 1003 28899 9
 1004 51392 16
 1005 32130 10
 1006 25712 8
 1007 45010 14
 1008 3216 1
 1009 54689 17
 1010 3218 1
 1011 25752 8
 1012 9660 3
 1013 45094 14
 1014 38664 12
 1015 22561 7
 1016 19344 6
 1017 54825 17
 1018 51616 16
 1019 54859 17
 1020 35508 11
 1021 54893 17
 1022 54910 17
 1023 54927 17
 1024 42016 13
 1025 29097 9
 1026 29106 9
 1027 48525 15
 1028 19416 6
 1029 6474 2
 1030 22666 7
 1031 64780 20
 1032 12960 4
 1033 9723 3
 1034 32420 10
 1035 6486 2
 1036 61636 19
 1037 58410 18
 1038 51936 16
 1039 38964 12
 1040 19488 6
 1041 58482 18
 1042 61750 19
 1043 3251 1
 1044 39024 12
 1045 19518 6
 1046 48810 15
 1047 22785 7
 1048 48840 15
 1049 9771 3
 1050 48870 15
 1051 65180 20
 1052 32600 10
 1053 9783 3
 1054 16310 5
 1055 13052 4
 1056 3264 1
 1057 6530 2
 1058 45724 14
 1059 16335 5
 1060 6536 2
 1061 19614 6
 1062 29430 9
 1063 29439 9
 1064 26176 8
 1065 58914 18
 1066 29466 9
 1067 45850 14
 1068 6552 2
 1069 45878 14
 1070 9834 3
 1071 3279 1
 1072 16400 5
 1073 3281 1
 1074 45948 14
 1075 19698 6
 1076 39408 12
 1077 59130 18
 1078 46004 14
 1079 19722 6
 1080 32880 10
 1081 55913 17
 1082 52640 16
 1083 13164 4
 1084 19752 6
 1085 36223 11
 1086 26352 8
 1087 65900 20
 1088 23072 7
 1089 26376 8
 1090 23086 7
 1091 19794 6
 1092 59400 18
 1093 9903 3
 1094 26416 8
 1095 59454 18
 1096 33040 10
 1097 26440 8
 1098 13224 4
 1099 19842 6
 1100 56236 17
 1101 23163 7
 1102 56270 17
 1103 9933 3
 1104 9936 3
 1105 43069 13
 1106 49710 15
 1107 53040 16
 1108 23212 7
 1109 9951 3
 1110 16590 5
 1111 46466 14
 1112 6640 2
 1113 16605 5
 1114 43186 13
 1115 63137 19
 1116 26592 8
 1117 19950 6
 1118 26608 8
 1119 39924 12
 1120 53248 16
 1121 39948 12
 1122 6660 2
 1123 39972 12
 1124 16660 5
 1125 3333 1
 1126 36674 11
 1127 13340 4
 1128 20016 6
 1129 33370 10
 1130 30042 9
 1131 23373 7
 1132 66800 20
 1133 10023 3
 1134 30078 9
 1135 6686 2
 1136 33440 10
 1137 46830 14
 1138 30114 9
 1139 50205 15
 1140 60264 18
 1141 13396 4
 1142 43550 13
 1143 20106 6
 1144 6704 2
 1145 23471 7
 1146 57018 17
 1147 60390 18
 1148 63764 19
 1149 53712 16
 1150 40296 12
 1151 47026 14
 1152 36960 11
 1153 26888 8
 1154 6724 2
 1155 33630 10
 1156 16820 5
 1157 37015 11
 1158 57222 17
 1159 3367 1
 1160 67360 20
 1161 6738 2
 1162 20220 6
 1163 3371 1
 1164 50580 15
 1165 23611 7
 1166 50610 15
 1167 10125 3
 1168 20256 6
 1169 40524 12
 1170 64182 19
 1171 54064 16
 1172 3380 1
 1173 37191 11
 1174 67640 20
 1175 57511 17
 1176 33840 10
 1177 13540 4
 1178 33860 10
 1179 27096 8
 1180 47432 14
 1181 30501 9
 1182 3390 1
 1183 44083 13
 1184 57664 17
 1185 61074 18
 1186 27152 8
 1187 50925 15
 1188 57732 17
 1189 64543 19
 1190 16990 5
 1191 23793 7
 1192 40800 12
 1193 57817 17
 1194 27216 8
 1195 40836 12
 1196 64676 19
 1197 54480 16
 1198 54496 16
 1199 6814 2
 1200 27264 8
 1201 51135 15
 1202 17050 5
 1203 37521 11
 1204 20472 6
 1205 13652 4
 1206 58038 17
 1207 51225 15
 1208 51240 15
 1209 23919 7
 1210 47852 14
 1211 23933 7
 1212 10260 3
 1213 27368 8
 1214 34220 10
 1215 27384 8
 1216 44512 13
 1217 61650 18
 1218 6852 2
 1219 34270 10
 1220 44564 13
 1221 65151 19
 1222 34300 10
 1223 27448 8
 1224 17160 5
 1225 58361 17
 1226 68680 20
 1227 51525 15
 1228 20616 6
 1229 51555 15
 1230 61884 18
 1231 41268 12
 1232 61920 18
 1233 65379 19
 1234 10326 3
 1235 6886 2
 1236 17220 5
 1237 3445 1
 1238 37906 11
 1239 58599 17
 1240 41376 12
 1241 65531 19
 1242 62100 18
 1243 3451 1
 1244 3452 1
 1245 27624 8
 1246 34540 10
 1247 38005 11
 1248 27648 8
 1249 13828 4
 1250 13832 4
 1251 55344 16
 1252 62280 18
 1253 34610 10
 1254 51930 15
 1255 31167 9
 1256 34640 10
 1257 38115 11
 1258 69320 20
 1259 24269 7
 1260 17340 5
 1261 55504 16
 1262 17350 5
 1263 27768 8
 1264 20832 6
 1265 52095 15
 1266 13896 4
 1267 55600 16
 1268 31284 9
 1269 55632 16
 1270 45214 13
 1271 13916 4
 1272 52200 15
 1273 62658 18
 1274 3482 1
 1275 55728 16
 1276 45292 13
 1277 55760 16
 1278 17430 5
 1279 69740 20
 1280 66272 19
 1281 20934 6
 1282 66310 19
 1283 31419 9
 1284 6984 2
 1285 6986 2
 1286 48916 14
 1287 34950 10
 1288 20976 6
 1289 34970 10
 1290 3498 1
 1291 55984 16
 1292 42000 12
 1293 7002 2
 1294 10506 3
 1295 52545 15
 1296 21024 6
 1297 7010 2
 1298 59602 17
 1299 31563 9
 1300 35080 10
 1301 38599 11
 1302 56160 16
 1303 70220 20
 1304 42144 12
 1305 24591 7
 1306 59738 17
 1307 35150 10
 1308 24612 7
 1309 45721 13
 1310 63324 18
 1311 28152 8
 1312 45760 13
 1313 45773 13
 1314 17610 5
 1315 35230 10
 1316 70480 20
 1317 28200 8
 1318 35260 10
 1319 10581 3
 1320 38808 11
 1321 42348 12
 1322 42360 12
 1323 67089 19
 1324 7064 2
 1325 17665 5
 1326 7068 2
 1327 28280 8
 1328 63648 18
 1329 14148 4
 1330 28304 8
 1331 28312 8
 1332 7080 2
 1333 10623 3
 1334 63756 18
 1335 24801 7
 1336 60248 17
 1337 67355 19
 1338 35460 10
 1339 28376 8
 1340 35480 10
 1341 67431 19
 1342 71000 20
 1343 67469 19
 1344 35520 10
 1345 7106 2
 1346 28432 8
 1347 10665 3
 1348 46228 13
 1349 71140 20
 1350 24906 7
 1351 42708 12
 1352 71200 20
 1353 14244 4
 1354 21372 6
 1355 32067 9
 1356 28512 8
 1357 46345 13
 1358 7132 2
 1359 32103 9
 1360 14272 4
 1361 46397 13
 1362 49980 14
 1363 42852 12
 1364 46436 13
 1365 39303 11
 1366 3574 1
 1367 32175 9
 1368 17880 5
 1369 50078 14
 1370 10734 3
 1371 42948 12
 1372 21480 6
 1373 39391 11
 1374 28656 8
 1375 10749 3
 1376 17920 5
 1377 46605 13
 1378 14344 4
 1379 17935 5
 1380 71760 20
 1381 17945 5
 1382 46670 13
 1383 35910 10
 1384 61064 17
 1385 35930 10
 1386 64692 18
 1387 17975 5
 1388 35960 10
 1389 57552 16
 1390 25186 7
 1391 61183 17
 1392 32400 9
 1393 14404 4
 1394 50428 14
 1395 25221 7
 1396 18020 5
 1397 64890 18
 1398 64908 18
 1399 32463 9
 1400 54120 15
 1401 18045 5
 1402 21660 6
 1403 32499 9
 1404 36120 10
 1405 3613 1
 1406 32526 9
 1407 14460 4
 1408 32544 9
 1409 72340 20
 1410 7236 2
 1411 57904 16
 1412 50680 14
 1413 47073 13
 1414 65196 18
 1415 28984 8
 1416 65232 18
 1417 14500 4
 1418 43512 12
 1419 68913 19
 1420 50792 14
 1421 32661 9
 1422 43560 12
 1423 21786 6
 1424 72640 20
 1425 7266 2
 1426 21804 6
 1427 50890 14
 1428 21816 6
 1429 69103 19
 1430 14552 4
 1431 65502 18
 1432 50960 14
 1433 18205 5
 1434 43704 12
 1435 25501 7
 1436 51016 14
 1437 7290 2
 1438 47398 13
 1439 51058 14
 1440 29184 8
 1441 10947 3
 1442 65700 18
 1443 25557 7
 1444 14608 4
 1445 58448 16
 1446 18270 5
 1447 7310 2
 1448 3656 1
 1449 43884 12
 1450 54870 15
 1451 73180 20
 1452 62220 17
 1453 36610 10
 1454 3662 1
 1455 18315 5
 1456 47632 13
 1457 65970 18
 1458 73320 20
 1459 44004 12
 1460 55020 15
 1461 22014 6
 1462 73400 20
 1463 18355 5
 1464 73440 20
 1465 44076 12
 1466 58784 16
 1467 11025 3
 1468 58816 16
 1469 51478 14
 1470 36780 10
 1471 29432 8
 1472 69920 19
 1473 62577 17
 1474 58912 16
 1475 29464 8
 1476 25788 7
 1477 40535 11
 1478 7372 2
 1479 36870 10
 1480 62696 17
 1481 14756 4
 1482 18450 5
 1483 40601 11
 1484 33228 9
 1485 62781 17
 1486 70186 19
 1487 70205 19
 1488 59136 16
 1489 44364 12
 1490 33282 9
 1491 25893 7
 1492 55500 15
 1493 48113 13
 1494 22212 6
 1495 18515 5
 1496 29632 8
 1497 59280 16
 1498 33354 9
 1499 14828 4
 1500 11124 3
 1501 11127 3
 1502 37100 10
 1503 66798 18
 1504 7424 2
 1505 29704 8
 1506 63138 17
 1507 44580 12
 1508 59456 16
 1509 40887 11
 1510 3718 1
 1511 52066 14
 1512 52080 14
 1513 7442 2
 1514 18610 5
 1515 29784 8
 1516 7448 2
 1517 29800 8
 1518 18630 5
 1519 55905 15
 1520 11184 3
 1521 59664 16
 1522 7460 2
 1523 63427 17
 1524 63444 17
 1525 7466 2
 1526 44808 12
 1527 63495 17
 1528 18680 5
 1529 52318 14
 1530 26166 7
 1531 37390 10
 1532 26180 7
 1533 56115 15
 1534 48646 13
 1535 29944 8
 1536 7488 2
 1537 44940 12
 1538 37460 10
 1539 14988 4
 1540 48724 13
 1541 33741 9
 1542 37500 10
 1543 71269 19
 1544 11256 3
 1545 18765 5
 1546 71326 19
 1547 67590 18
 1548 45072 12
 1549 22542 6
 1550 15032 4
 1551 18795 5
 1552 11280 3
 1553 63937 17
 1554 71478 19
 1555 26341 7
 1556 48932 13
 1557 48945 13
 1558 30128 8
 1559 7534 2
 1560 3768 1
 1561 48997 13
 1562 60320 16
 1563 22626 6
 1564 64124 17
 1565 41503 11
 1566 75480 20
 1567 56625 15
 1568 67968 18
 1569 75540 20
 1570 52892 14
 1571 22674 6
 1572 34020 9
 1573 7562 2
 1574 75640 20
 1575 30264 8
 1576 52976 14
 1577 26495 7
 1578 60576 16
 1579 26509 7
 1580 60608 16
 1581 18945 5
 1582 56850 15
 1583 11373 3
 1584 30336 8
 1585 72067 19
 1586 72086 19
 1587 68310 18
 1588 22776 6
 1589 18985 5
 1590 75960 20
 1591 45588 12
 1592 53200 14
 1593 3801 1
 1594 38020 10
 1595 11409 3
 1596 22824 6
 1597 68490 18
 1598 30448 8
 1599 22842 6
 1600 72352 19
 1601 34281 9
 1602 57150 15
 1603 22866 6
 1604 60992 16
 1605 68634 18
 1606 26698 7
 1607 76300 20
 1608 64872 17
 1609 7634 2
 1610 49634 13
 1611 7638 2
 1612 53480 14
 1613 7642 2
 1614 30576 8
 1615 34407 9
 1616 45888 12
 1617 57375 15
 1618 53564 14
 1619 72713 19
 1620 53592 14
 1621 11487 3
 1622 30640 8
 1623 76620 20
 1624 61312 16
 1625 15332 4
 1626 46008 12
 1627 34515 9
 1628 42196 11
 1629 69066 18
 1630 7676 2
 1631 23034 6
 1632 65280 17
 1633 76820 20
 1634 46104 12
 1635 34587 9
 1636 46128 12
 1637 69210 18
 1638 19230 5
 1639 61552 16
 1640 69264 18
 1641 15396 4
 1642 73150 19
 1643 34659 9
 1644 3852 1
 1645 34677 9
 1646 65518 17
 1647 50115 13
 1648 7712 2
 1649 11571 3
 1650 15432 4
 1651 27013 7
 1652 23160 6
 1653 7722 2
 1654 30896 8
 1655 42493 11
 1656 34776 9
 1657 46380 12
 1658 61856 16
 1659 69606 18
 1660 38680 10
 1661 27083 7
 1662 61920 16
 1663 23226 6
 1664 27104 7
 1665 23238 6
 1666 42614 11
 1667 15500 4
 1668 50388 13
 1669 65909 17
 1670 77560 20
 1671 58185 15
 1672 11640 3
 1673 7762 2
 1674 77640 20
 1675 50479 13
 1676 23304 6
 1677 42735 11
 1678 15544 4
 1679 62192 16
 1680 42768 11
 1681 38890 10
 1682 38900 10
 1683 19455 5
 1684 27244 7
 1685 27251 7
 1686 42834 11
 1687 3895 1
 1688 23376 6
 1689 3897 1
 1690 38980 10
 1691 58485 15
 1692 39000 10
 1693 23406 6
 1694 31216 8
 1695 7806 2
 1696 70272 18
 1697 27335 7
 1698 19530 5
 1699 70326 18
 1700 70344 18
 1701 54726 14
 1702 74290 19
 1703 62576 16
 1704 35208 9
 1705 15652 4
 1706 74366 19
 1707 50895 13
 1708 31328 8
 1709 11751 3
 1710 35262 9
 1711 70542 18
 1712 27440 7
 1713 11763 3
 1714 11766 3
 1715 7846 2
 1716 15696 4
 1717 47100 12
 1718 47112 12
 1719 35343 9
 1720 7856 2
 1721 47148 12
 1722 7860 2
 1723 78620 20
 1724 3932 1
 1725 7866 2
 1726 78680 20
 1727 23610 6
 1728 62976 16
 1729 15748 4
 1730 15752 4
 1731 51207 13
 1732 23640 6
 1733 11823 3
 1734 67014 17
 1735 74917 19
 1736 39440 10
 1737 55230 14
 1738 74974 19
 1739 19735 5
 1740 19740 5
 1741 23694 6
 1742 3950 1
 1743 43461 11
 1744 51376 13
 1745 67201 17
 1746 75126 19
 1747 59325 15
 1748 79120 20
 1749 11871 3
 1750 19790 5
 1751 55426 14
 1752 71280 18
 1753 23766 6
 1754 39620 10
 1755 23778 6
 1756 27748 7
 1757 55510 14
 1758 19830 5
 1759 11901 3
 1760 75392 19
 1761 47628 12
 1762 35730 9
 1763 43681 11
 1764 71496 18
 1765 11919 3
 1766 3974 1
 1767 11925 3
 1768 31808 8
 1769 31816 8
 1770 19890 5
 1771 75601 19
 1772 15920 4
 1773 79620 20
 1774 39820 10
 1775 47796 12
 1776 67728 17
 1777 71730 18
 1778 27902 7
 1779 15948 4
 1780 71784 18
 1781 47868 12
 1782 59850 15
 1783 75829 19
 1784 79840 20
 1785 51909 13
 1786 47928 12
 1787 27965 7
 1788 19980 5
 1789 63952 16
 1790 43978 11
 1791 23994 6
 1792 48000 12
 1793 64016 16
 1794 12006 3
 1795 80060 20
 1796 52052 13
 1797 20025 5
 1798 12018 3
 1799 8014 2
 1800 32064 8
 1801 36081 9
 1802 52130 13
 1803 12033 3
 1804 28084 7
 1805 64208 16
 1806 40140 10
 1807 52195 13
 1808 44176 11
 1809 24102 6
 1810 40180 10
 1811 8038 2
 1812 56280 14
 1813 44231 11
 1814 52286 13
 1815 24138 6
 1816 48288 12
 1817 16100 4
 1818 12078 3
 1819 12081 3
 1820 32224 8
 1821 76551 19
 1822 8060 2
 1823 20155 5
 1824 4032 1
 1825 80660 20
 1826 60510 15
 1827 60525 15
 1828 4036 1
 1829 8074 2
 1830 32304 8
 1831 24234 6
 1832 32320 8
 1833 40410 10
 1834 24252 6
 1835 60645 15
 1836 36396 9
 1837 60675 15
 1838 20230 5
 1839 76893 19
 1840 24288 6
 1841 28343 7
 1842 8100 2
 1843 32408 8
 1844 72936 18
 1845 64848 16
 1846 20270 5
 1847 36495 9
 1848 56784 14
 1849 4057 1
 1850 60870 15
 1851 8118 2
 1852 60900 15
 1853 73098 18
 1854 12186 3
 1855 32504 8
 1856 77216 19
 1857 44715 11
 1858 73188 18
 1859 73206 18
 1860 16272 4
 1861 12207 3
 1862 61050 15
 1863 16284 4
 1864 65152 16
 1865 12219 3
 1866 65184 16
 1867 8150 2
 1868 65216 16
 1869 69309 17
 1870 69326 17
 1871 53027 13
 1872 8160 2
 1873 40810 10
 1874 73476 18
 1875 36747 9
 1876 69428 17
 1877 44935 11
 1878 16344 4
 1879 44957 11
 1880 69496 17
 1881 32712 8
 1882 81800 20
 1883 8182 2
 1884 45012 11
 1885 24558 6
 1886 32752 8
 1887 24570 6
 1888 61440 15
 1889 32776 8
 1890 53274 13
 1891 61485 15
 1892 41000 10
 1893 61515 15
 1894 49224 12
 1895 16412 4
 1896 53352 13
 1897 69785 17
 1898 49272 12
 1899 82140 20
 1900 73944 18
 1901 69853 17
 1902 16440 4
 1903 82220 20
 1904 8224 2
 1905 53469 13
 1906 28798 7
 1907 20575 5
 1908 20580 5
 1909 8234 2
 1910 41180 10
 1911 32952 8
 1912 20600 5
 1913 4121 1
 1914 41220 10
 1915 57722 14
 1916 8248 2
 1917 37125 9
 1918 78394 19
 1919 28889 7
 1920 4128 1
 1921 57806 14
 1922 74340 18
 1923 45441 11
 1924 78508 19
 1925 45463 11
 1926 37206 9
 1927 62025 15
 1928 16544 4
 1929 74466 18
 1930 82760 20
 1931 66224 16
 1932 12420 3
 1933 66256 16
 1934 70414 17
 1935 78717 19
 1936 16576 4
 1937 29015 7
 1938 45606 11
 1939 20735 5
 1940 37332 9
 1941 12447 3
 1942 49800 12
 1943 83020 20
 1944 29064 7
 1945 4153 1
 1946 20770 5
 1947 8310 2
 1948 4156 1
 1949 45727 11
 1950 62370 15
 1951 8318 2
 1952 58240 14
 1953 49932 12
 1954 79078 19
 1955 62445 15
 1956 62460 15
 1957 24990 6
 1958 62490 15
 1959 33336 8
 1960 79192 19
 1961 4169 1
 1962 45870 11
 1963 12513 3
 1964 70924 17
 1965 12519 3
 1966 45914 11
 1967 25050 6
 1968 41760 10
 1969 4177 1
 1970 50136 12
 1971 4179 1
 1972 75240 18
 1973 54353 13
 1974 79458 19
 1975 54379 13
 1976 66944 16
 1977 33480 8
 1978 75348 18
 1979 46057 11
 1980 71196 17
 1981 79591 19
 1982 50280 12
 1983 29337 7
 1984 29344 7
 1985 58702 14
 1986 83880 20
 1987 75510 18
 1988 25176 6
 1989 46167 11
 1990 79762 19
 1991 4199 1
 1992 16800 4
 1993 71417 17
 1994 71434 17
 1995 4203 1
 1996 46244 11
 1997 42050 10
 1998 4206 1
 1999 33656 8
 2000 71536 17
 2001 21045 5
 2002 63150 15
 2003 29477 7
 2004 12636 3
 2005 37917 9
 2006 25284 6
 2007 54795 13
 2008 8432 2
 2009 4217 1
 2010 4218 1
 2011 59066 14
 2012 21100 5
 2013 42210 10
 2014 46442 11
 2015 50676 12
 2016 84480 20
 2017 46475 11
 2018 54938 13
 2019 84540 20
 2020 67648 16
 2021 4229 1
 2022 63450 15
 2023 25386 6
 2024 33856 8
 2025 38097 9
 2026 4234 1
 2027 63525 15
 2028 4236 1
 2029 84740 20
 2030 55094 13
 2031 16956 4
 2032 80560 19
 2033 8482 2
 2034 63630 15
 2035 84860 20
 2036 42440 10
 2037 46695 11
 2038 38214 9
 2039 4247 1
 2040 84960 20
 2041 76482 18
 2042 12750 3
 2043 80769 19
 2044 63780 15
 2045 85060 20
 2046 72318 17
 2047 51060 12
 2048 46816 11
 2049 68112 16
 2050 8516 2
 2051 76662 18
 2052 12780 3
 2053 72437 17
 2054 51144 12
 2055 38367 9
 2056 46904 11
 2057 72505 17
 2058 72522 17
 2059 34136 8
 2060 85360 20
 2061 21345 5
 2062 64050 15
 2063 68336 16
 2064 55536 13
 2065 72641 17
 2066 8548 2
 2067 47025 11
 2068 64140 15
 2069 21385 5
 2070 12834 3
 2071 85580 20
 2072 34240 8
 2073 68496 16
 2074 77076 18
 2075 12849 3
 2076 42840 10
 2077 55705 13
 2078 81434 19
 2079 60018 14
 2080 25728 6
 2081 85780 20
 2082 77220 18
 2083 8582 2
 2084 25752 6
 2085 38637 9
 2086 64410 15
 2087 81605 19
 2088 64440 15
 2089 64455 15
 2090 42980 10
 2091 73083 17
 2092 38700 9
 2093 47311 11
 2094 55926 13
 2095 43030 10
 2096 73168 17
 2097 51660 12
 2098 4306 1
 2099 81833 19
 2100 38772 9
 2101 81871 19
 2102 25860 6
 2103 38799 9
 2104 17248 4
 2105 38817 9
 2106 81966 19
 2107 38835 9
 2108 82004 19
 2109 64755 15
 2110 34544 8
 2111 4319 1
 2112 17280 4
 2113 4321 1
 2114 60508 14
 2115 51876 12
 2116 38916 9
 2117 8650 2
 2118 64890 15
 2119 43270 10
 2120 30296 7
 2121 47619 11
 2122 69280 16
 2123 43310 10
 2124 47652 11
 2125 56329 13
 2126 43340 10
 2127 69360 16
 2128 30352 7
 2129 26022 6
 2130 13014 3
 2131 60746 14
 2132 26040 6
 2133 43410 10
 2134 69472 16
 2135 34744 8
 2136 52128 12
 2137 73865 17
 2138 17384 4
 2139 73899 17
 2140 78264 18
 2141 60886 14
 2142 60900 14
 2143 82669 19
 2144 60928 14
 2145 60942 14
 2146 69664 16
 2147 4355 1
 2148 52272 12
 2149 78426 18
 2150 47938 11
 2151 78462 18
 2152 47960 11
 2153 69776 16
 2154 4362 1
 2155 65445 15
 2156 21820 5
 2157 78570 18
 2158 56758 13
 2159 26202 6
 2160 39312 9
 2161 52428 12
 2162 30590 7
 2163 43710 10
 2164 83068 19
 2165 4373 1
 2166 83106 19
 2167 26250 6
 2168 48136 11
 2169 65655 15
 2170 74426 17
 2171 61306 14
 2172 61320 14
 2173 17524 4
 2174 65730 15
 2175 39447 9
 2176 65760 15
 2177 26310 6
 2178 83334 19
 2179 57031 13
 2180 26328 6
 2181 35112 8
 2182 35120 8
 2183 21955 5
 2184 83448 19
 2185 57109 13
 2186 65910 15
 2187 48345 11
 2188 4396 1
 2189 30779 7
 2190 39582 9
 2191 74783 17
 2192 4400 1
 2193 26406 6
 2194 4402 1
 2195 74851 17
 2196 35232 8
 2197 48455 11
 2198 8812 2
 2199 4407 1
 2200 70528 16
 2201 35272 8
 2202 88200 20
 2203 17644 4
 2204 61768 14
 2205 83847 19
 2206 57382 13
 2207 44150 10
 2208 4416 1
 2209 35336 8
2209