236
 1 4012 17
 2 3792 16
 3 238 1
 4 1912 8
 5 960 4
 6 3856 16
 7 4114 17
 8 1944 8
 9 3660 15
 10 2695 11
 11 246 1
 12 1976 8
 13 992 4
 14 3984 16
 15 3500 14
 16 2259 9
 17 3024 12
 18 1265 5
 19 1270 5
 20 1785 7
 21 2304 9
 22 2313 9
 23 1548 6
 24 2072 8
 25 2860 11
 26 522 2
 27 1572 6
 28 4208 16
 29 5280 20
 30 4240 16
 31 4788 18
 32 5073 19
 33 4824 18
 34 1614 6
 35 1080 4
 36 1897 7
 37 4352 16
 38 5460 20
 39 3836 14
 40 4950 18
 41 2760 10
 42 4986 18
 43 3614 13
 44 5022 18
 45 560 2
 46 5058 18
 47 846 3
 48 5377 19
 49 284 1
 50 1710 6
 51 4290 15
 52 4305 15
 53 864 3
 54 2023 7
 55 1450 5
 56 4074 14
 57 5548 19
 58 3516 12
 59 4116 14
 60 5015 17
 61 3848 13
 62 4158 14
 63 5960 20
 64 2990 10
 65 2100 7
 66 4214 14
 67 3926 13
 68 3636 12
 69 2736 9
 70 4270 14
 71 3672 12
 72 5526 18
 73 2464 8
 74 1236 4
 75 3410 11
 76 2177 7
 77 6240 20
 78 5947 19
 79 5966 19
 80 3465 11
 81 4740 15
 82 5072 16
 83 5406 17
 84 4147 13
 85 6080 19
 86 3852 12
 87 4186 13
 88 4199 13
 89 4536 14
 90 4875 15
 91 652 2
 92 6540 20
 93 3936 12
 94 329 1
 95 2970 9
 96 6620 20
 97 1992 6
 98 1332 4
 99 6012 18
 100 3685 11
 101 3360 10
 102 4381 13
 103 5746 17
 104 6102 18
 105 2720 8
 106 341 1
 107 5130 15
 108 3087 9
 109 1376 4
 110 6555 19
 111 2768 8
 112 2429 7
 113 6264 18
 114 5584 16
 115 2450 7
 116 2808 8
 117 1408 4
 118 3177 9
 119 5310 15
 120 7100 20
 121 712 2
 122 6426 18
 123 5370 15
 124 4667 13
 125 2880 8
 126 6137 17
 127 2896 8
 128 363 1
 129 1092 3
 130 3650 10
 131 4392 12
 132 734 2
 133 7360 20
 134 4059 11
 135 6660 18
 136 4823 13
 137 1860 5
 138 4103 11
 139 4862 13
 140 1875 5
 141 5264 14
 142 6786 18
 143 7560 20
 144 7580 20
 145 3040 8
 146 5715 15
 147 3438 9
 148 4596 12
 149 1536 4
 150 2695 7
 151 5018 13
 152 7353 19
 153 776 2
 154 389 1
 155 1950 5
 156 5474 14
 157 3528 9
 158 1179 3
 159 2364 6
 160 7900 20
 161 1584 4
 162 4764 12
 163 1990 5
 164 2793 7
 165 4400 11
 166 5213 13
 167 2814 7
 168 4433 11
 169 2828 7
 170 3240 8
 171 5684 14
 172 2442 6
 173 6936 17
 174 6544 16
 175 4100 10
 176 2466 6
 177 5768 14
 178 2065 5
 179 1242 3
 180 1660 4
 181 7904 19
 182 2085 5
 183 7524 18
 184 2514 6
 185 4200 10
 186 842 2
 187 1266 3
 188 2538 6
 189 1272 3
 190 5100 12
 191 6390 15
 192 3843 9
 193 8560 20
 194 3432 8
 195 1720 4
 196 2155 5
 197 1296 3
 198 8660 20
 199 2604 6
 200 6960 16
 201 4796 11
 202 874 2
 203 1314 3
 204 1756 4
 205 8360 19
 206 6615 15
 207 7072 16
 208 5316 12
 209 2220 5
 210 3560 8
 211 4906 11
 212 2682 6
 213 4928 11
 214 2694 6
 215 450 1
 216 6314 14
 217 4068 9
 218 9060 20
 219 6810 15
 220 3640 8
 221 7296 16
 222 6398 14
 223 8244 18
 224 8721 19
 225 5060 11
 226 6454 14
 227 6468 14
 228 2778 6
 229 2320 5
 230 4650 10
 231 9320 20
 232 4203 9
 233 7020 15
 234 6566 14
 235 8930 19
 236 5181 11
1888