2541
 1 27951 11
 2 2542 1
 3 35602 14
 4 48336 19
 5 17815 7
 6 17822 7
 7 7641 3
 8 20384 8
 9 30588 12
 10 20400 8
 11 38265 15
 12 43384 17
 13 22977 9
 14 10216 4
 15 15330 6
 16 2556 1
 17 20456 8
 18 46044 18
 19 5118 2
 20 15360 6
 21 30732 12
 22 20496 8
 23 35882 14
 24 23076 9
 25 2565 1
 26 20528 8
 27 2567 1
 28 46224 18
 29 38535 15
 30 15420 6
 31 25710 10
 32 48868 19
 33 33449 13
 34 46332 18
 35 30900 12
 36 2576 1
 37 5154 2
 38 51560 20
 39 25790 10
 40 15480 6
 41 15486 6
 42 2582 1
 43 18081 7
 44 41344 16
 45 20680 8
 46 20688 8
 47 5174 2
 48 46584 18
 49 38835 15
 50 10360 4
 51 51820 20
 52 49248 19
 53 5186 2
 54 15564 6
 55 36330 14
 56 44132 17
 57 49343 19
 58 51960 20
 59 15594 6
 60 23400 9
 61 26010 10
 62 31224 12
 63 26030 10
 64 23436 9
 65 20840 8
 66 36484 14
 67 31284 12
 68 26080 10
 69 28699 11
 70 41760 16
 71 18277 7
 72 15672 6
 73 2613 1
 74 5228 2
 75 2615 1
 76 49704 19
 77 7851 3
 78 10472 4
 79 10476 4
 80 49780 19
 81 49799 19
 82 2622 1
 83 15738 6
 84 47232 18
 85 42000 16
 86 2626 1
 87 52540 20
 88 2628 1
 89 2629 1
 90 15780 6
 91 18417 7
 92 36848 14
 93 18431 7
 94 44778 17
 95 21080 8
 96 31632 12
 97 13185 5
 98 23742 9
 99 2639 1
 100 39600 15
 101 23769 9
 102 34346 13
 103 50217 19
 104 2644 1
 105 5290 2
 106 21168 8
 107 23823 9
 108 42368 16
 109 47682 18
 110 26500 10
 111 7953 3
 112 31824 12
 113 18571 7
 114 50426 19
 115 26550 10
 116 42496 16
 117 37198 14
 118 21264 8
 119 23931 9
 120 47880 18
 121 5322 2
 122 2662 1
 123 34619 13
 124 39960 15
 125 50635 19
 126 2666 1
 127 5334 2
 128 24012 9
 129 18683 7
 130 5340 2
 131 10684 4
 132 45424 17
 133 37422 14
 134 48132 18
 135 8025 3
 136 18732 7
 137 29447 11
 138 13390 5
 139 18753 7
 140 2680 1
 141 45577 17
 142 50958 19
 143 24147 9
 144 50996 19
 145 16110 6
 146 34918 13
 147 34931 13
 148 34944 13
 149 40335 15
 150 32280 12
 151 32292 12
 152 5384 2
 153 40395 15
 154 18858 7
 155 37730 14
 156 18872 7
 157 48546 18
 158 37772 14
 159 43184 16
 160 35100 13
 161 51319 19
 162 8106 3
 163 35139 13
 164 32448 12
 165 32460 12
 166 10824 4
 167 54140 20
 168 18956 7
 169 43344 16
 170 37940 14
 171 43376 16
 172 24408 9
 173 43408 16
 174 32568 12
 175 35295 13
 176 19012 7
 177 5434 2
 178 5436 2
 179 48942 18
 180 38080 14
 181 48978 18
 182 27220 10
 183 49014 18
 184 32688 12
 185 35425 13
 186 43616 16
 187 29997 11
 188 43648 16
 189 8187 3
 190 2730 1
 191 30041 11
 192 35516 13
 193 51927 19
 194 49212 18
 195 19145 7
 196 27360 10
 197 2737 1
 198 2738 1
 199 27390 10
 200 19180 7
 201 13705 5
 202 30162 11
 203 10972 4
 204 21952 8
 205 35685 13
 206 2746 1
 207 2747 1
 208 13740 5
 209 54980 20
 210 52250 19
 211 33012 12
 212 22016 8
 213 35789 13
 214 2754 1
 215 49590 18
 216 27560 10
 217 41355 15
 218 52402 19
 219 5518 2
 220 44160 16
 221 41415 15
 222 8286 3
 223 5526 2
 224 19348 7
 225 24885 9
 226 11064 4
 227 49806 18
 228 49824 18
 229 33228 12
 230 55400 20
 231 38794 14
 232 44352 16
 233 30503 11
 234 5548 2
 235 44400 16
 236 36088 13
 237 16662 6
 238 25002 9
 239 36127 13
 240 2780 1
 241 47277 17
 242 2782 1
 243 13915 5
 244 36192 13
 245 8355 3
 246 11144 4
 247 36231 13
 248 44608 16
 249 27890 10
 250 39060 14
 251 50238 18
 252 33504 12
 253 41895 15
 254 16764 6
 255 53105 19
 256 27960 10
 257 33564 12
 258 39172 14
 259 47583 17
 260 19600 7
 261 16806 6
 262 11208 4
 263 8409 3
 264 39256 14
 265 56100 20
 266 50508 18
 267 2807 1
 268 8424 3
 269 33708 12
 270 42150 15
 271 11244 4
 272 16872 6
 273 5626 2
 274 45024 16
 275 33780 12
 276 2816 1
 277 33804 12
 278 8454 3
 279 8457 3
 280 47940 17
 281 50778 18
 282 47974 17
 283 2823 1
 284 56480 20
 285 11300 4
 286 50868 18
 287 14135 5
 288 39592 14
 289 16974 6
 290 14150 5
 291 28310 10
 292 36816 13
 293 11332 4
 294 48178 17
 295 31185 11
 296 34032 12
 297 25533 9
 298 5676 2
 299 36907 13
 300 42600 15
 301 31251 11
 302 22736 8
 303 36959 13
 304 28440 10
 305 56900 20
 306 34152 12
 307 14235 5
 308 11392 4
 309 11396 4
 310 42750 15
 311 48467 17
 312 25668 9
 313 45648 16
 314 37102 13
 315 31405 11
 316 34272 12
 317 31427 11
 318 11432 4
 319 22872 8
 320 54340 19
 321 25749 9
 322 54378 19
 323 14315 5
 324 34368 12
 325 14325 5
 326 11464 4
 327 57340 20
 328 2868 1
 329 43035 15
 330 17220 6
 331 34452 12
 332 22976 8
 333 51714 18
 334 54606 19
 335 25875 9
 336 43140 15
 337 2877 1
 338 2878 1
 339 48943 17
 340 2880 1
 341 11524 4
 342 5764 2
 343 46128 16
 344 25956 9
 345 11540 4
 346 5772 2
 347 51966 18
 348 17328 6
 349 54891 19
 350 26010 9
 351 26019 9
 352 14460 5
 353 11572 4
 354 26046 9
 355 8685 3
 356 37648 13
 357 8691 3
 358 31878 11
 359 17394 6
 360 2900 1
 361 49317 17
 362 34824 12
 363 34836 12
 364 31944 11
 365 34860 12
 366 58120 20
 367 23256 8
 368 34896 12
 369 40726 14
 370 58200 20
 371 5822 2
 372 46592 16
 373 55347 19
 374 17484 6
 375 14575 5
 376 32076 11
 377 8751 3
 378 58360 20
 379 2919 1
 380 26280 9
 381 49657 17
 382 23376 8
 383 20461 7
 384 46784 16
 385 35100 12
 386 49742 17
 387 26343 9
 388 29280 10
 389 35148 12
 390 23440 8
 391 26379 9
 392 32252 11
 393 49861 17
 394 44010 15
 395 26415 9
 396 38168 13
 397 58740 20
 398 26442 9
 399 11756 4
 400 41160 14
 401 17646 6
 402 47072 16
 403 38259 13
 404 35328 12
 405 2945 1
 406 20622 7
 407 11788 4
 408 41272 14
 409 41286 14
 410 44250 15
 411 50167 17
 412 11808 4
 413 2953 1
 414 47264 16
 415 2955 1
 416 41384 14
 417 53226 18
 418 35496 12
 419 14795 5
 420 11840 4
 421 11844 4
 422 50354 17
 423 41482 14
 424 50388 17
 425 53370 18
 426 11864 4
 427 11868 4
 428 44520 15
 429 59380 20
 430 53460 18
 431 29710 10
 432 32692 11
 433 26757 9
 434 53532 18
 435 23800 8
 436 38688 13
 437 2977 1
 438 29780 10
 439 11916 4
 440 32780 11
 441 38753 13
 442 29820 10
 443 41762 14
 444 59680 20
 445 38805 13
 446 11944 4
 447 8961 3
 448 8964 3
 449 44835 15
 450 29900 10
 451 14955 5
 452 41888 14
 453 38909 13
 454 59880 20
 455 29950 10
 456 23968 8
 457 56943 19
 458 53964 18
 459 26991 9
 460 9000 3
 461 36012 12
 462 33022 11
 463 15015 5
 464 33044 11
 465 9015 3
 466 15030 5
 467 27063 9
 468 24064 8
 469 42126 14
 470 30100 10
 471 33121 11
 472 21084 7
 473 48208 16
 474 36168 12
 475 51255 17
 476 12064 4
 477 27153 9
 478 42252 14
 479 60380 20
 480 3020 1
 481 24168 8
 482 18132 6
 483 48368 16
 484 30240 10
 485 3025 1
 486 15130 5
 487 18162 6
 488 18168 6
 489 48464 16
 490 48480 16
 491 3031 1
 492 51544 17
 493 30330 10
 494 15170 5
 495 45525 15
 496 18216 6
 497 3037 1
 498 39494 13
 499 15195 5
 500 48640 16
 501 60820 20
 502 3042 1
 503 24344 8
 504 21308 7
 505 60900 20
 506 57874 19
 507 9141 3
 508 15240 5
 509 54882 18
 510 42700 14
 511 48816 16
 512 57988 19
 513 58007 19
 514 58026 19
 515 3055 1
 516 18336 6
 517 36684 12
 518 61160 20
 519 15295 5
 520 3060 1
 521 6122 2
 522 61240 20
 523 52071 17
 524 21448 7
 525 55170 18
 526 42924 14
 527 58273 19
 528 39884 13
 529 55242 18
 530 61400 20
 531 52207 17
 532 18432 6
 533 61460 20
 534 12296 4
 535 61500 20
 536 6152 2
 537 58463 19
 538 61560 20
 539 43106 14
 540 33880 11
 541 21567 7
 542 58558 19
 543 58577 19
 544 37008 12
 545 24680 8
 546 12344 4
 547 12348 4
 548 12352 4
 549 21623 7
 550 52530 17
 551 34001 11
 552 34012 11
 553 24744 8
 554 15470 5
 555 18570 6
 556 61920 20
 557 46455 15
 558 15490 5
 559 37188 12
 560 49600 16
 561 34111 11
 562 58938 19
 563 6206 2
 564 52768 17
 565 43470 14
 566 55908 18
 567 3107 1
 568 43512 14
 569 24872 8
 570 27990 9
 571 52887 17
 572 6224 2
 573 9339 3
 574 43596 14
 575 37380 12
 576 46740 15
 577 18702 6
 578 12472 4
 579 37428 12
 580 37440 12
 581 56178 18
 582 56196 18
 583 6246 2
 584 12496 4
 585 21875 7
 586 25008 8
 587 62540 20
 588 34408 11
 589 12516 4
 590 34430 11
 591 15655 5
 592 50112 16
 593 18798 6
 594 43876 14
 595 12540 4
 596 47040 15
 597 9411 3
 598 40794 13
 599 28251 9
 600 56520 18
 601 18846 6
 602 25136 8
 603 44002 14
 604 18864 6
 605 34595 11
 606 59774 19
 607 15735 5
 608 12592 4
 609 53533 17
 610 12600 4
 611 6302 2
 612 44128 14
 613 18918 6
 614 37848 12
 615 28395 9
 616 41028 13
 617 47355 15
 618 22106 7
 619 3159 1
 620 6320 2
 621 9483 3
 622 6324 2
 623 15815 5
 624 41132 13
 625 6330 2
 626 34826 11
 627 34837 11
 628 41184 13
 629 47535 15
 630 31700 10
 631 28539 9
 632 38064 12
 633 25384 8
 634 41262 13
 635 28575 9
 636 6352 2
 637 54009 17
 638 6356 2
 639 6358 2
 640 22260 7
 641 47715 15
 642 47730 15
 643 28647 9
 644 9552 3
 645 9555 3
 646 44604 14
 647 15935 5
 648 3188 1
 649 41457 13
 650 35090 11
 651 12764 4
 652 35112 11
 653 6386 2
 654 41522 13
 655 25560 8
 656 12784 4
 657 19182 6
 658 63960 20
 659 63980 20
 660 32000 10
 661 3201 1
 662 64040 20
 663 57654 18
 664 60876 19
 665 54485 17
 666 64120 20
 667 35277 11
 668 41704 13
 669 57762 18
 670 32100 10
 671 3211 1
 672 48180 15
 673 25704 8
 674 12856 4
 675 6430 2
 676 45024 14
 677 38604 12
 678 51488 16
 679 57942 18
 680 57960 18
 681 61199 19
 682 57996 18
 683 9669 3
 684 19344 6
 685 61275 19
 686 16130 5
 687 3227 1
 688 61332 19
 689 19374 6
 690 38760 12
 691 64620 20
 692 3232 1
 693 54961 17
 694 38808 12
 695 35585 11
 696 12944 4
 697 64740 20
 698 35618 11
 699 48585 15
 700 3240 1
 701 51856 16
 702 55114 17
 703 22701 7
 704 32440 10
 705 45430 14
 706 3246 1
 707 42211 13
 708 32480 10
 709 42237 13
 710 61750 19
 711 45514 14
 712 39024 12
 713 65060 20
 714 52064 16
 715 52080 16
 716 16280 5
 717 26056 8
 718 19548 6
 719 52144 16
 720 16300 5
 721 42393 13
 722 48930 15
 723 32630 10
 724 65280 20
 725 3265 1
 726 58788 18
 727 6534 2
 728 16340 5
 729 42497 13
 730 13080 4
 731 9813 3
 732 6544 2
 733 65460 20
 734 65480 20
 735 19650 6
 736 45864 14
 737 32770 10
 738 36058 11
 739 45906 14
 740 42640 13
 741 42653 13
 742 39384 12
 743 13132 4
 744 62396 19
 745 3285 1
 746 42718 13
 747 52592 16
 748 13152 4
 749 62491 19
 750 42770 13
 751 6582 2
 752 19752 6
 753 52688 16
 754 36234 11
 755 19770 6
 756 32960 10
 757 26376 8
 758 16490 5
 759 32990 10
 760 62700 19
 761 49515 15
 762 33020 10
 763 36333 11
 764 49560 15
 765 42965 13
 766 9918 3
 767 56219 17
 768 26464 8
 769 59562 18
 770 33100 10
 771 33110 10
 772 62928 19
 773 56321 17
 774 56338 17
 775 43095 13
 776 6632 2
 777 49755 15
 778 59724 18
 779 26552 8
 780 3320 1
 781 6642 2
 782 33220 10
 783 23261 7
 784 3324 1
 785 19950 6
 786 39912 12
 787 19962 6
 788 43264 13
 789 23303 7
 790 29970 9
 791 26648 8
 792 9996 3
 793 19998 6
 794 56678 17
 795 40020 12
 796 66720 20
 797 6674 2
 798 40056 12
 799 43407 13
 800 10020 3
 801 6682 2
 802 16710 5
 803 46802 14
 804 6688 2
 805 10035 3
 806 6692 2
 807 60246 18
 808 26784 8
 809 33490 10
 810 26800 8
 811 67020 20
 812 43576 13
 813 16765 5
 814 63726 19
 815 6710 2
 816 6712 2
 817 33570 10
 818 13432 4
 819 26872 8
 820 67200 20
 821 50415 15
 822 26896 8
 823 57171 17
 824 26912 8
 825 53840 16
 826 43758 13
 827 50505 15
 828 67360 20
 829 60642 18
 830 50550 15
 831 33710 10
 832 16860 5
 833 20238 6
 834 57358 17
 835 57375 17
 836 13504 4
 837 60786 18
 838 27024 8
 839 6758 2
 840 50700 15
 841 10143 3
 842 37202 11
 843 30447 9
 844 43992 13
 845 6770 2
 846 6772 2
 847 40644 12
 848 20328 6
 849 67780 20
 850 20340 6
 851 27128 8
 852 44096 13
 853 13572 4
 854 33940 10
 855 50925 15
 856 54336 16
 857 10191 3
 858 50970 15
 859 61182 18
 860 6800 2
 861 57817 17
 862 57834 17
 863 10209 3
 864 27232 8
 865 13620 4
 866 51090 15
 867 3407 1
 868 51120 15
 869 61362 18
 870 34100 10
 871 27288 8
 872 17060 5
 873 40956 12
 874 51210 15
 875 10245 3
 876 23912 7
 877 47838 14
 878 23926 7
 879 13676 4
 880 10260 3
 881 20526 6
 882 13688 4
 883 20538 6
 884 61632 18
 885 6850 2
 886 54816 16
 887 20562 6
 888 44564 13
 889 58293 17
 890 17150 5
 891 48034 14
 892 34320 10
 893 34330 10
 894 10302 3
 895 34350 10
 896 37796 11
 897 10311 3
 898 41256 12
 899 17195 5
 900 10320 3
 901 68820 20
 902 27536 8
 903 37873 11
 904 20664 6
 905 20670 6
 906 44798 13
 907 37917 11
 908 20688 6
 909 17245 5
 910 20700 6
 911 24157 7
 912 17260 5
 913 17265 5
 914 62172 18
 915 31095 9
 916 17280 5
 917 6914 2
 918 34580 10
 919 24213 7
 920 51900 15
 921 69220 20
 922 58854 17
 923 27704 8
 924 27712 8
 925 41580 12
 926 27728 8
 927 52005 15
 928 58956 17
 929 24283 7
 930 48580 14
 931 59007 17
 932 65968 19
 933 24311 7
 934 13896 4
 935 59075 17
 936 31284 9
 937 69540 20
 938 13912 4
 939 66101 19
 940 66120 19
 941 17405 5
 942 6964 2
 943 62694 18
 944 17420 5
 945 34850 10
 946 41832 12
 947 62766 18
 948 20928 6
 949 62802 18
 950 52350 15
 951 38401 11
 952 31428 9
 953 45409 13
 954 27952 8
 955 10485 3
 956 38456 11
 957 59449 17
 958 38478 11
 959 3499 1
 960 56000 16
 961 63018 18
 962 17510 5
 963 21018 6
 964 21024 6
 965 17525 5
 966 21036 6
 967 66633 19
 968 35080 10
 969 66671 19
 970 63180 18
 971 52665 15
 972 45656 13
 973 59721 17
 974 66766 19
 975 31635 9
 976 59772 17
 977 45721 13
 978 17590 5
 979 49266 14
 980 24640 7
 981 35210 10
 982 14088 4
 983 38753 11
 984 66956 19
 985 24675 7
 986 49364 14
 987 14108 4
 988 17640 5
 989 24703 7
 990 17650 5
 991 63558 18
 992 14128 4
 993 70660 20
 994 45942 13
 995 67165 19
 996 10608 3
 997 56592 16
 998 14152 4
 999 7078 2
 1000 28320 8
 1001 56656 16
 1002 70840 20
 1003 24801 7
 1004 67336 19
 1005 35450 10
 1006 7092 2
 1007 60299 17
 1008 46124 13
 1009 35490 10
 1010 71000 20
 1011 3551 1
 1012 3552 1
 1013 46189 13
 1014 39094 11
 1015 24885 7
 1016 64008 18
 1017 49798 14
 1018 42696 12
 1019 42708 12
 1020 32040 9
 1021 21366 6
 1022 14248 4
 1023 57008 16
 1024 24948 7
 1025 60605 17
 1026 64188 18
 1027 17835 5
 1028 10704 3
 1029 67811 19
 1030 53550 15
 1031 28568 8
 1032 67868 19
 1033 17865 5
 1034 10722 3
 1035 39325 11
 1036 53640 15
 1037 35770 10
 1038 39358 11
 1039 50106 14
 1040 28640 8
 1041 17905 5
 1042 57312 16
 1043 53745 15
 1044 7168 2
 1045 50190 14
 1046 68134 19
 1047 53805 15
 1048 57408 16
 1049 64602 18
 1050 3590 1
 1051 53865 15
 1052 53880 15
 1053 50302 14
 1054 68286 19
 1055 10785 3
 1056 61132 17
 1057 10791 3
 1058 7196 2
 1059 32391 9
 1060 18000 5
 1061 32409 9
 1062 43224 12
 1063 39633 11
 1064 57664 16
 1065 64890 18
 1066 36060 10
 1067 39677 11
 1068 36080 10
 1069 28872 8
 1070 68590 19
 1071 68609 19
 1072 43344 12
 1073 39743 11
 1074 46982 13
 1075 36150 10
 1076 68704 19
 1077 68723 19
 1078 43416 12
 1079 50666 14
 1080 14480 4
 1081 10863 3
 1082 65196 18
 1083 61591 17
 1084 18120 5
 1085 7250 2
 1086 43512 12
 1087 54405 15
 1088 68932 19
 1089 50806 14
 1090 10890 3
 1091 61727 17
 1092 14528 4
 1093 7266 2
 1094 54510 15
 1095 39985 11
 1096 72720 20
 1097 3637 1
 1098 72760 20
 1099 36390 10
 1100 69160 19
 1101 36410 10
 1102 18210 5
 1103 21858 6
 1104 43728 12
 1105 14580 4
 1106 54690 15
 1107 10941 3
 1108 10944 3
 1109 21894 6
 1110 7300 2
 1111 54765 15
 1112 69388 19
 1113 73060 20
 1114 14616 4
 1115 54825 15
 1116 10968 3
 1117 47541 13
 1118 69502 19
 1119 21954 6
 1120 40260 11
 1121 65898 18
 1122 47606 13
 1123 62271 17
 1124 7328 2
 1125 7330 2
 1126 32994 9
 1127 47671 13
 1128 69692 19
 1129 18345 5
 1130 7340 2
 1131 44052 12
 1132 36720 10
 1133 44076 12
 1134 73480 20
 1135 73500 20
 1136 73520 20
 1137 73540 20
 1138 47814 13
 1139 66222 18
 1140 7360 2
 1141 55215 15
 1142 51548 14
 1143 25781 7
 1144 33156 9
 1145 40535 11
 1146 47918 13
 1147 73740 20
 1148 3688 1
 1149 73780 20
 1150 25830 7
 1151 11073 3
 1152 59072 16
 1153 18465 5
 1154 62798 17
 1155 48035 13
 1156 7392 2
 1157 62849 17
 1158 14792 4
 1159 59184 16
 1160 37000 10
 1161 25907 7
 1162 14808 4
 1163 14812 4
 1164 11112 3
 1165 14820 4
 1166 66708 18
 1167 11121 3
 1168 3708 1
 1169 63053 17
 1170 66780 18
 1171 3711 1
 1172 22272 6
 1173 44556 12
 1174 74280 20
 1175 48295 13
 1176 74320 20
 1177 26019 7
 1178 70642 19
 1179 33471 9
 1180 33480 9
 1181 11163 3
 1182 11166 3
 1183 14892 4
 1184 59584 16
 1185 22350 6
 1186 67068 18
 1187 18635 5
 1188 70832 19
 1189 22374 6
 1190 52220 14
 1191 74620 20
 1192 7464 2
 1193 41063 11
 1194 56010 15
 1195 22410 6
 1196 70984 19
 1197 14948 4
 1198 37380 10
 1199 71041 19
 1200 56100 15
 1201 71079 19
 1202 22452 6
 1203 14972 4
 1204 63648 17
 1205 56175 15
 1206 59936 16
 1207 26229 7
 1208 63716 17
 1209 37490 10
 1210 30000 8
 1211 11253 3
 1212 60032 16
 1213 7506 2
 1214 67572 18
 1215 37550 10
 1216 67608 18
 1217 67626 18
 1218 7516 2
 1219 18795 5
 1220 71440 19
 1221 67698 18
 1222 41382 11
 1223 37630 10
 1224 71516 19
 1225 52710 14
 1226 45192 12
 1227 11301 3
 1228 3768 1
 1229 67842 18
 1230 3770 1
 1231 15084 4
 1232 60352 16
 1233 30184 8
 1234 52836 14
 1235 52850 14
 1236 75520 20
 1237 22662 6
 1238 71782 19
 1239 60464 16
 1240 41580 11
 1241 60496 16
 1242 75640 20
 1243 22698 6
 1244 7568 2
 1245 52990 14
 1246 41646 11
 1247 71953 19
 1248 75760 20
 1249 26523 7
 1250 60640 16
 1251 34119 9
 1252 15168 4
 1253 22758 6
 1254 41734 11
 1255 45540 12
 1256 68328 18
 1257 53158 14
 1258 26586 7
 1259 26593 7
 1260 26600 7
 1261 45612 12
 1262 49426 13
 1263 41833 11
 1264 76080 20
 1265 76100 20
 1266 38060 10
 1267 19035 5
 1268 76160 20
 1269 49517 13
 1270 30480 8
 1271 30488 8
 1272 30496 8
 1273 41943 11
 1274 76280 20
 1275 15260 4
 1276 49608 13
 1277 53438 14
 1278 30544 8
 1279 38190 10
 1280 30560 8
 1281 61136 16
 1282 64974 17
 1283 15292 4
 1284 65008 17
 1285 45900 12
 1286 34434 9
 1287 26789 7
 1288 15312 4
 1289 65093 17
 1290 57450 15
 1291 42141 11
 1292 15328 4
 1293 45996 12
 1294 57510 15
 1295 19175 5
 1296 69048 18
 1297 11511 3
 1298 49894 13
 1299 23034 6
 1300 26880 7
 1301 7682 2
 1302 15368 4
 1303 65331 17
 1304 23064 6
 1305 73055 19
 1306 76920 20
 1307 42317 11
 1308 30784 8
 1309 26943 7
 1310 65450 17
 1311 57765 15
 1312 57780 15
 1313 42383 11
 1314 69372 18
 1315 57825 15
 1316 19280 5
 1317 77140 20
 1318 11574 3
 1319 46308 12
 1320 15440 4
 1321 42471 11
 1322 19310 5
 1323 69534 18
 1324 77280 20
 1325 73435 19
 1326 27062 7
 1327 34803 9
 1328 58020 15
 1329 77380 20
 1330 15480 4
 1331 38710 10
 1332 7744 2
 1333 58095 15
 1334 3874 1
 1335 69750 18
 1336 73644 19
 1337 27139 7
 1338 3878 1
 1339 65943 17
 1340 34920 9
 1341 7762 2
 1342 58230 15
 1343 69894 18
 1344 11652 3
 1345 15540 4
 1346 3886 1
 1347 62192 16
 1348 66096 17
 1349 11667 3
 1350 73910 19
 1351 70038 18
 1352 54488 14
 1353 23358 6
 1354 31152 8
 1355 27265 7
 1356 27272 7
 1357 7794 2
 1358 70164 18
 1359 35091 9
 1360 70200 18
 1361 78020 20
 1362 3902 1
 1363 46836 12
 1364 54656 14
 1365 74195 19
 1366 39060 10
 1367 58605 15
 1368 46896 12
 1369 42999 11
 1370 35190 9
 1371 7822 2
 1372 46944 12
 1373 31304 8
 1374 39140 10
 1375 19575 5
 1376 23496 6
 1377 70506 18
 1378 15672 4
 1379 50947 13
 1380 50960 13
 1381 74499 19
 1382 78440 20
 1383 62768 16
 1384 23544 6
 1385 51025 13
 1386 19630 5
 1387 15708 4
 1388 66776 17
 1389 62864 16
 1390 70740 18
 1391 70758 18
 1392 74708 19
 1393 47196 12
 1394 39340 10
 1395 7870 2
 1396 31488 8
 1397 27559 7
 1398 39380 10
 1399 51207 13
 1400 15760 4
 1401 51233 13
 1402 78840 20
 1403 55202 14
 1404 59160 15
 1405 23670 6
 1406 78920 20
 1407 55258 14
 1408 31584 8
 1409 3949 1
 1410 27650 7
 1411 39510 10
 1412 43472 11
 1413 71154 18
 1414 15816 4
 1415 11865 3
 1416 23736 6
 1417 79140 20
 1418 19790 5
 1419 15836 4
 1420 79200 20
 1421 71298 18
 1422 3962 1
 1423 75297 19
 1424 19820 5
 1425 15860 4
 1426 51558 13
 1427 23802 6
 1428 71424 18
 1429 27783 7
 1430 19850 5
 1431 75449 19
 1432 3972 1
 1433 7946 2
 1434 51662 13
 1435 27825 7
 1436 31808 8
 1437 59655 15
 1438 51714 13
 1439 11937 3
 1440 71640 18
 1441 27867 7
 1442 11946 3
 1443 15932 4
 1444 3984 1
 1445 27895 7
 1446 59790 15
 1447 59805 15
 1448 75772 19
 1449 79780 20
 1450 67830 17
 1451 55874 14
 1452 27944 7
 1453 79860 20
 1454 3994 1
 1455 7990 2
 1456 47952 12
 1457 19985 5
 1458 55972 14
 1459 7998 2
 1460 16000 4
 1461 76019 19
 1462 40020 10
 1463 80060 20
 1464 60060 15
 1465 48060 12
 1466 76114 19
 1467 28049 7
 1468 72144 18
 1469 36081 9
 1470 44110 11
 1471 64176 16
 1472 56168 14
 1473 68221 17
 1474 12042 3
 1475 4015 1
 1476 48192 12
 1477 80340 20
 1478 44198 11
 1479 64304 16
 1480 20100 5
 1481 40210 10
 1482 60330 15
 1483 48276 12
 1484 80480 20
 1485 4025 1
 1486 4026 1
 1487 64432 16
 1488 20140 5
 1489 12087 3
 1490 20150 5
 1491 32248 8
 1492 80640 20
 1493 36297 9
 1494 56476 14
 1495 72630 18
 1496 44396 11
 1497 32296 8
 1498 60570 15
 1499 4039 1
 1500 12120 3
 1501 68697 17
 1502 60630 15
 1503 24258 6
 1504 32352 8
 1505 32360 8
 1506 44506 11
 1507 28329 7
 1508 28336 7
 1509 16196 4
 1510 32400 8
 1511 64816 16
 1512 4052 1
 1513 32424 8
 1514 8108 2
 1515 81100 20
 1516 20280 5
 1517 36513 9
 1518 68986 17
 1519 64944 16
 1520 36540 9
 1521 73098 18
 1522 64992 16
 1523 52819 13
 1524 32512 8
 1525 24390 6
 1526 60990 15
 1527 32536 8
 1528 12204 3
 1529 20345 5
 1530 56980 14
 1531 65136 16
 1532 57008 14
 1533 4073 1
 1534 24444 6
 1535 44825 11
 1536 61140 15
 1537 32616 8
 1538 65248 16
 1539 81580 20
 1540 69360 17
 1541 73458 18
 1542 20410 5
 1543 61245 15
 1544 12252 3
 1545 61275 15
 1546 65376 16
 1547 20435 5
 1548 24528 6
 1549 73602 18
 1550 16360 4
 1551 28637 7
 1552 61380 15
 1553 16372 4
 1554 45034 11
 1555 40950 10
 1556 81920 20
 1557 73746 18
 1558 77862 19
 1559 69683 17
 1560 53300 13
 1561 57414 14
 1562 20510 5
 1563 53339 13
 1564 8208 2
 1565 16420 4
 1566 16424 4
 1567 69819 17
 1568 61620 15
 1569 61635 15
 1570 16440 4
 1571 53443 13
 1572 37008 9
 1573 20565 5
 1574 78166 19
 1575 4115 1
 1576 20580 5
 1577 20585 5
 1578 65888 16
 1579 20595 5
 1580 41200 10
 1581 4121 1
 1582 24732 6
 1583 4123 1
 1584 74232 18
 1585 70125 17
 1586 20630 5
 1587 78413 19
 1588 70176 17
 1589 4129 1
 1590 82600 20
 1591 82620 20
 1592 49584 12
 1593 78527 19
 1594 45474 11
 1595 33080 8
 1596 20680 5
 1597 41370 10
 1598 4138 1
 1599 70363 17
 1600 16560 4
 1601 53833 13
 1602 33136 8
 1603 53859 13
 1604 33152 8
 1605 33160 8
 1606 78774 19
 1607 29029 7
 1608 41480 10
 1609 8298 2
 1610 24900 6
 1611 16604 4
 1612 49824 12
 1613 4153 1
 1614 70618 17
 1615 41550 10
 1616 12468 3
 1617 8314 2
 1618 37422 9
 1619 74862 18
 1620 37440 9
 1621 37449 9
 1622 45782 11
 1623 83260 20
 1624 37476 9
 1625 83300 20
 1626 79154 19
 1627 25002 6
 1628 8336 2
 1629 20845 5
 1630 12510 3
 1631 12513 3
 1632 8344 2
 1633 66768 16
 1634 16696 4
 1635 37575 9
 1636 25056 6
 1637 12531 3
 1638 45958 11
 1639 45969 11
 1640 71060 17
 1641 45991 11
 1642 58548 14
 1643 16732 4
 1644 58576 14
 1645 46035 11
 1646 8372 2
 1647 50244 12
 1648 67008 16
 1649 25134 6
 1650 12570 3
 1651 79629 19
 1652 4192 1
 1653 37737 9
 1654 46134 11
 1655 54535 13
 1656 46156 11
 1657 8394 2
 1658 83960 20
 1659 37791 9
 1660 29400 7
 1661 54613 13
 1662 29414 7
 1663 54639 13
 1664 42040 10
 1665 37845 9
 1666 54678 13
 1667 42070 10
 1668 79952 19
 1669 71553 17
 1670 4210 1
 1671 80009 19
 1672 4212 1
 1673 46343 11
 1674 80066 19
 1675 71655 17
 1676 37944 9
 1677 54821 13
 1678 21090 5
 1679 67504 16
 1680 4220 1
 1681 50652 12
 1682 50664 12
 1683 38007 9
 1684 8448 2
 1685 42250 10
 1686 46486 11
 1687 42270 10
 1688 21140 5
 1689 16916 4
 1690 67680 16
 1691 50772 12
 1692 4232 1
 1693 25398 6
 1694 8468 2
 1695 4235 1
 1696 55068 13
 1697 25422 6
 1698 72046 17
 1699 46629 11
 1700 42400 10
 1701 16964 4
 1702 8484 2
 1703 63645 15
 1704 59416 14
 1705 12735 3
 1706 76428 18
 1707 84940 20
 1708 12744 3
 1709 67984 16
 1710 63750 15
 1711 85020 20
 1712 38268 9
 1713 38277 9
 1714 80826 19
 1715 4255 1
 1716 51072 12
 1717 42570 10
 1718 46838 11
 1719 42590 10
 1720 34080 8
 1721 68176 16
 1722 85240 20
 1723 51156 12
 1724 21320 5
 1725 46915 11
 1726 25596 6
 1727 12801 3
 1728 4268 1
 1729 46959 11
 1730 81130 19
 1731 76878 18
 1732 4272 1
 1733 38457 9
 1734 29918 7
 1735 55575 13
 1736 42760 10
 1737 59878 14
 1738 12834 3
 1739 47069 11
 1740 29960 7
 1741 85620 20
 1742 68512 16
 1743 8566 2
 1744 59976 14
 1745 34280 8
 1746 21430 5
 1747 38583 9
 1748 77184 18
 1749 8578 2
 1750 30030 7
 1751 30037 7
 1752 8584 2
 1753 8586 2
 1754 12882 3
 1755 17180 4
 1756 25776 6
 1757 81643 19
 1758 60172 14
 1759 68784 16
 1760 12900 3
 1761 64515 15
 1762 86040 20
 1763 17212 4
 1764 17216 4
 1765 38745 9
 1766 73202 17
 1767 17228 4
 1768 64620 15
 1769 17236 4
 1770 43100 10
 1771 4311 1
 1772 30184 7
 1773 60382 14
 1774 38826 9
 1775 4315 1
 1776 34528 8
 1777 21585 5
 1778 17272 4
 1779 21595 5
 1780 30240 7
 1781 43210 10
 1782 8644 2
 1783 51876 12
 1784 12972 3
 1785 51900 12
 1786 86520 20
 1787 25962 6
 1788 69248 16
 1789 73593 17
 1790 38970 9
 1791 77958 18
 1792 60648 14
 1793 82327 19
 1794 52008 12
 1795 47685 11
 1796 43360 10
 1797 73729 17
 1798 4338 1
 1799 78102 18
 1800 86800 20
 1801 73797 17
 1802 34736 8
 1803 13029 3
 1804 43440 10
 1805 82555 19
 1806 82574 19
 1807 39123 9
 1808 13044 3
 1809 82631 19
 1810 87000 20
 1811 34808 8
 1812 52224 12
 1813 34824 8
 1814 56602 13
 1815 52260 12
 1816 8712 2
 1817 26142 6
 1818 47938 11
 1819 65385 15
 1820 26160 6
 1821 74137 17
 1822 8724 2
 1823 87260 20
 1824 26184 6
 1825 26190 6
 1826 69856 16
 1827 26202 6
 1828 26208 6
 1829 13107 3
 1830 8740 2
 1831 83049 19
 1832 69952 16
 1833 43730 10
 1834 74358 17
 1835 39375 9
 1836 39384 9
 1837 56901 13
 1838 13134 3
 1839 4379 1
 1840 52560 12
 1841 17524 4
 1842 78876 18
 1843 74511 17
 1844 52608 12
 1845 13155 3
 1846 61404 14
 1847 13161 3
 1848 65820 15
 1849 70224 16
 1850 65850 15
 1851 57083 13
 1852 17568 4
 1853 57109 13
 1854 26364 6
 1855 35160 8
 1856 79128 18
 1857 74749 17
 1858 39582 9
 1859 74783 17
 1860 57200 13
 1861 66015 15
 1862 61628 14
 1863 35224 8
 1864 44040 10
 1865 44050 10
 1866 88120 20
 1867 70512 16
 1868 22040 5
 1869 66135 15
 1870 66150 15
 1871 22055 5
 1872 48532 11
 1873 26478 6
 1874 83866 19
 1875 39735 9
 1876 44160 10
 1877 75089 17
 1878 79524 18
 1879 8838 2
 1880 30940 7
 1881 22105 5
 1882 13266 3
 1883 79614 18
 1884 4424 1
 1885 30975 7
 1886 57538 13
 1887 30989 7
 1888 30996 7
 1889 35432 8
 1890 70880 16
 1891 39879 9
 1892 88640 20
 1893 62062 14
 1894 79812 18
 1895 84265 19
 1896 31052 7
 1897 84303 19
 1898 35504 8
 1899 39951 9
 1900 62160 14
 1901 57733 13
 1902 26652 6
 1903 53316 12
 1904 4444 1
 1905 71120 16
 1906 57798 13
 1907 26682 6
 1908 88960 20
 1909 8898 2
 1910 57850 13
 1911 44510 10
 1912 53424 12
 1913 57889 13
 1914 22270 5
 1915 4455 1
 1916 89120 20
 1917 84683 19
 1918 49038 11
 1919 26754 6
 1920 49060 11
 1921 75837 17
 1922 62468 14
 1923 66945 15
 1924 53568 12
 1925 66975 15
 1926 17864 4
 1927 84873 19
 1928 8936 2
 1929 58097 13
 1930 26820 6
 1931 53652 12
 1932 62608 14
 1933 84987 19
 1934 4474 1
 1935 80550 18
 1936 40284 9
 1937 80586 18
 1938 22390 5
 1939 22395 5
 1940 67200 15
 1941 31367 7
 1942 22410 5
 1943 26898 6
 1944 40356 9
 1945 67275 15
 1946 53832 12
 1947 67305 15
 1948 58344 13
 1949 40401 9
 1950 26940 6
 1951 58383 13
 1952 80856 18
 1953 35944 8
 1954 35952 8
 1955 80910 18
 1956 80928 18
 1957 31479 7
 1958 89960 20
 1959 62986 14
 1960 45000 10
 1961 22505 5
 1962 58526 13
 1963 85557 19
 1964 18016 4
 1965 54060 12
 1966 72096 16
 1967 45070 10
 1968 22540 5
 1969 45090 10
 1970 76670 17
 1971 13533 3
 1972 49632 11
 1973 49643 11
 1974 90280 20
 1975 58695 13
 1976 45160 10
 1977 22585 5
 1978 40662 9
 1979 22595 5
 1980 4520 1
 1981 90420 20
 1982 13566 3
 1983 63322 14
 1984 54288 12
 1985 49775 11
 1986 63364 14
 1987 49797 11
 1988 22640 5
 1989 22645 5
 1990 13590 3
 1991 63434 14
 1992 40788 9
 1993 13599 3
 1994 31738 7
 1995 54420 12
 1996 81648 18
 1997 58981 13
 1998 22690 5
 1999 18156 4
 2000 9080 2
 2001 45410 10
 2002 68130 15
 2003 68145 15
 2004 72704 16
 2005 31815 7
 2006 31822 7
 2007 68205 15
 2008 40932 9
 2009 22745 5
 2010 36400 8
 2011 36408 8
 2012 50072 11
 2013 45530 10
 2014 40986 9
 2015 18220 4
 2016 9112 2
 2017 31899 7
 2018 9116 2
 2019 68385 15
 2020 31920 7
 2021 13683 3
 2022 59306 13
 2023 82134 18
 2024 50204 11
 2025 18260 4
 2026 50226 11
 2027 9134 2
 2028 36544 8
 2029 9138 2
 2030 59410 13
 2031 68565 15
 2032 32004 7
 2033 86887 19
 2034 77758 17
 2035 77775 17
 2036 59488 13
 2037 13731 3
 2038 77826 17
 2039 9158 2
 2040 87020 19
 2041 91620 20
 2042 73312 16
 2043 73328 16
 2044 73344 16
 2045 22925 5
 2046 13758 3
 2047 91740 20
 2048 77996 17
 2049 87191 19
 2050 91800 20
 2051 78047 17
 2052 68880 15
 2053 32151 7
 2054 45940 10
 2055 87305 19
 2056 50556 11
 2057 22985 5
 2058 73568 16
 2059 50589 11
 2060 41400 9
 2061 92020 20
 2062 23010 5
 2063 9206 2
 2064 55248 12
 2065 23025 5
 2066 73696 16
 2067 9214 2
 2068 4608 1
 2069 23045 5
 2070 18440 4
 2071 27666 6
 2072 36896 8
 2073 4613 1
 2074 50754 11
 2075 41535 9
 2076 36928 8
 2077 9234 2
 2078 36944 8
 2079 36952 8
 2080 4620 1
 2081 87799 19
 2082 32354 7
 2083 78591 17
 2084 32368 7
 2085 18500 4
 2086 83268 18
 2087 13881 3
 2088 9256 2
 2089 78693 17
 2090 13890 3
 2091 46310 10
 2092 92640 20
 2093 4633 1
 2094 23170 5
 2095 41715 9
 2096 13908 3
 2097 23185 5
 2098 23190 5
 2099 32473 7
 2100 51040 11
 2101 9282 2
 2102 92840 20
 2103 18572 4
 2104 4644 1
 2105 23225 5
 2106 88274 19
 2107 92940 20
 2108 9296 2
 2109 18596 4
 2110 93000 20
 2111 51161 11
 2112 13956 3
 2113 4653 1
 2114 4654 1
 2115 32585 7
 2116 79152 17
 2117 65198 14
 2118 51238 11
 2119 9318 2
 2120 27960 6
 2121 79237 17
 2122 13986 3
 2123 55956 12
 2124 32648 7
 2125 23325 5
 2126 18664 4
 2127 79339 17
 2128 18672 4
 2129 9338 2
 2130 65380 14
 2131 32697 7
 2132 88768 19
 2133 4673 1
 2134 32718 7
 2135 51425 11
 2136 9352 2
 2137 70155 15
 2138 88882 19
 2139 79543 17
 2140 56160 12
 2141 23405 5
 2142 56184 12
 2143 70245 15
 2144 9368 2
 2145 70275 15
 2146 9372 2
 2147 56244 12
 2148 89072 19
 2149 28134 6
 2150 56280 12
 2151 56292 12
 2152 84456 18
 2153 51623 11
 2154 70410 15
 2155 32865 7
 2156 61048 13
 2157 51667 11
 2158 79866 17
 2159 14097 3
 2160 9400 2
 2161 89319 19
 2162 47020 10
 2163 70545 15
 2164 94080 20
 2165 51755 11
 2166 51766 11
 2167 65898 14
 2168 70620 15
 2169 56508 12
 2170 61230 13
 2171 65954 14
 2172 18848 4
 2173 75408 16
 2174 23570 5
 2175 70725 15
 2176 75456 16
 2177 61321 13
 2178 28308 6
 2179 37752 8
 2180 23600 5
 2181 33047 7
 2182 61386 13
 2183 89737 19
 2184 75584 16
 2185 80325 17
 2186 9452 2
 2187 94540 20
 2188 14184 3
 2189 14187 3
 2190 42570 9
 2191 89889 19
 2192 70980 15
 2193 23665 5
 2194 66276 14
 2195 9470 2
 2196 9472 2
 2197 52107 11
 2198 4738 1
 2199 75824 16
 2200 94800 20
 2201 28446 6
 2202 28452 6
 2203 23715 5
 2204 4744 1
 2205 47450 10
 2206 33222 7
 2207 66458 14
 2208 61724 13
 2209 56988 12
 2210 38000 8
 2211 52261 11
 2212 57024 12
 2213 52283 11
 2214 47540 10
 2215 61815 13
 2216 47560 10
 2217 61841 13
 2218 38064 8
 2219 33313 7
 2220 14280 3
 2221 14283 3
 2222 80954 17
 2223 4763 1
 2224 57168 12
 2225 47650 10
 2226 85788 18
 2227 52437 11
 2228 81056 17
 2229 33383 7
 2230 9540 2
 2231 76336 16
 2232 19088 4
 2233 90687 19
 2234 47740 10
 2235 4775 1
 2236 33432 7
 2237 47770 10
 2238 57336 12
 2239 33453 7
 2240 90820 19
 2241 95620 20
 2242 52602 11
 2243 71745 15
 2244 47840 10
 2245 90915 19
 2246 62218 13
 2247 95740 20
 2248 28728 6
 2249 95780 20
 2250 91010 19
 2251 23955 5
 2252 14376 3
 2253 81481 17
 2254 62322 13
 2255 28770 6
 2256 43164 9
 2257 62361 13
 2258 43182 9
 2259 14397 3
 2260 81600 17
 2261 76816 16
 2262 38416 8
 2263 19212 4
 2264 72060 15
 2265 81685 17
 2266 67284 14
 2267 4807 1
 2268 24040 5
 2269 67326 14
 2270 38480 8
 2271 4811 1
 2272 4812 1
 2273 72195 15
 2274 24070 5
 2275 33705 7
 2276 24080 5
 2277 24085 5
 2278 67452 14
 2279 91561 19
 2280 53020 11
 2281 57852 12
 2282 57864 12
 2283 33761 7
 2284 53064 11
 2285 4825 1
 2286 77216 16
 2287 72405 15
 2288 82076 17
 2289 19316 4
 2290 86940 18
 2291 24155 5
 2292 43488 9
 2293 82161 17
 2294 14502 3
 2295 72525 15
 2296 82212 17
 2297 33859 7
 2298 33866 7
 2299 14517 3
 2300 14520 3
 2301 29046 6
 2302 43578 9
 2303 33901 7
 2304 72660 15
 2305 29070 6
 2306 92074 19
 2307 43623 9
 2308 58176 12
 2309 38792 8
 2310 29100 6
 2311 33957 7
 2312 58224 12
 2313 82501 17
 2314 14562 3
 2315 67970 14
 2316 33992 7
 2317 24285 5
 2318 72870 15
 2319 68026 14
 2320 82620 17
 2321 43749 9
 2322 19448 4
 2323 72945 15
 2324 68096 14
 2325 63245 13
 2326 48660 10
 2327 29202 6
 2328 82756 17
 2329 53559 11
 2330 34090 7
 2331 4871 1
 2332 19488 4
 2333 77968 16
 2334 63362 13
 2335 9750 2
 2336 29256 6
 2337 29262 6
 2338 58536 12
 2339 58548 12
 2340 68320 14
 2341 82977 17
 2342 39056 8
 2343 92777 19
 2344 39072 8
 2345 97700 20
 2346 58632 12
 2347 24435 5
 2348 9776 2
 2349 78224 16
 2350 9780 2
 2351 4891 1
 2352 78272 16
 2353 58716 12
 2354 83198 17
 2355 29370 6
 2356 68544 14
 2357 73455 15
 2358 39184 8
 2359 34293 7
 2360 39200 8
 2361 4901 1
 2362 44118 9
 2363 63739 13
 2364 98080 20
 2365 88290 18
 2366 39248 8
 2367 39256 8
 2368 34356 7
 2369 24545 5
 2370 54010 11
 2371 34377 7
 2372 83504 17
 2373 49130 10
 2374 4914 1
 2375 58980 12
 2376 88488 18
 2377 54087 11
 2378 9836 2
 2379 59028 12
 2380 9840 2
 2381 54131 11
 2382 73830 15
 2383 59076 12
 2384 4924 1
 2385 14775 3
 2386 93594 19
 2387 9854 2
 2388 29568 6
 2389 4929 1
 2390 29580 6
 2391 39448 8
 2392 88776 18
 2393 73995 15
 2394 39472 8
 2395 98700 20
 2396 83912 17
 2397 59244 12
 2398 74070 15
 2399 14817 3
 2400 24700 5
 2401 69174 14
 2402 34594 7
 2403 93917 19
 2404 19776 4
 2405 74175 15
 2406 24730 5
 2407 69258 14
 2408 94012 19
 2409 98980 20
 2410 29700 6
 2411 44559 9
 2412 84184 17
 2413 94107 19
 2414 94126 19
 2415 24775 5
 2416 64428 13
 2417 94183 19
 2418 94202 19
 2419 54549 11
 2420 69440 14
 2421 29766 6
 2422 9924 2
 2423 4963 1
 2424 79424 16
 2425 69510 14
 2426 59592 12
 2427 34769 7
 2428 59616 12
 2429 74535 15
 2430 9940 2
 2431 99420 20
 2432 4972 1
 2433 64649 13
 2434 24870 5
 2435 29850 6
 2436 4976 1
 2437 14931 3
 2438 69692 14
 2439 59748 12
 2440 89640 18
 2441 54791 11
 2442 39856 8
 2443 44847 9
 2444 24920 5
 2445 59820 12
 2446 79776 16
 2447 29922 6
 2448 79808 16
 2449 19956 4
 2450 9980 2
 2451 29946 6
 2452 44928 9
 2453 34951 7
 2454 89892 18
 2455 89910 18
 2456 34972 7
 2457 99940 20
 2458 34986 7
 2459 9998 2
 2460 10000 2
 2461 5001 1
 2462 30012 6
 2463 35021 7
 2464 80064 16
 2465 60060 12
 2466 70084 14
 2467 70098 14
 2468 40064 8
 2469 100180 20
 2470 30060 6
 2471 45099 9
 2472 65156 13
 2473 80208 16
 2474 30084 6
 2475 45135 9
 2476 20064 4
 2477 35119 7
 2478 30108 6
 2479 55209 11
 2480 65260 13
 2481 75315 15
 2482 100440 20
 2483 55253 11
 2484 55264 11
 2485 45225 9
 2486 5026 1
 2487 90486 18
 2488 65364 13
 2489 20116 4
 2490 5030 1
 2491 25155 5
 2492 55352 11
 2493 80528 16
 2494 55374 11
 2495 10070 2
 2496 80576 16
 2497 85629 17
 2498 25190 5
 2499 100780 20
 2500 65520 13
 2501 55451 11
 2502 50420 10
 2503 90774 18
 2504 60528 12
 2505 45405 9
 2506 25230 5
 2507 75705 15
 2508 5048 1
 2509 10098 2
 2510 95950 19
 2511 45459 9
 2512 90936 18
 2513 45477 9
 2514 50540 10
 2515 85935 17
 2516 35392 7
 2517 5057 1
 2518 50580 10
 2519 75885 15
 2520 101200 20
 2521 91098 18
 2522 40496 8
 2523 96197 19
 2524 30384 6
 2525 50650 10
 2526 35462 7
 2527 60804 12
 2528 15204 3
 2529 65897 13
 2530 50700 10
 2531 60852 12
 2532 35504 7
 2533 101460 20
 2534 10148 2
 2535 40600 8
 2536 45684 9
 2537 40616 8
 2538 96482 19
 2539 96501 19
 2540 101600 20
 2541 5081 1
5082