271
 1 813 3
 2 5440 20
 3 2457 9
 4 822 3
 5 3850 14
 6 4692 17
 7 4986 18
 8 5004 18
 9 4185 15
 10 5320 19
 11 2248 8
 12 3384 12
 13 3679 13
 14 4544 16
 15 4275 15
 16 2002 7
 17 5453 19
 18 2304 8
 19 3468 12
 20 4640 16
 21 2619 9
 22 5256 18
 23 4688 16
 24 3528 12
 25 4130 14
 26 2960 10
 27 5346 18
 28 5960 20
 29 897 3
 30 1200 4
 31 2408 8
 32 3624 12
 33 3636 12
 34 5776 19
 35 1525 5
 36 2142 7
 37 614 2
 38 308 1
 39 3399 11
 40 4960 16
 41 3110 10
 42 6240 20
 43 3443 11
 44 2826 9
 45 1575 5
 46 4740 15
 47 1902 6
 48 4452 14
 49 3828 12
 50 3200 10
 51 2889 9
 52 3220 10
 53 3553 11
 54 3564 11
 55 5850 18
 56 5868 18
 57 5559 17
 58 4264 13
 59 6580 20
 60 4290 13
 61 2979 9
 62 664 2
 63 4995 15
 64 3006 9
 65 1675 5
 66 4704 14
 67 2022 6
 68 6084 18
 69 5763 17
 70 680 2
 71 5115 15
 72 684 2
 73 686 2
 74 3784 11
 75 690 2
 76 4152 12
 77 5205 15
 78 5220 15
 79 5933 17
 80 3850 11
 81 3510 10
 82 4576 13
 83 353 1
 84 354 1
 85 1775 5
 86 4628 13
 87 7140 20
 88 2864 8
 89 7180 20
 90 5760 16
 91 1083 3
 92 1448 4
 93 5808 16
 94 4732 13
 95 6935 19
 96 5856 16
 97 367 1
 98 6992 19
 99 7380 20
 100 5180 14
 101 6678 18
 102 6324 17
 103 5595 15
 104 4114 11
 105 750 2
 106 1128 3
 107 6409 17
 108 5292 14
 109 1895 5
 110 6840 18
 111 5715 15
 112 2674 7
 113 7277 19
 114 3072 8
 115 5390 14
 116 5404 14
 117 5031 13
 118 3492 9
 119 2334 6
 120 1560 4
 121 2346 6
 122 7840 20
 123 4716 12
 124 7880 20
 125 790 2
 126 5544 14
 127 794 2
 128 7164 18
 129 4389 11
 130 2400 6
 131 1604 4
 132 2010 5
 133 4433 11
 134 6868 17
 135 7695 19
 136 2436 6
 137 6919 17
 138 2448 6
 139 7771 19
 140 2460 6
 141 6576 16
 142 412 1
 143 413 1
 144 5382 13
 145 830 2
 146 7488 18
 147 6255 15
 148 1672 4
 149 7961 19
 150 8400 20
 151 3368 8
 152 3376 8
 153 2961 7
 154 7632 18
 155 1275 3
 156 2982 7
 157 4697 11
 158 2140 5
 159 8151 19
 160 860 2
 161 7327 17
 162 3024 7
 163 5629 13
 164 8246 19
 165 5220 12
 166 3052 7
 167 8740 20
 168 5694 13
 169 2195 5
 170 7480 17
 171 7056 16
 172 2210 5
 173 7974 18
 174 5328 12
 175 8455 19
 176 5352 12
 177 6258 14
 178 8064 18
 179 5837 13
 180 4050 9
 181 2706 6
 182 7232 16
 183 4983 11
 184 7264 16
 185 3185 7
 186 3648 8
 187 4113 9
 188 1374 3
 189 2295 5
 190 4140 9
 191 1383 3
 192 4620 10
 193 4167 9
 194 8816 19
 195 6975 15
 196 1864 4
 197 7472 16
 198 7020 15
 199 4221 9
 200 6580 14
 201 6594 14
 202 1888 4
 203 3311 7
 204 2844 6
 205 7125 15
 206 2856 6
 207 9540 20
 208 6692 14
 209 4790 10
 210 960 2
 211 8177 17
 212 8194 17
 213 9177 19
 214 5808 12
 215 2910 6
 216 8262 17
 217 1461 3
 218 8784 18
 219 7335 15
 220 490 1
 221 4419 9
 222 3936 8
 223 8874 18
 224 494 1
 225 4950 10
 226 9424 19
 227 3479 7
 228 498 1
 229 6986 14
 230 5500 11
 231 4008 8
 232 5522 11
 233 2515 5
 234 6048 12
 235 8080 16
 236 9108 18
 237 5070 10
 238 2540 5
 239 10180 20
 240 3060 6
 241 5621 11
 242 5632 11
 243 3078 6
 244 7710 15
 245 6695 13
 246 1032 2
 247 6721 13
 248 7770 15
 249 5709 11
 250 3120 6
 251 5210 10
 252 5220 10
 253 8368 16
 254 8908 17
 255 7875 15
 256 10520 20
 257 3162 6
 258 4224 8
 259 7935 15
 260 6360 12
 261 7965 15
 262 10640 20
 263 2665 5
 264 3738 7
 265 2140 4
 266 7504 14
 267 3759 7
 268 9146 17
 269 10241 19
 270 5940 11
 271 6492 12
542