2922
 1 52596 18
 2 2923 1
 3 38012 13
 4 2925 1
 5 14630 5
 6 20489 7
 7 40992 14
 8 11716 4
 9 41020 14
 10 38103 13
 11 23456 8
 12 46928 16
 13 46944 16
 14 55765 19
 15 32296 11
 16 11748 4
 17 49946 17
 18 38207 13
 19 55860 19
 20 52938 18
 21 50014 17
 22 58860 20
 23 11776 4
 24 58900 20
 25 38298 13
 26 2947 1
 27 50116 17
 28 5898 2
 29 44250 15
 30 50167 17
 31 35424 12
 32 8859 3
 33 53172 18
 34 8865 3
 35 44340 15
 36 14785 5
 37 41412 14
 38 44385 15
 39 11840 4
 40 17766 6
 41 17772 6
 42 44445 15
 43 59280 20
 44 11860 4
 45 17796 6
 46 53406 18
 47 2968 1
 48 56411 19
 49 32670 11
 50 23768 8
 51 47552 16
 52 32703 11
 53 50558 17
 54 44625 15
 55 14880 5
 56 53586 18
 57 26802 9
 58 23832 8
 59 11920 4
 60 44715 15
 61 56658 19
 62 50711 17
 63 56696 19
 64 8955 3
 65 26874 9
 66 35844 12
 67 44820 15
 68 8967 3
 69 14950 5
 70 38883 13
 71 26928 9
 72 26937 9
 73 59880 20
 74 29950 10
 75 56924 19
 76 53946 18
 77 35976 12
 78 17994 6
 79 33000 11
 80 60020 20
 81 6004 2
 82 45045 15
 83 33044 11
 84 30050 10
 85 15030 5
 86 57133 19
 87 24064 8
 88 30090 10
 89 27090 9
 90 30110 10
 91 21084 7
 92 48208 16
 93 45210 15
 94 60300 20
 95 24128 8
 96 27153 9
 97 6036 2
 98 33209 11
 99 27180 9
 100 6042 2
 101 48352 16
 102 6046 2
 103 36288 12
 104 27225 9
 105 33286 11
 106 15135 5
 107 36336 12
 108 48464 16
 109 51510 17
 110 15155 5
 111 45480 15
 112 42462 14
 113 39442 13
 114 15175 5
 115 21252 7
 116 39481 13
 117 57722 19
 118 24312 8
 119 24320 8
 120 6082 2
 121 6084 2
 122 39559 13
 123 3044 1
 124 30450 10
 125 15230 5
 126 33517 11
 127 54864 18
 128 12196 4
 129 33550 11
 130 45765 15
 131 21364 7
 132 30530 10
 133 12216 4
 134 36660 12
 135 12224 4
 136 18342 6
 137 3058 1
 138 36708 12
 139 9180 3
 140 55098 18
 141 36744 12
 142 15315 5
 143 27576 9
 144 58235 19
 145 24528 8
 146 27603 9
 147 3068 1
 148 61380 20
 149 6140 2
 150 3071 1
 151 12288 4
 152 9219 3
 153 46110 15
 154 55350 18
 155 24608 8
 156 49232 16
 157 61560 20
 158 52343 17
 159 30800 10
 160 43134 14
 161 21574 7
 162 15415 5
 163 52428 17
 164 40105 13
 165 30860 10
 166 46305 15
 167 27792 9
 168 33979 11
 169 27810 9
 170 40183 13
 171 24736 8
 172 61860 20
 173 24752 8
 174 43330 14
 175 18576 6
 176 6194 2
 177 27882 9
 178 18594 6
 179 37200 12
 180 62020 20
 181 40326 13
 182 37236 12
 183 37248 12
 184 15525 5
 185 62120 20
 186 49712 16
 187 52836 17
 188 59071 19
 189 40430 13
 190 21777 7
 191 18672 6
 192 18678 6
 193 52938 17
 194 18690 6
 195 3116 1
 196 37404 12
 197 56124 18
 198 15595 5
 199 46800 15
 200 6242 2
 201 37464 12
 202 9369 3
 203 15620 5
 204 15625 5
 205 25008 8
 206 15635 5
 207 34408 11
 208 12516 4
 209 62600 20
 210 15655 5
 211 37584 12
 212 56394 18
 213 37608 12
 214 12540 4
 215 12544 4
 216 53329 17
 217 18828 6
 218 56502 18
 219 40820 13
 220 50256 16
 221 15710 5
 222 28287 9
 223 37728 12
 224 53465 17
 225 6292 2
 226 25176 8
 227 25184 8
 228 3149 1
 229 15750 5
 230 37812 12
 231 3152 1
 232 22071 7
 233 34694 11
 234 25240 8
 235 25248 8
 236 15785 5
 237 22106 7
 238 44226 14
 239 18960 6
 240 63220 20
 241 28458 9
 242 18978 6
 243 31640 10
 244 47475 15
 245 9498 3
 246 9501 3
 247 19008 6
 248 34859 11
 249 53890 17
 250 38052 12
 251 44408 14
 252 15865 5
 253 60306 19
 254 63500 20
 255 50816 16
 256 19062 6
 257 50848 16
 258 15895 5
 259 22260 7
 260 57258 18
 261 38184 12
 262 12732 4
 263 22288 7
 264 38220 12
 265 12744 4
 266 12748 4
 267 47820 15
 268 41457 13
 269 51040 16
 270 63820 20
 271 25536 8
 272 47895 15
 273 19164 6
 274 6390 2
 275 15980 5
 276 15985 5
 277 12792 4
 278 60781 19
 279 48000 15
 280 35211 11
 281 38424 12
 282 60857 19
 283 48060 15
 284 25640 8
 285 32060 10
 286 3207 1
 287 3208 1
 288 54553 17
 289 25680 8
 290 3211 1
 291 16060 5
 292 19278 6
 293 35354 11
 294 41795 13
 295 12864 4
 296 48255 15
 297 35398 11
 298 57942 18
 299 12880 4
 300 45094 14
 301 64440 20
 302 35453 11
 303 9672 3
 304 58050 18
 305 58068 18
 306 25816 8
 307 16140 5
 308 3229 1
 309 22610 7
 310 45234 14
 311 9696 3
 312 19398 6
 313 25872 8
 314 16175 5
 315 6472 2
 316 45318 14
 317 58284 18
 318 29151 9
 319 19440 6
 320 58338 18
 321 25936 8
 322 48645 15
 323 48660 15
 324 51920 16
 325 58428 18
 326 25976 8
 327 38976 12
 328 22743 7
 329 6500 2
 330 19506 6
 331 35772 11
 332 65060 20
 333 52064 16
 334 61845 19
 335 6512 2
 336 9771 3
 337 9774 3
 338 13036 4
 339 13040 4
 340 39132 12
 341 52192 16
 342 58734 18
 343 48960 15
 344 35915 11
 345 55522 17
 346 26136 8
 347 26144 8
 348 13076 4
 349 32700 10
 350 58878 18
 351 3272 1
 352 52368 16
 353 52384 16
 354 9825 3
 355 9828 3
 356 58986 18
 357 3278 1
 358 6558 2
 359 13120 4
 360 55777 17
 361 29538 9
 362 59094 18
 363 45976 14
 364 22995 7
 365 32860 10
 366 65740 20
 367 39456 12
 368 3289 1
 369 23030 7
 370 42783 13
 371 52672 16
 372 19758 6
 373 9882 3
 374 52720 16
 375 19776 6
 376 46158 14
 377 23086 7
 378 52784 16
 379 49500 15
 380 6602 2
 381 19812 6
 382 49545 15
 383 39648 12
 384 19830 6
 385 13224 4
 386 19842 6
 387 16540 5
 388 19854 6
 389 66200 20
 390 33110 10
 391 6624 2
 392 39756 12
 393 46396 14
 394 43095 13
 395 56372 17
 396 39804 12
 397 63042 19
 398 36509 11
 399 19920 6
 400 6642 2
 401 33220 10
 402 16615 5
 403 3324 1
 404 43225 13
 405 59868 18
 406 39924 12
 407 36608 11
 408 43277 13
 409 16650 5
 410 49965 15
 411 16660 5
 412 46662 14
 413 3334 1
 414 33350 10
 415 43368 13
 416 26696 8
 417 6676 2
 418 26712 8
 419 60120 18
 420 66820 20
 421 16710 5
 422 6686 2
 423 23408 7
 424 13380 4
 425 53536 16
 426 60246 18
 427 50220 15
 428 63631 19
 429 6700 2
 430 50265 15
 431 30168 9
 432 50295 15
 433 26832 8
 434 63745 19
 435 20136 6
 436 30213 9
 437 10074 3
 438 26872 8
 439 20160 6
 440 6722 2
 441 30258 9
 442 6726 2
 443 50460 15
 444 53840 16
 445 13464 4
 446 40404 12
 447 37048 11
 448 30321 9
 449 10110 3
 450 16855 5
 451 20232 6
 452 30357 9
 453 13496 4
 454 6750 2
 455 27008 8
 456 50655 15
 457 47292 14
 458 64201 19
 459 23660 7
 460 40572 12
 461 47348 14
 462 3383 1
 463 3384 1
 464 23695 7
 465 54176 16
 466 67740 20
 467 23716 7
 468 13556 4
 469 37290 11
 470 6782 2
 471 44096 13
 472 33930 10
 473 23758 7
 474 40740 12
 475 30564 9
 476 30573 9
 477 33980 10
 478 6798 2
 479 34000 10
 480 13604 4
 481 47628 14
 482 20418 6
 483 10212 3
 484 30645 9
 485 27248 8
 486 40884 12
 487 64752 19
 488 54544 16
 489 37510 11
 490 61398 18
 491 20472 6
 492 44369 13
 493 27312 8
 494 10245 3
 495 30744 9
 496 13668 4
 497 17090 5
 498 61542 18
 499 64980 19
 500 68420 20
 501 13688 4
 502 30807 9
 503 27392 8
 504 41100 12
 505 47964 14
 506 27416 8
 507 44564 13
 508 13716 4
 509 58310 17
 510 51465 15
 511 68640 20
 512 68660 20
 513 3434 1
 514 27480 8
 515 6872 2
 516 6874 2
 517 20628 6
 518 61902 18
 519 41280 12
 520 17205 5
 521 48188 14
 522 17215 5
 523 61992 18
 524 68900 20
 525 65474 19
 526 44811 13
 527 34480 10
 528 65531 19
 529 41400 12
 530 20706 6
 531 48328 14
 532 20718 6
 533 20724 6
 534 34550 10
 535 58752 17
 536 13828 4
 537 24206 7
 538 48426 14
 539 13840 4
 540 58837 17
 541 58854 17
 542 27704 8
 543 31176 9
 544 65835 19
 545 55456 16
 546 13868 4
 547 62424 18
 548 38159 11
 549 20820 6
 550 52065 15
 551 41664 12
 552 62514 18
 553 3474 1
 554 17375 5
 555 62568 18
 556 34770 10
 557 6956 2
 558 66101 19
 559 3480 1
 560 41772 12
 561 20892 6
 562 52245 15
 563 20904 6
 564 6970 2
 565 62748 18
 566 34870 10
 567 34880 10
 568 38379 11
 569 41880 12
 570 69820 20
 571 31428 9
 572 48902 14
 573 38434 11
 574 66405 19
 575 69920 20
 576 20982 6
 577 41976 12
 578 34990 10
 579 66500 19
 580 35010 10
 581 56032 16
 582 24521 7
 583 45552 13
 584 17525 5
 585 49084 14
 586 66633 19
 587 17540 5
 588 45617 13
 589 21060 6
 590 31599 9
 591 45656 13
 592 38643 11
 593 28112 8
 594 17575 5
 595 49224 14
 596 24619 7
 597 35180 10
 598 21114 6
 599 66880 19
 600 10563 3
 601 35220 10
 602 21138 6
 603 52860 15
 604 63450 18
 605 31734 9
 606 42324 12
 607 21168 6
 608 70580 20
 609 24710 7
 610 7062 2
 611 52980 15
 612 56528 16
 613 24738 7
 614 24745 7
 615 42432 12
 616 14148 4
 617 10614 3
 618 10617 3
 619 35400 10
 620 53115 15
 621 42504 12
 622 49602 14
 623 7088 2
 624 3545 1
 625 24822 7
 626 10641 3
 627 28384 8
 628 31941 9
 629 46150 13
 630 14204 4
 631 17760 5
 632 3553 1
 633 35540 10
 634 60435 17
 635 56896 16
 636 60469 17
 637 24906 7
 638 46267 13
 639 17800 5
 640 17805 5
 641 14248 4
 642 17815 5
 643 14256 4
 644 42780 12
 645 3566 1
 646 35670 10
 647 39248 11
 648 35690 10
 649 49980 14
 650 3571 1
 651 35720 10
 652 64314 18
 653 32166 9
 654 39325 11
 655 35760 10
 656 14308 4
 657 64404 18
 658 53685 15
 659 17900 5
 660 14324 4
 661 71640 20
 662 25081 7
 663 64512 18
 664 10755 3
 665 21516 6
 666 50218 14
 667 68172 19
 668 21534 6
 669 43080 12
 670 25137 7
 671 17960 5
 672 7186 2
 673 57504 16
 674 32355 9
 675 43152 12
 676 35970 10
 677 50372 14
 678 10797 3
 679 10800 3
 680 10803 3
 681 54030 15
 682 7206 2
 683 3604 1
 684 72100 20
 685 46878 13
 686 61319 17
 687 61336 17
 688 36090 10
 689 61370 17
 690 43332 12
 691 18060 5
 692 57808 16
 693 10842 3
 694 72300 20
 695 54240 15
 696 3617 1
 697 43416 12
 698 14476 4
 699 28960 8
 700 50694 14
 701 21732 6
 702 65214 18
 703 72480 20
 704 3625 1
 705 72520 20
 706 36270 10
 707 54420 15
 708 25403 7
 709 54450 15
 710 72620 20
 711 69008 19
 712 3633 1
 713 65412 18
 714 50890 14
 715 29088 8
 716 7274 2
 717 43656 12
 718 72780 20
 719 14560 4
 720 18205 5
 721 18210 5
 722 51002 14
 723 7288 2
 724 21870 6
 725 72920 20
 726 72940 20
 727 36480 10
 728 40139 11
 729 65700 18
 730 3651 1
 731 29216 8
 732 25571 7
 733 62118 17
 734 10965 3
 735 36560 10
 736 69483 19
 737 3658 1
 738 25613 7
 739 40260 11
 740 29288 8
 741 25634 7
 742 32967 9
 743 7328 2
 744 58640 16
 745 65988 18
 746 47671 13
 747 40348 11
 748 47697 13
 749 11010 3
 750 7342 2
 751 73440 20
 752 22038 6
 753 7348 2
 754 33075 9
 755 25732 7
 756 51478 14
 757 47814 13
 758 3679 1
 759 58880 16
 760 62577 17
 761 44184 12
 762 11049 3
 763 69996 19
 764 29480 8
 765 40546 11
 766 55305 15
 767 36880 10
 768 18445 5
 769 73800 20
 770 22146 6
 771 36920 10
 772 62781 17
 773 22164 6
 774 3695 1
 775 18480 5
 776 18485 5
 777 25886 7
 778 44388 12
 779 3700 1
 780 7402 2
 781 22212 6
 782 37030 10
 783 7408 2
 784 55575 15
 785 59296 16
 786 40777 11
 787 33372 9
 788 33381 9
 789 44520 12
 790 44532 12
 791 3712 1
 792 74260 20
 793 11142 3
 794 74300 20
 795 70604 19
 796 59472 16
 797 26026 7
 798 55785 15
 799 3720 1
 800 18605 5
 801 63274 17
 802 40953 11
 803 37240 10
 804 11175 3
 805 55890 15
 806 74540 20
 807 52192 14
 808 48477 13
 809 52220 14
 810 55965 15
 811 52248 14
 812 11199 3
 813 37340 10
 814 41085 11
 815 11208 3
 816 67266 18
 817 33642 9
 818 59824 16
 819 63580 17
 820 11223 3
 821 33678 9
 822 14972 4
 823 29952 8
 824 59920 16
 825 52444 14
 826 26229 7
 827 71212 19
 828 52486 14
 829 45000 12
 830 41261 11
 831 56280 15
 832 33777 9
 833 7508 2
 834 33795 9
 835 60096 16
 836 7514 2
 837 75160 20
 838 22554 6
 839 41360 11
 840 18805 5
 841 48906 13
 842 3763 1
 843 7528 2
 844 26355 7
 845 48958 13
 846 41437 11
 847 71592 19
 848 48997 13
 849 3770 1
 850 75420 20
 851 60352 16
 852 60368 16
 853 26418 7
 854 37750 10
 855 49088 13
 856 3777 1
 857 11334 3
 858 34011 9
 859 15120 4
 860 15124 4
 861 49166 13
 862 11349 3
 863 7568 2
 864 26495 7
 865 56790 15
 866 7574 2
 867 75760 20
 868 53046 14
 869 45480 12
 870 34119 9
 871 56880 15
 872 72067 19
 873 53116 14
 874 60720 16
 875 15184 4
 876 75940 20
 877 41778 11
 878 34191 9
 879 57000 15
 880 34209 9
 881 53228 14
 882 72257 19
 883 45648 12
 884 22830 6
 885 34254 9
 886 19035 5
 887 22848 6
 888 19045 5
 889 64770 17
 890 41921 11
 891 38120 10
 892 64821 17
 893 7628 2
 894 38150 10
 895 15264 4
 896 57255 15
 897 76360 20
 898 42009 11
 899 22920 6
 900 72599 19
 901 11466 3
 902 68814 18
 903 72656 19
 904 3825 1
 905 11478 3
 906 11481 3
 907 3828 1
 908 76580 20
 909 65110 17
 910 38310 10
 911 30656 8
 912 15332 4
 913 53676 14
 914 34515 9
 915 15344 4
 916 26859 7
 917 30704 8
 918 61424 16
 919 15360 4
 920 23046 6
 921 30736 8
 922 42273 11
 923 19220 5
 924 69210 18
 925 61536 16
 926 26929 7
 927 26936 7
 928 30792 8
 929 69300 18
 930 3851 1
 931 15408 4
 932 11559 3
 933 65518 17
 934 65535 17
 935 23136 6
 936 77140 20
 937 65586 17
 938 7718 2
 939 19300 5
 940 3861 1
 941 77240 20
 942 77260 20
 943 23184 6
 944 27055 7
 945 57990 15
 946 42537 11
 947 34812 9
 948 42559 11
 949 73530 19
 950 11613 3
 951 19360 5
 952 19365 5
 953 34866 9
 954 31000 8
 955 7752 2
 956 31016 8
 957 50414 13
 958 31032 8
 959 69840 18
 960 58215 15
 961 62112 16
 962 42713 11
 963 77680 20
 964 62160 16
 965 3886 1
 966 77740 20
 967 34992 9
 968 38890 10
 969 73910 19
 970 62256 16
 971 19460 5
 972 77860 20
 973 7788 2
 974 7790 2
 975 54544 14
 976 38970 10
 977 11694 3
 978 19495 5
 979 50700 13
 980 54614 14
 981 3902 1
 982 19515 5
 983 3904 1
 984 23430 6
 985 31248 8
 986 42977 11
 987 46896 12
 988 66453 17
 989 70380 18
 990 31288 8
 991 50856 13
 992 3913 1
 993 70452 18
 994 70470 18
 995 7832 2
 996 50921 13
 997 74442 19
 998 27433 7
 999 11760 3
 1000 78420 20
 1001 15688 4
 1002 47076 12
 1003 23544 6
 1004 31400 8
 1005 27482 7
 1006 70686 18
 1007 35352 9
 1008 66793 17
 1009 47160 12
 1010 39310 10
 1011 78640 20
 1012 74727 19
 1013 11802 3
 1014 35415 9
 1015 15744 4
 1016 19685 5
 1017 59070 15
 1018 39390 10
 1019 35460 9
 1020 35469 9
 1021 74898 19
 1022 55202 14
 1023 43384 11
 1024 63120 16
 1025 15784 4
 1026 47364 12
 1027 59220 15
 1028 71082 18
 1029 59250 15
 1030 3951 1
 1031 35568 9
 1032 11859 3
 1033 43494 11
 1034 75145 19
 1035 31648 8
 1036 79140 20
 1037 51454 13
 1038 59385 15
 1039 55440 14
 1040 47532 12
 1041 59430 15
 1042 59445 15
 1043 39640 10
 1044 59475 15
 1045 31728 8
 1046 35703 9
 1047 31744 8
 1048 59535 15
 1049 79400 20
 1050 19855 5
 1051 3972 1
 1052 23838 6
 1053 19870 5
 1054 39750 10
 1055 63616 16
 1056 3977 1
 1057 67626 17
 1058 19895 5
 1059 11940 3
 1060 79620 20
 1061 3982 1
 1062 63728 16
 1063 3984 1
 1064 71730 18
 1065 67762 17
 1066 71766 18
 1067 23928 6
 1068 19945 5
 1069 27930 7
 1070 3991 1
 1071 59880 15
 1072 47916 12
 1073 19970 5
 1074 75905 19
 1075 27972 7
 1076 55958 14
 1077 35982 9
 1078 79980 20
 1079 36000 9
 1080 20005 5
 1081 68034 17
 1082 28021 7
 1083 28028 7
 1084 56070 14
 1085 64096 16
 1086 36063 9
 1087 72144 18
 1088 76171 19
 1089 20050 5
 1090 36099 9
 1091 60180 15
 1092 52169 13
 1093 12042 3
 1094 8030 2
 1095 32128 8
 1096 32136 8
 1097 72324 18
 1098 72342 18
 1099 16080 4
 1100 64336 16
 1101 16088 4
 1102 68391 17
 1103 80480 20
 1104 44275 11
 1105 32208 8
 1106 52351 13
 1107 20140 5
 1108 60435 15
 1109 36270 9
 1110 48372 12
 1111 60480 15
 1112 56462 14
 1113 64544 16
 1114 40350 10
 1115 20180 5
 1116 68629 17
 1117 24228 6
 1118 80780 20
 1119 48480 12
 1120 72738 18
 1121 32336 8
 1122 48516 12
 1123 72792 18
 1124 76855 19
 1125 60690 15
 1126 16188 4
 1127 4048 1
 1128 56686 14
 1129 64800 16
 1130 20255 5
 1131 60780 15
 1132 28371 7
 1133 72972 18
 1134 81100 20
 1135 73008 18
 1136 60855 15
 1137 12174 3
 1138 28413 7
 1139 48720 12
 1140 77159 19
 1141 12186 3
 1142 81260 20
 1143 81280 20
 1144 52845 13
 1145 36594 9
 1146 65072 16
 1147 40680 10
 1148 28483 7
 1149 48840 12
 1150 32568 8
 1151 61080 15
 1152 69241 17
 1153 24444 6
 1154 16300 4
 1155 28532 7
 1156 61155 15
 1157 24468 6
 1158 28553 7
 1159 77520 19
 1160 65296 16
 1161 24492 6
 1162 69411 17
 1163 77596 19
 1164 69445 17
 1165 20430 5
 1166 69479 17
 1167 77672 19
 1168 36801 9
 1169 57260 14
 1170 53183 13
 1171 16368 4
 1172 81860 20
 1173 4094 1
 1174 24570 6
 1175 81920 20
 1176 73746 18
 1177 24588 6
 1178 40990 10
 1179 57400 14
 1180 36909 9
 1181 73836 18
 1182 36927 9
 1183 36936 9
 1184 61575 15
 1185 65696 16
 1186 41070 10
 1187 49296 12
 1188 73962 18
 1189 36990 9
 1190 73998 18
 1191 82240 20
 1192 32904 8
 1193 49368 12
 1194 53495 13
 1195 4116 1
 1196 24702 6
 1197 12354 3
 1198 4119 1
 1199 8240 2
 1200 20605 5
 1201 45342 11
 1202 12369 3
 1203 20620 5
 1204 4125 1
 1205 61890 15
 1206 66032 16
 1207 24768 6
 1208 66064 16
 1209 74340 18
 1210 70227 17
 1211 12396 3
 1212 33064 8
 1213 37206 9
 1214 53755 13
 1215 66176 16
 1216 33096 8
 1217 33104 8
 1218 57946 14
 1219 37260 9
 1220 37269 9
 1221 37278 9
 1222 74574 18
 1223 74592 18
 1224 20725 5
 1225 20730 5
 1226 4147 1
 1227 45628 11
 1228 74682 18
 1229 33200 8
 1230 45661 11
 1231 53976 13
 1232 70601 17
 1233 41540 10
 1234 37395 9
 1235 4156 1
 1236 66512 16
 1237 62370 15
 1238 54067 13
 1239 29120 7
 1240 66576 16
 1241 33296 8
 1242 20815 5
 1243 83280 20
 1244 4165 1
 1245 12498 3
 1246 70839 17
 1247 54184 13
 1248 20845 5
 1249 66720 16
 1250 29197 7
 1251 58408 14
 1252 12519 3
 1253 45914 11
 1254 16700 4
 1255 66816 16
 1256 75186 18
 1257 29246 7
 1258 25074 6
 1259 8360 2
 1260 4181 1
 1261 33456 8
 1262 41830 10
 1263 66944 16
 1264 12555 3
 1265 12558 3
 1266 25122 6
 1267 25128 6
 1268 25134 6
 1269 16760 4
 1270 50292 12
 1271 37728 9
 1272 46123 11
 1273 12582 3
 1274 25170 6
 1275 29372 7
 1276 8394 2
 1277 29386 7
 1278 12597 3
 1279 67200 16
 1280 4201 1
 1281 25212 6
 1282 42030 10
 1283 25224 6
 1284 8410 2
 1285 29442 7
 1286 79933 19
 1287 50496 12
 1288 12627 3
 1289 37890 9
 1290 12633 3
 1291 71604 17
 1292 54769 13
 1293 58996 14
 1294 12645 3
 1295 54808 13
 1296 50604 12
 1297 42180 10
 1298 59066 14
 1299 75960 18
 1300 80199 19
 1301 67552 16
 1302 84460 20
 1303 71808 17
 1304 76050 18
 1305 8452 2
 1306 21135 5
 1307 38052 9
 1308 63435 15
 1309 16920 4
 1310 16924 4
 1311 59248 14
 1312 12699 3
 1313 21170 5
 1314 84700 20
 1315 21180 5
 1316 46607 11
 1317 42380 10
 1318 76302 18
 1319 72080 17
 1320 4241 1
 1321 46662 11
 1322 46673 11
 1323 84880 20
 1324 50940 12
 1325 25476 6
 1326 16988 4
 1327 12744 3
 1328 50988 12
 1329 17000 4
 1330 21255 5
 1331 68032 16
 1332 4253 1
 1333 12762 3
 1334 21275 5
 1335 85120 20
 1336 68112 16
 1337 76644 18
 1338 42590 10
 1339 63900 15
 1340 55393 13
 1341 76716 18
 1342 72471 17
 1343 76752 18
 1344 12795 3
 1345 63990 15
 1346 46937 11
 1347 8536 2
 1348 4269 1
 1349 8540 2
 1350 68336 16
 1351 51264 12
 1352 76914 18
 1353 85480 20
 1354 42750 10
 1355 51312 12
 1356 72709 17
 1357 12834 3
 1358 12837 3
 1359 85600 20
 1360 17124 4
 1361 64230 15
 1362 34264 8
 1363 85680 20
 1364 25710 6
 1365 4286 1
 1366 72879 17
 1367 4288 1
 1368 30023 7
 1369 8580 2
 1370 30037 7
 1371 30044 7
 1372 8586 2
 1373 38646 9
 1374 21475 5
 1375 25776 6
 1376 77346 18
 1377 25788 6
 1378 81681 19
 1379 81700 19
 1380 21505 5
 1381 51624 12
 1382 86060 20
 1383 25824 6
 1384 21525 5
 1385 68896 16
 1386 73219 17
 1387 25848 6
 1388 77562 18
 1389 47410 11
 1390 8622 2
 1391 68992 16
 1392 8626 2
 1393 81966 19
 1394 81985 19
 1395 25896 6
 1396 82023 19
 1397 25908 6
 1398 25914 6
 1399 4320 1
 1400 43210 10
 1401 38898 9
 1402 21615 5
 1403 77832 18
 1404 17300 4
 1405 17304 4
 1406 43270 10
 1407 12984 3
 1408 56277 13
 1409 47630 11
 1410 38979 9
 1411 51984 12
 1412 8666 2
 1413 17336 4
 1414 47685 11
 1415 4336 1
 1416 65055 15
 1417 21690 5
 1418 30373 7
 1419 21700 5
 1420 65115 15
 1421 39078 9
 1422 4343 1
 1423 4344 1
 1424 30415 7
 1425 13038 3
 1426 21735 5
 1427 26088 6
 1428 82631 19
 1429 52200 12
 1430 47861 11
 1431 13056 3
 1432 13059 3
 1433 8708 2
 1434 56615 13
 1435 13068 3
 1436 82783 19
 1437 26148 6
 1438 65385 15
 1439 47960 11
 1440 34888 8
 1441 26172 6
 1442 74171 17
 1443 87280 20
 1444 61110 14
 1445 74222 17
 1446 8734 2
 1447 4368 1
 1448 17476 4
 1449 43700 10
 1450 8742 2
 1451 21860 5
 1452 30611 7
 1453 83106 19
 1454 4375 1
 1455 43760 10
 1456 70032 16
 1457 48158 11
 1458 74443 17
 1459 65700 15
 1460 43810 10
 1461 13146 3
 1462 30681 7
 1463 65760 15
 1464 21925 5
 1465 13158 3
 1466 4387 1
 1467 57044 13
 1468 79002 18
 1469 8780 2
 1470 26346 6
 1471 52704 12
 1472 26358 6
 1473 13182 3
 1474 30765 7
 1475 87920 20
 1476 30779 7
 1477 39582 9
 1478 43990 10
 1479 74800 17
 1480 13203 3
 1481 83638 19
 1482 83657 19
 1483 30828 7
 1484 22025 5
 1485 74902 17
 1486 44070 10
 1487 61712 14
 1488 8818 2
 1489 4410 1
 1490 48521 11
 1491 44120 10
 1492 4413 1
 1493 48554 11
 1494 26490 6
 1495 75072 17
 1496 57421 13
 1497 4418 1
 1498 70704 16
 1499 61880 14
 1500 35368 8
 1501 53064 12
 1502 39807 9
 1503 79632 18
 1504 4425 1
 1505 61964 14
 1506 13281 3
 1507 48708 11
 1508 79722 18
 1509 8860 2
 1510 39879 9
 1511 8864 2
 1512 4433 1
 1513 75378 17
 1514 88700 20
 1515 66540 15
 1516 57681 13
 1517 84322 19
 1518 4439 1
 1519 71040 16
 1520 53292 12
 1521 57746 13
 1522 8886 2
 1523 22220 5
 1524 88900 20
 1525 8892 2
 1526 4447 1
 1527 4448 1
 1528 4449 1
 1529 71200 16
 1530 71216 16
 1531 57876 13
 1532 62342 14
 1533 48994 11
 1534 66825 15
 1535 71296 16
 1536 84683 19
 1537 66870 15
 1538 40131 9
 1539 57980 13
 1540 57993 13
 1541 53544 12
 1542 89260 20
 1543 26784 6
 1544 66975 15
 1545 71456 16
 1546 67005 15
 1547 35744 8
 1548 13407 3
 1549 8940 2
 1550 13413 3
 1551 49192 11
 1552 80514 18
 1553 44740 10
 1554 53700 12
 1555 8952 2
 1556 8954 2
 1557 71648 16
 1558 67185 15
 1559 71680 16
 1560 17924 4
 1561 85158 19
 1562 58279 13
 1563 26904 6
 1564 49335 11
 1565 40374 9
 1566 44870 10
 1567 89760 20
 1568 76313 17
 1569 67350 15
 1570 58383 13
 1571 89840 20
 1572 85367 19
 1573 71904 16
 1574 89900 20
 1575 17984 4
 1576 67455 15
 1577 85462 19
 1578 22495 5
 1579 58500 13
 1580 63014 14
 1581 63028 14
 1582 72048 16
 1583 9008 2
 1584 9010 2
 1585 58578 13
 1586 63098 14
 1587 67620 15
 1588 49599 11
 1589 27060 6
 1590 67665 15
 1591 76704 17
 1592 27078 6
 1593 90280 20
 1594 31605 7
 1595 31612 7
 1596 85823 19
 1597 13554 3
 1598 4519 1
 1599 54240 12
 1600 58773 13
 1601 31654 7
 1602 49753 11
 1603 85956 19
 1604 85975 19
 1605 49786 11
 1606 76959 17
 1607 13584 3
 1608 49819 11
 1609 54360 12
 1610 86089 19
 1611 81576 18
 1612 54396 12
 1613 86146 19
 1614 45350 10
 1615 86184 19
 1616 77129 17
 1617 36304 8
 1618 40851 9
 1619 77180 17
 1620 9082 2
 1621 18168 4
 1622 54516 12
 1623 54528 12
 1624 81810 18
 1625 13638 3
 1626 81846 18
 1627 27288 6
 1628 81882 18
 1629 81900 18
 1630 18204 4
 1631 50072 11
 1632 54636 12
 1633 4554 1
 1634 13665 3
 1635 4556 1
 1636 68355 15
 1637 77486 17
 1638 45590 10
 1639 41040 9
 1640 54732 12
 1641 41058 9
 1642 77571 17
 1643 13692 3
 1644 4565 1
 1645 27396 6
 1646 18268 4
 1647 18272 4
 1648 77673 17
 1649 4570 1
 1650 73136 16
 1651 50292 11
 1652 13719 3
 1653 64036 14
 1654 18300 4
 1655 54912 12
 1656 32039 7
 1657 18312 4
 1658 73264 16
 1659 9160 2
 1660 87039 19
 1661 54984 12
 1662 91660 20
 1663 9168 2
 1664 68775 15
 1665 36688 8
 1666 4587 1
 1667 22940 5
 1668 64246 14
 1669 87210 19
 1670 82638 18
 1671 36736 8
 1672 4593 1
 1673 78098 17
 1674 36760 8
 1675 18384 4
 1676 45970 10
 1677 55176 12
 1678 82782 18
 1679 9200 2
 1680 9202 2
 1681 92040 20
 1682 50633 11
 1683 73664 16
 1684 41445 9
 1685 46060 10
 1686 87533 19
 1687 18432 4
 1688 4609 1
 1689 9220 2
 1690 36888 8
 1691 9224 2
 1692 23065 5
 1693 78438 17
 1694 41535 9
 1695 41544 9
 1696 55404 12
 1697 78506 17
 1698 27714 6
 1699 9240 2
 1700 13863 3
 1701 27732 6
 1702 73968 16
 1703 41616 9
 1704 4625 1
 1705 37008 8
 1706 50897 11
 1707 92560 20
 1708 23145 5
 1709 64820 14
 1710 32417 7
 1711 27792 6
 1712 18532 4
 1713 18536 4
 1714 46350 10
 1715 50996 11
 1716 9274 2
 1717 18552 4
 1718 88141 19
 1719 64960 14
 1720 27846 6
 1721 46420 10
 1722 74288 16
 1723 74304 16
 1724 9290 2
 1725 13938 3
 1726 60411 13
 1727 83664 18
 1728 32543 7
 1729 32550 7
 1730 83718 18
 1731 23260 5
 1732 83754 18
 1733 51194 11
 1734 88445 19
 1735 88464 19
 1736 41913 9
 1737 9316 2
 1738 83862 18
 1739 65240 14
 1740 69915 15
 1741 55944 12
 1742 41967 9
 1743 51304 11
 1744 55980 12
 1745 46660 10
 1746 93340 20
 1747 18672 4
 1748 28014 6
 1749 28020 6
 1750 46710 10
 1751 4672 1
 1752 51403 11
 1753 46740 10
 1754 37400 8
 1755 37408 8
 1756 18708 4
 1757 18712 4
 1758 51469 11
 1759 79560 17
 1760 51491 11
 1761 51502 11
 1762 51513 11
 1763 60892 13
 1764 70275 15
 1765 60918 13
 1766 70305 15
 1767 70320 15
 1768 75024 16
 1769 23450 5
 1770 56292 12
 1771 9384 2
 1772 61009 13
 1773 37552 8
 1774 65730 14
 1775 4696 1
 1776 37576 8
 1777 89262 19
 1778 61087 13
 1779 4700 1
 1780 14103 3
 1781 51722 11
 1782 56436 12
 1783 65856 14
 1784 37640 8
 1785 28236 6
 1786 37656 8
 1787 42372 9
 1788 51799 11
 1789 4710 1
 1790 42399 9
 1791 4712 1
 1792 4713 1
 1793 23570 5
 1794 42435 9
 1795 56592 12
 1796 28302 6
 1797 47180 10
 1798 94380 20
 1799 70800 15
 1800 51931 11
 1801 33054 7
 1802 66122 14
 1803 85032 18
 1804 9450 2
 1805 9452 2
 1806 14181 3
 1807 42552 9
 1808 33103 7
 1809 89870 19
 1810 85158 18
 1811 52052 11
 1812 85194 18
 1813 28404 6
 1814 52085 11
 1815 28416 6
 1816 37896 8
 1817 33166 7
 1818 42651 9
 1819 47400 10
 1820 23705 5
 1821 66388 14
 1822 4743 1
 1823 75904 16
 1824 18980 4
 1825 42714 9
 1826 23735 5
 1827 71220 15
 1828 14247 3
 1829 19000 4
 1830 47510 10
 1831 47520 10
 1832 28518 6
 1833 19016 4
 1834 61815 13
 1835 76096 16
 1836 47570 10
 1837 61854 13
 1838 9518 2
 1839 52360 11
 1840 4761 1
 1841 23810 5
 1842 9526 2
 1843 61932 13
 1844 47650 10
 1845 95320 20
 1846 4767 1
 1847 85824 18
 1848 61997 13
 1849 57240 12
 1850 81107 17
 1851 62036 13
 1852 28638 6
 1853 66836 14
 1854 57300 12
 1855 76416 16
 1856 14331 3
 1857 9556 2
 1858 14337 3
 1859 19120 4
 1860 76496 16
 1861 90858 19
 1862 43047 9
 1863 9568 2
 1864 4785 1
 1865 90934 19
 1866 81379 17
 1867 9576 2
 1868 67046 14
 1869 62270 13
 1870 23955 5
 1871 43128 9
 1872 91067 19
 1873 19176 4
 1874 19180 4
 1875 47960 10
 1876 76752 16
 1877 9596 2
 1878 19196 4
 1879 14400 3
 1880 19204 4
 1881 72030 15
 1882 81651 17
 1883 38432 8
 1884 76880 16
 1885 19224 4
 1886 91333 19
 1887 14424 3
 1888 91371 19
 1889 19240 4
 1890 48110 10
 1891 76992 16
 1892 43317 9
 1893 67396 14
 1894 72225 15
 1895 72240 15
 1896 38536 8
 1897 81906 17
 1898 81923 17
 1899 91580 19
 1900 72315 15
 1901 19288 4
 1902 62699 13
 1903 53064 11
 1904 14475 3
 1905 77216 16
 1906 86886 18
 1907 62764 13
 1908 43461 9
 1909 72450 15
 1910 86958 18
 1911 9664 2
 1912 48330 10
 1913 9668 2
 1914 24175 5
 1915 38688 8
 1916 67718 14
 1917 38704 8
 1918 58068 12
 1919 29040 6
 1920 48410 10
 1921 67788 14
 1922 38744 8
 1923 43596 9
 1924 48450 10
 1925 72690 15
 1926 14541 3
 1927 63024 13
 1928 92131 19
 1929 72750 15
 1930 67914 14
 1931 48520 10
 1932 53383 11
 1933 72810 15
 1934 72825 15
 1935 58272 12
 1936 9714 2
 1937 63154 13
 1938 97180 20
 1939 34020 7
 1940 87498 18
 1941 14586 3
 1942 9726 2
 1943 48640 10
 1944 72975 15
 1945 38928 8
 1946 38936 8
 1947 34076 7
 1948 77904 16
 1949 97400 20
 1950 92549 19
 1951 92568 19
 1952 87714 18
 1953 43866 9
 1954 58500 12
 1955 29256 6
 1956 92663 19
 1957 97560 20
 1958 78064 16
 1959 97600 20
 1960 4881 1
 1961 92758 19
 1962 92777 19
 1963 24420 5
 1964 87930 18
 1965 73290 15
 1966 29322 6
 1967 78208 16
 1968 97780 20
 1969 14670 3
 1970 78256 16
 1971 73380 15
 1972 73395 15
 1973 4894 1
 1974 73425 15
 1975 58752 12
 1976 63661 13
 1977 9796 2
 1978 83283 17
 1979 24500 5
 1980 73515 15
 1981 98040 20
 1982 88254 18
 1983 19616 4
 1984 83385 17
 1985 88308 18
 1986 19628 4
 1987 58896 12
 1988 29454 6
 1989 63830 13
 1990 19644 4
 1991 19648 4
 1992 73695 15
 1993 44226 9
 1994 68810 14
 1995 34412 7
 1996 88506 18
 1997 19672 4
 1998 73785 15
 1999 49200 10
 2000 39368 8
 2001 49220 10
 2002 9846 2
 2003 19696 4
 2004 88650 18
 2005 73890 15
 2006 44343 9
 2007 68992 14
 2008 4929 1
 2009 14790 3
 2010 44379 9
 2011 78912 16
 2012 34531 7
 2013 24670 5
 2014 24675 5
 2015 69104 14
 2016 49370 10
 2017 39504 8
 2018 54329 11
 2019 44460 9
 2020 79056 16
 2021 34594 7
 2022 44487 9
 2023 59328 12
 2024 9890 2
 2025 89028 18
 2026 39576 8
 2027 64324 13
 2028 94031 19
 2029 34650 7
 2030 14853 3
 2031 19808 4
 2032 19812 4
 2033 64402 13
 2034 84235 17
 2035 44604 9
 2036 19828 4
 2037 84286 17
 2038 94221 19
 2039 54560 11
 2040 64493 13
 2041 54582 11
 2042 29778 6
 2043 79424 16
 2044 94335 19
 2045 24830 5
 2046 74505 15
 2047 64584 13
 2048 19876 4
 2049 29820 6
 2050 99420 20
 2051 74580 15
 2052 19892 4
 2053 24870 5
 2054 19900 4
 2055 79616 16
 2056 19908 4
 2057 14934 3
 2058 9958 2
 2059 99600 20
 2060 19924 4
 2061 69748 14
 2062 39864 8
 2063 84728 17
 2064 69790 14
 2065 4986 1
 2066 49870 10
 2067 9976 2
 2068 84813 17
 2069 24950 5
 2070 69874 14
 2071 84864 17
 2072 19972 4
 2073 94886 19
 2074 44955 9
 2075 54956 11
 2076 49970 10
 2077 84966 17
 2078 39992 8
 2079 50000 10
 2080 15003 3
 2081 55022 11
 2082 45027 9
 2083 65052 13
 2084 70070 14
 2085 55066 11
 2086 15021 3
 2087 95152 19
 2088 65117 13
 2089 100200 20
 2090 55121 11
 2091 10024 2
 2092 45117 9
 2093 90252 18
 2094 65195 13
 2095 80256 16
 2096 15051 3
 2097 85306 17
 2098 95361 19
 2099 80320 16
 2100 15063 3
 2101 45198 9
 2102 100460 20
 2103 20096 4
 2104 65325 13
 2105 80416 16
 2106 35189 7
 2107 55308 11
 2108 15087 3
 2109 50300 10
 2110 50310 10
 2111 75480 15
 2112 100660 20
 2113 10068 2
 2114 100700 20
 2115 30216 6
 2116 70518 14
 2117 100760 20
 2118 100780 20
 2119 20160 4
 2120 85697 17
 2121 35294 7
 2122 100860 20
 2123 85748 17
 2124 90810 18
 2125 70644 14
 2126 5047 1
 2127 70672 14
 2128 65637 13
 2129 5050 1
 2130 55561 11
 2131 65676 13
 2132 15159 3
 2133 5054 1
 2134 40440 8
 2135 55616 11
 2136 80912 16
 2137 50580 10
 2138 5059 1
 2139 65780 13
 2140 10122 2
 2141 30372 6
 2142 15189 3
 2143 60768 12
 2144 70910 14
 2145 65858 13
 2146 81072 16
 2147 70952 14
 2148 50690 10
 2149 5070 1
 2150 50710 10
 2151 35504 7
 2152 25365 5
 2153 45666 9
 2154 40600 8
 2155 35532 7
 2156 10154 2
 2157 15234 3
 2158 81264 16
 2159 25400 5
 2160 50810 10
 2161 50820 10
 2162 30498 6
 2163 91512 18
 2164 61020 12
 2165 25430 5
 2166 71218 14
 2167 86496 17
 2168 40712 8
 2169 5090 1
 2170 40728 8
 2171 76380 15
 2172 15279 3
 2173 15282 3
 2174 96805 19
 2175 56056 11
 2176 86649 17
 2177 101960 20
 2178 40792 8
 2179 15300 3
 2180 15303 3
 2181 71428 14
 2182 96957 19
 2183 40832 8
 2184 91890 18
 2185 20424 4
 2186 56177 11
 2187 10216 2
 2188 102180 20
 2189 45990 9
 2190 30666 6
 2191 51120 10
 2192 81808 16
 2193 20456 4
 2194 35805 7
 2195 35812 7
 2196 76755 15
 2197 51180 10
 2198 61428 12
 2199 102400 20
 2200 20484 4
 2201 51220 10
 2202 5123 1
 2203 81984 16
 2204 41000 8
 2205 35882 7
 2206 61524 12
 2207 76920 15
 2208 30774 6
 2209 92340 18
 2210 102620 20
 2211 15396 3
 2212 71862 14
 2213 71876 14
 2214 5135 1
 2215 15408 3
 2216 25685 5
 2217 71932 14
 2218 82224 16
 2219 97660 19
 2220 30846 6
 2221 92556 18
 2222 25715 5
 2223 56584 11
 2224 51450 10
 2225 46314 9
 2226 87499 17
 2227 66924 13
 2228 25745 5
 2229 82400 16
 2230 10302 2
 2231 41216 8
 2232 87601 17
 2233 25770 5
 2234 30930 6
 2235 77340 15
 2236 25785 5
 2237 10316 2
 2238 15477 3
 2239 72240 14
 2240 36127 7
 2241 72268 14
 2242 61956 12
 2243 72296 14
 2244 41320 8
 2245 72324 14
 2246 20668 4
 2247 62016 12
 2248 72366 14
 2249 82720 16
 2250 20684 4
 2251 36204 7
 2252 87941 17
 2253 56914 11
 2254 15525 3
 2255 72464 14
 2256 41416 8
 2257 25890 5
 2258 31074 6
 2259 46620 9
 2260 82896 16
 2261 31092 6
 2262 51830 10
 2263 31104 6
 2264 62220 12
 2265 62232 12
 2266 5187 1
 2267 103760 20
 2268 46701 9
 2269 67470 13
 2270 88247 17
 2271 57112 11
 2272 41544 8
 2273 5194 1
 2274 62340 12
 2275 51960 10
 2276 57167 11
 2277 88366 17
 2278 88383 17
 2279 10400 2
 2280 98819 19
 2281 88434 17
 2282 88451 17
 2283 62448 12
 2284 88485 17
 2285 5206 1
 2286 31242 6
 2287 41664 8
 2288 78135 15
 2289 88570 17
 2290 46899 9
 2291 20848 4
 2292 67769 13
 2293 20856 4
 2294 46935 9
 2295 88672 17
 2296 5217 1
 2297 78270 15
 2298 46971 9
 2299 10440 2
 2300 93978 18
 2301 99218 19
 2302 104460 20
 2303 83584 16
 2304 99275 19
 2305 41808 8
 2306 78405 15
 2307 26140 5
 2308 67977 13
 2309 41840 8
 2310 94158 18
 2311 15696 3
 2312 94194 18
 2313 78510 15
 2314 26175 5
 2315 15708 3
 2316 41896 8
 2317 26190 5
 2318 36673 7
 2319 36680 7
 2320 83856 16
 2321 31452 6
 2322 15729 3
 2323 62928 12
 2324 94410 18
 2325 15738 3
 2326 47223 9
 2327 31488 6
 2328 94482 18
 2329 89250 17
 2330 5251 1
 2331 47268 9
 2332 26265 5
 2333 31524 6
 2334 47295 9
 2335 63072 12
 2336 63084 12
 2337 10516 2
 2338 84144 16
 2339 5260 1
 2340 84176 16
 2341 36834 7
 2342 5263 1
 2343 31584 6
 2344 21060 4
 2345 26330 5
 2346 68471 13
 2347 84288 16
 2348 73766 14
 2349 57970 11
 2350 47439 9
 2351 10544 2
 2352 21092 4
 2353 36918 7
 2354 10550 2
 2355 36932 7
 2356 36939 7
 2357 31668 6
 2358 36953 7
 2359 58080 11
 2360 10562 2
 2361 26410 5
 2362 89811 17
 2363 42272 8
 2364 95130 18
 2365 95148 18
 2366 52870 10
 2367 58168 11
 2368 52890 10
 2369 52900 10
 2370 37037 7
 2371 105840 20
 2372 63516 12
 2373 89998 17
 2374 37065 7
 2375 100624 19
 2376 5297 1
 2377 74172 14
 2378 47691 9
 2379 15900 3
 2380 84816 16
 2381 26510 5
 2382 21212 4
 2383 47736 9
 2384 106100 20
 2385 53060 10
 2386 79605 15
 2387 10616 2
 2388 95562 18
 2389 53100 10
 2390 42488 8
 2391 74368 14
 2392 5313 1
 2393 5314 1
 2394 85040 16
 2395 5316 1
 2396 63804 12
 2397 47862 9
 2398 5319 1
 2399 95760 18
 2400 85136 16
 2401 63864 12
 2402 5323 1
 2403 42592 8
 2404 53250 10
 2405 5326 1
 2406 26635 5
 2407 79920 15
 2408 31974 6
 2409 101270 19
 2410 74634 14
 2411 90644 17
 2412 10666 2
 2413 37338 7
 2414 96030 18
 2415 42688 8
 2416 26685 5
 2417 42704 8
 2418 90763 17
 2419 37380 7
 2420 5341 1
 2421 37394 7
 2422 106860 20
 2423 106880 20
 2424 42760 8
 2425 80190 15
 2426 37429 7
 2427 32088 6
 2428 16047 3
 2429 85600 16
 2430 69563 13
 2431 107040 20
 2432 26765 5
 2433 32124 6
 2434 91035 17
 2435 37492 7
 2436 53570 10
 2437 58938 11
 2438 58949 11
 2439 75040 14
 2440 10722 2
 2441 5362 1
 2442 26815 5
 2443 64368 12
 2444 59015 11
 2445 59026 11
 2446 16101 3
 2447 16104 3
 2448 85904 16
 2449 21480 4
 2450 69823 13
 2451 42976 8
 2452 91341 17
 2453 5374 1
 2454 21500 4
 2455 64512 12
 2456 86032 16
 2457 107560 20
 2458 107580 20
 2459 26900 5
 2460 96858 18
 2461 37674 7
 2462 69979 13
 2463 86144 16
 2464 16155 3
 2465 21544 4
 2466 37709 7
 2467 75432 14
 2468 86224 16
 2469 102410 19
 2470 48519 9
 2471 70096 13
 2472 80895 15
 2473 75516 14
 2474 21580 4
 2475 75544 14
 2476 70161 13
 2477 53980 10
 2478 86384 16
 2479 5400 1
 2480 16203 3
 2481 81030 15
 2482 32418 6
 2483 97272 18
 2484 5405 1
 2485 97308 18
 2486 59477 11
 2487 102752 19
 2488 108180 20
 2489 32460 6
 2490 21644 4
 2491 10824 2
 2492 37891 7
 2493 27070 5
 2494 59565 11
 2495 59576 11
 2496 43336 8
 2497 21672 4
 2498 27095 5
 2499 102980 19
 2500 86736 16
 2501 37954 7
 2502 10846 2
 2503 48816 9
 2504 37975 7
 2505 43408 8
 2506 81405 15
 2507 75992 14
 2508 38003 7
 2509 38010 7
 2510 108620 20
 2511 92344 17
 2512 43464 8
 2513 38038 7
 2514 27175 5
 2515 81540 15
 2516 48933 9
 2517 5438 1
 2518 32634 6
 2519 27200 5
 2520 32646 6
 2521 92514 17
 2522 21772 4
 2523 32664 6
 2524 21780 4
 2525 16338 3
 2526 59917 11
 2527 103512 19
 2528 49041 9
 2529 92650 17
 2530 21804 4
 2531 81780 15
 2532 43624 8
 2533 65448 12
 2534 5455 1
 2535 87296 16
 2536 81855 15
 2537 21832 4
 2538 70967 13
 2539 49140 9
 2540 70993 13
 2541 49158 9
 2542 60093 11
 2543 92888 17
 2544 16395 3
 2545 38262 7
 2546 32802 6
 2547 38276 7
 2548 65628 12
 2549 76580 14
 2550 109420 20
 2551 21888 4
 2552 21892 4
 2553 71162 13
 2554 27375 5
 2555 82140 15
 2556 98586 18
 2557 27390 5
 2558 76706 14
 2559 109600 20
 2560 60291 11
 2561 76748 14
 2562 109660 20
 2563 76776 14
 2564 5485 1
 2565 98748 18
 2566 10974 2
 2567 10976 2
 2568 16467 3
 2569 43920 8
 2570 104329 19
 2571 82380 15
 2572 38451 7
 2573 10988 2
 2574 76930 14
 2575 27480 5
 2576 98946 18
 2577 49482 9
 2578 32994 6
 2579 16500 3
 2580 44008 8
 2581 11004 2
 2582 11006 2
 2583 38528 7
 2584 33030 6
 2585 5506 1
 2586 38549 7
 2587 77112 14
 2588 60599 11
 2589 60610 11
 2590 33066 6
 2591 99216 18
 2592 11026 2
 2593 104766 19
 2594 110300 20
 2595 71708 13
 2596 104823 19
 2597 66216 12
 2598 33114 6
 2599 44160 8
 2600 110420 20
 2601 5522 1
 2602 88368 16
 2603 88384 16
 2604 88400 16
 2605 66312 12
 2606 44216 8
 2607 93976 17
 2608 27645 5
 2609 99540 18
 2610 77434 14
 2611 22128 4
 2612 88528 16
 2613 11068 2
 2614 77490 14
 2615 27680 5
 2616 49833 9
 2617 66456 12
 2618 33234 6
 2619 110800 20
 2620 60951 11
 2621 60962 11
 2622 105317 19
 2623 83160 15
 2624 88720 16
 2625 38822 7
 2626 27735 5
 2627 83220 15
 2628 105431 19
 2629 27750 5
 2630 77714 14
 2631 38864 7
 2632 83295 15
 2633 16662 3
 2634 49995 9
 2635 66672 12
 2636 94469 17
 2637 44464 8
 2638 83385 15
 2639 50040 9
 2640 44488 8
 2641 105678 19
 2642 61193 11
 2643 44512 8
 2644 66780 12
 2645 27830 5
 2646 66804 12
 2647 66816 12
 2648 33414 6
 2649 55700 10
 2650 27855 5
 2651 72436 13
 2652 66876 12
 2653 22296 4
 2654 27875 5
 2655 78064 14
 2656 27885 5
 2657 61358 11
 2658 33474 6
 2659 72540 13
 2660 44648 8
 2661 94894 17
 2662 5583 1
 2663 83760 15
 2664 61435 11
 2665 83790 15
 2666 22348 4
 2667 22352 4
 2668 78246 14
 2669 78260 14
 2670 5591 1
 2671 83880 15
 2672 5593 1
 2673 11188 2
 2674 83925 15
 2675 106324 19
 2676 55970 10
 2677 50382 9
 2678 89584 16
 2679 100800 18
 2680 95217 17
 2681 72826 13
 2682 84045 15
 2683 5604 1
 2684 28025 5
 2685 72878 13
 2686 5607 1
 2687 39256 7
 2688 78526 14
 2689 16830 3
 2690 44888 8
 2691 33672 6
 2692 50517 9
 2693 44912 8
 2694 39305 7
 2695 50544 9
 2696 84255 15
 2697 33708 6
 2698 44952 8
 2699 5620 1
 2700 106799 19
 2701 89952 16
 2702 61853 11
 2703 56240 10
 2704 73125 13
 2705 22504 4
 2706 112540 20
 2707 106932 19
 2708 11258 2
 2709 16890 3
 2710 5631 1
 2711 16896 3
 2712 56330 10
 2713 84510 15
 2714 45080 8
 2715 45088 8
 2716 45096 8
 2717 39466 7
 2718 112780 20
 2719 67680 12
 2720 50769 9
 2721 28210 5
 2722 67716 12
 2723 11288 2
 2724 45160 8
 2725 67752 12
 2726 28235 5
 2727 45184 8
 2728 90384 16
 2729 39550 7
 2730 113020 20
 2731 62172 11
 2732 107407 19
 2733 33924 6
 2734 28275 5
 2735 11312 2
 2736 33942 6
 2737 101844 18
 2738 79226 14
 2739 84900 15
 2740 50949 9
 2741 101916 18
 2742 22652 4
 2743 90624 16
 2744 90640 16
 2745 39662 7
 2746 45336 8
 2747 56680 10
 2748 34014 6
 2749 90720 16
 2750 51039 9
 2751 85080 15
 2752 51057 9
 2753 5674 1
 2754 96475 17
 2755 113520 20
 2756 107863 19
 2757 56780 10
 2758 11358 2
 2759 85200 15
 2760 11362 2
 2761 51138 9
 2762 113660 20
 2763 62524 11
 2764 108015 19
 2765 79604 14
 2766 45496 8
 2767 51192 9
 2768 68268 12
 2769 45520 8
 2770 108129 19
 2771 56920 10
 2772 102474 18
 2773 85410 15
 2774 68340 12
 2775 17088 3
 2776 91152 16
 2777 91168 16
 2778 68388 12
 2779 91200 16
 2780 34206 6
 2781 114040 20
 2782 28515 5
 2783 22816 4
 2784 62755 11
 2785 114120 20
 2786 34242 6
 2787 108452 19
 2788 57090 10
 2789 74230 13
 2790 51399 9
 2791 108528 19
 2792 51417 9
 2793 39998 7
 2794 102870 18
 2795 91456 16
 2796 108623 19
 2797 108642 19
 2798 85785 15
 2799 40040 7
 2800 80094 14
 2801 11444 2
 2802 85845 15
 2803 40068 7
 2804 91600 16
 2805 51534 9
 2806 51543 9
 2807 114560 20
 2808 68748 12
 2809 74490 13
 2810 80234 14
 2811 80248 14
 2812 17199 3
 2813 91744 16
 2814 97495 17
 2815 17208 3
 2816 74581 13
 2817 17214 3
 2818 86085 15
 2819 63140 11
 2820 109079 19
 2821 45936 8
 2822 97631 17
 2823 17232 3
 2824 103410 18
 2825 11492 2
 2826 28735 5
 2827 40236 7
 2828 91984 16
 2829 63250 11
 2830 80514 14
 2831 51768 9
 2832 46024 8
 2833 86310 15
 2834 51795 9
 2835 40292 7
 2836 80598 14
 2837 115160 20
 2838 97903 17
 2839 69120 12
 2840 86415 15
 2841 63382 11
 2842 80682 14
 2843 97988 17
 2844 57650 10
 2845 109554 19
 2846 103806 18
 2847 51912 9
 2848 103842 18
 2849 92320 16
 2850 98107 17
 2851 80808 14
 2852 5773 1
 2853 86610 15
 2854 103950 18
 2855 86640 15
 2856 11554 2
 2857 5778 1
 2858 104022 18
 2859 11560 2
 2860 57810 10
 2861 75166 13
 2862 80962 14
 2863 86760 15
 2864 98345 17
 2865 115720 20
 2866 92592 16
 2867 63668 11
 2868 34734 6
 2869 11580 2
 2870 46328 8
 2871 23168 4
 2872 110067 19
 2873 86910 15
 2874 63745 11
 2875 75348 13
 2876 52173 9
 2877 75374 13
 2878 75387 13
 2879 75400 13
 2880 81214 14
 2881 92832 16
 2882 58030 10
 2883 75452 13
 2884 63855 11
 2885 46448 8
 2886 116140 20
 2887 75504 13
 2888 52281 9
 2889 46480 8
 2890 23244 4
 2891 58120 10
 2892 5813 1
 2893 87210 15
 2894 23260 4
 2895 40712 7
 2896 104706 18
 2897 87270 15
 2898 104742 18
 2899 46560 8
 2900 23284 4
 2901 87330 15
 2902 116460 20
 2903 5824 1
 2904 104850 18
 2905 110694 19
 2906 99059 17
 2907 64108 11
 2908 99093 17
 2909 99110 17
 2910 87465 15
 2911 46656 8
 2912 23332 4
 2913 46672 8
 2914 81690 14
 2915 116720 20
 2916 5837 1
 2917 52542 9
 2918 99263 17
 2919 99280 17
 2920 23364 4
 2921 116840 20
 2922 70116 12
26298