312
 1 5304 17
 2 5008 16
 3 4710 15
 4 5670 18
 5 1264 4
 6 317 1
 7 954 3
 8 1595 5
 9 4800 15
 10 5778 18
 11 2576 8
 12 323 1
 13 4536 14
 14 5200 16
 15 4890 15
 16 6213 19
 17 5576 17
 18 6251 19
 19 6270 19
 20 2317 7
 21 3652 11
 22 666 2
 23 1336 4
 24 5025 15
 25 1344 4
 26 6740 20
 27 5070 15
 28 5424 16
 29 2380 7
 30 4774 14
 31 4446 13
 32 6860 20
 33 2408 7
 34 2415 7
 35 5536 16
 36 694 2
 37 5568 16
 38 2094 6
 39 4900 14
 40 7020 20
 41 3168 9
 42 1765 5
 43 3540 10
 44 3905 11
 45 5340 15
 46 2856 8
 47 1074 3
 48 2872 8
 49 360 1
 50 4693 13
 51 1810 5
 52 5445 15
 53 5096 14
 54 5475 15
 55 2928 8
 56 6239 17
 57 6256 17
 58 4797 13
 59 2960 8
 60 2597 7
 61 3720 10
 62 1119 3
 63 5984 16
 64 5625 15
 65 2632 7
 66 7540 20
 67 3402 9
 68 4548 12
 69 7600 20
 70 6477 17
 71 2674 7
 72 1532 4
 73 6528 17
 74 1540 4
 75 1544 4
 76 1548 4
 77 7372 19
 78 5057 13
 79 2730 7
 80 4301 11
 81 6272 16
 82 3930 10
 83 2758 7
 84 6715 17
 85 7920 20
 86 1985 5
 87 398 1
 88 1197 3
 89 1200 3
 90 6416 16
 91 4422 11
 92 2015 5
 93 4444 11
 94 2430 6
 95 406 1
 96 4884 12
 97 5712 14
 98 6135 15
 99 6970 17
 100 3288 8
 101 5768 14
 102 3304 8
 103 7866 19
 104 830 2
 105 6240 15
 106 4170 10
 107 1254 3
 108 7542 18
 109 3780 9
 110 7157 17
 111 5908 14
 112 1269 3
 113 5088 12
 114 8075 19
 115 2982 7
 116 7686 18
 117 1712 4
 118 2574 6
 119 860 2
 120 8189 19
 121 6048 14
 122 433 1
 123 868 2
 124 3045 7
 125 1744 4
 126 874 2
 127 3942 9
 128 2634 6
 129 5720 13
 130 2646 6
 131 7514 17
 132 2658 6
 133 3996 9
 134 4895 11
 135 5352 12
 136 894 2
 137 896 2
 138 4939 11
 139 7650 17
 140 4961 11
 141 2712 6
 142 4077 9
 143 908 2
 144 455 1
 145 8208 18
 146 5027 11
 147 916 2
 148 6426 14
 149 8280 18
 150 3688 8
 151 2772 6
 152 2315 5
 153 8816 19
 154 1395 3
 155 1398 3
 156 9340 20
 157 468 1
 158 3283 7
 159 7990 17
 160 1413 3
 161 6136 13
 162 8514 18
 163 9006 19
 164 9500 20
 165 1428 3
 166 9063 19
 167 956 2
 168 3353 7
 169 3840 8
 170 7696 16
 171 3856 8
 172 2898 6
 173 3872 8
 174 6790 14
 175 1458 3
 176 1948 4
 177 5368 11
 178 3423 7
 179 4410 9
 180 3437 7
 181 5412 11
 182 3451 7
 183 6422 13
 184 2475 5
 185 2480 5
 186 4970 10
 187 996 2
 188 7984 16
 189 5500 11
 190 7515 15
 191 5522 11
 192 8048 16
 193 2520 5
 194 4040 8
 195 2024 4
 196 7098 14
 197 8636 17
 198 2545 5
 199 8160 16
 200 7665 15
 201 6144 12
 202 9234 18
 203 5140 10
 204 5150 10
 205 4644 9
 206 3102 6
 207 3626 7
 208 6228 12
 209 8840 17
 210 2605 5
 211 1044 2
 212 6799 13
 213 7860 15
 214 2625 5
 215 5260 10
 216 4216 8
 217 5808 11
 218 5290 10
 219 530 1
 220 7434 14
 221 9044 17
 222 9061 17
 223 9612 18
 224 4815 9
 225 10720 20
 226 10203 19
 227 2690 5
 228 4312 8
 229 10260 19
 230 5951 11
 231 2168 4
 232 10860 20
 233 1632 3
 234 7085 13
 235 2730 5
 236 4923 9
 237 2740 5
 238 3843 7
 239 4950 9
 240 11020 20
 241 7728 14
 242 2212 4
 243 3324 6
 244 6660 12
 245 10564 19
 246 10583 19
 247 3348 6
 248 7267 13
 249 3360 6
 250 5049 9
 251 7868 14
 252 9008 16
 253 1692 3
 254 1695 3
 255 9622 17
 256 11340 20
 257 7384 13
 258 7966 14
 259 6270 11
 260 6852 12
 261 11440 20
 262 2865 5
 263 8036 14
 264 11500 20
 265 11520 20
 266 9232 16
 267 4624 8
 268 9843 17
 269 2320 4
 270 6972 12
 271 8730 15
 272 2332 4
 273 2336 4
 274 1755 3
 275 7618 13
 276 3522 6
 277 1764 3
 278 4123 7
 279 8260 14
 280 6501 11
 281 4736 8
 282 11267 19
 283 5940 10
 284 5355 9
 285 1192 2
 286 8955 15
 287 4186 7
 288 1797 3
 289 12000 20
 290 3005 5
 291 6020 10
 292 9648 16
 293 9060 15
 294 11495 19
 295 5454 9
 296 4249 7
 297 4864 8
 298 10353 17
 299 3050 5
 300 1222 2
 301 4284 7
 302 1226 2
 303 7982 13
 304 3075 5
 305 1232 2
 306 11723 19
 307 12360 20
 308 8047 13
 309 2480 4
 310 2484 4
 311 8708 14
 312 11214 18
3744