3362
 1 13448 4
 2 33630 10
 3 50460 15
 4 67300 20
 5 40392 12
 6 10101 3
 7 26944 8
 8 43797 13
 9 50550 15
 10 3371 1
 11 13488 4
 12 53968 16
 13 50610 15
 14 67500 20
 15 43888 13
 16 30393 9
 17 10134 3
 18 54064 16
 19 64220 19
 20 57477 17
 21 33820 10
 22 47362 14
 23 47376 14
 24 16925 5
 25 57562 17
 26 44031 13
 27 23716 7
 28 10167 3
 29 40680 12
 30 54256 16
 31 54272 16
 32 44109 13
 33 57698 17
 34 27160 8
 35 33960 10
 36 44161 13
 37 61164 18
 38 64581 19
 39 54400 16
 40 34010 10
 41 34020 10
 42 64657 19
 43 68080 20
 44 17025 5
 45 64714 19
 46 61326 18
 47 40896 12
 48 61362 18
 49 47740 14
 50 6822 2
 51 44356 13
 52 68260 20
 53 34140 10
 54 13660 4
 55 40992 12
 56 27336 8
 57 61524 18
 58 23933 7
 59 58140 17
 60 13684 4
 61 10266 3
 62 3423 1
 63 20544 6
 64 54800 16
 65 44538 13
 66 20562 6
 67 68560 20
 68 51435 15
 69 48020 14
 70 48034 14
 71 61776 18
 72 17165 5
 73 24038 7
 74 65265 19
 75 44668 13
 76 48118 14
 77 61884 18
 78 58463 17
 79 41280 12
 80 34410 10
 81 68840 20
 82 68860 20
 83 17220 5
 84 17225 5
 85 13784 4
 86 48258 14
 87 17240 5
 88 65531 19
 89 34500 10
 90 55216 16
 91 69040 20
 92 3453 1
 93 27632 8
 94 31095 9
 95 38016 11
 96 51855 15
 97 51870 15
 98 38049 11
 99 65740 19
 100 13844 4
 101 17310 5
 102 48482 14
 103 10392 3
 104 17325 5
 105 27728 8
 106 55472 16
 107 31212 9
 108 20814 6
 109 3470 1
 110 62478 18
 111 24304 7
 112 10419 3
 113 27792 8
 114 17375 5
 115 45188 13
 116 24339 7
 117 41736 12
 118 69580 20
 119 69600 20
 120 27848 8
 121 62676 18
 122 13932 4
 123 27872 8
 124 6970 2
 125 66234 19
 126 6974 2
 127 27904 8
 128 45357 13
 129 69800 20
 130 62838 18
 131 41904 12
 132 66367 19
 133 48916 14
 134 52425 15
 135 17480 5
 136 41964 12
 137 41976 12
 138 69980 20
 139 3500 1
 140 52515 15
 141 52530 15
 142 49042 14
 143 10512 3
 144 21030 6
 145 70120 20
 146 49098 14
 147 38588 11
 148 42108 12
 149 17550 5
 150 56176 16
 151 21072 6
 152 70260 20
 153 14056 4
 154 17575 5
 155 21096 6
 156 66823 19
 157 59806 17
 158 56304 16
 159 59840 17
 160 10563 3
 161 42264 12
 162 24661 7
 163 21144 6
 164 45825 13
 165 31734 9
 166 70540 20
 167 7056 2
 168 52935 15
 169 35300 10
 170 52965 15
 171 31788 9
 172 7066 2
 173 45942 13
 174 7070 2
 175 42432 12
 176 7074 2
 177 7076 2
 178 46007 13
 179 63720 18
 180 28328 8
 181 3542 1
 182 24801 7
 183 24808 7
 184 10635 3
 185 67374 19
 186 28376 8
 187 49672 14
 188 24843 7
 189 71000 20
 190 14204 4
 191 35520 10
 192 21318 6
 193 46202 13
 194 42660 12
 195 49784 14
 196 46241 13
 197 46254 13
 198 32031 9
 199 71200 20
 200 56976 16
 201 64116 18
 202 49882 14
 203 46332 13
 204 49910 14
 205 35660 10
 206 17835 5
 207 35680 10
 208 46397 13
 209 7140 2
 210 49994 14
 211 53580 15
 212 3573 1
 213 28592 8
 214 10725 3
 215 10728 3
 216 7154 2
 217 50092 14
 218 28632 8
 219 46540 13
 220 42972 12
 221 71640 20
 222 10749 3
 223 10752 3
 224 32265 9
 225 46618 13
 226 68153 19
 227 53820 15
 228 21534 6
 229 28720 8
 230 43092 12
 231 46696 13
 232 32337 9
 233 10782 3
 234 14380 4
 235 3596 1
 236 68343 19
 237 68362 19
 238 57584 16
 239 61200 17
 240 57616 16
 241 54030 15
 242 32427 9
 243 10812 3
 244 3605 1
 245 36060 10
 246 36070 10
 247 25256 7
 248 39699 11
 249 46930 13
 250 43332 12
 251 72240 20
 252 43356 12
 253 65052 18
 254 21690 6
 255 57856 16
 256 61489 17
 257 68742 19
 258 36190 10
 259 43440 12
 260 65178 18
 261 32598 9
 262 14492 4
 263 18120 5
 264 72500 20
 265 36260 10
 266 36270 10
 267 43536 12
 268 32661 9
 269 10890 3
 270 54465 15
 271 69008 19
 272 50862 14
 273 61778 17
 274 18175 5
 275 18180 5
 276 25459 7
 277 25466 7
 278 32751 9
 279 29120 8
 280 47333 13
 281 14568 4
 282 58288 16
 283 36440 10
 284 65610 18
 285 54690 15
 286 58352 16
 287 18240 5
 288 62033 17
 289 47450 13
 290 62067 17
 291 3652 1
 292 62101 17
 293 73080 20
 294 3655 1
 295 65808 18
 296 69483 19
 297 58528 16
 298 29272 8
 299 51240 14
 300 29288 8
 301 36620 10
 302 51282 14
 303 36640 10
 304 58640 16
 305 40326 11
 306 22002 6
 307 55020 15
 308 66042 18
 309 25690 7
 310 40381 11
 311 69768 19
 312 73460 20
 313 22044 6
 314 18375 5
 315 25732 7
 316 55155 15
 317 55170 15
 318 11037 3
 319 3680 1
 320 36810 10
 321 36820 10
 322 25781 7
 323 7368 2
 324 55275 15
 325 47918 13
 326 70053 19
 327 36880 10
 328 44268 12
 329 33210 9
 330 22146 6
 331 14768 4
 332 44316 12
 333 48022 13
 334 14780 4
 335 70224 19
 336 22182 6
 337 3698 1
 338 18495 5
 339 40700 11
 340 44412 12
 341 29616 8
 342 22218 6
 343 25928 7
 344 59280 16
 345 33354 9
 346 3707 1
 347 22248 6
 348 48217 13
 349 7420 2
 350 59376 16
 351 70528 19
 352 33417 9
 353 3714 1
 354 66870 18
 355 3716 1
 356 66906 18
 357 44616 12
 358 74380 20
 359 40920 11
 360 74420 20
 361 11166 3
 362 67014 18
 363 7448 2
 364 59600 16
 365 33534 9
 366 26089 7
 367 18640 5
 368 59664 16
 369 18650 5
 370 48503 13
 371 29856 8
 372 33597 9
 373 29872 8
 374 33615 9
 375 14944 4
 376 29896 8
 377 22428 6
 378 52346 14
 379 74800 20
 380 26187 7
 381 3742 1
 382 3743 1
 383 26208 7
 384 37450 10
 385 29968 8
 386 37470 10
 387 3748 1
 388 7498 2
 389 22500 6
 390 7502 2
 391 7504 2
 392 45036 12
 393 60064 16
 394 56325 15
 395 45072 12
 396 33813 9
 397 56370 15
 398 71421 19
 399 15040 4
 400 26327 7
 401 67716 18
 402 56445 15
 403 18820 5
 404 3765 1
 405 64022 17
 406 52738 14
 407 71592 19
 408 56535 15
 409 3770 1
 410 30168 8
 411 18860 5
 412 26411 7
 413 41514 11
 414 64175 17
 415 45312 12
 416 33993 9
 417 15112 4
 418 49127 13
 419 3780 1
 420 11343 3
 421 18910 5
 422 60528 16
 423 52976 14
 424 56775 15
 425 18930 5
 426 37870 10
 427 53032 14
 428 34101 9
 429 56850 15
 430 49283 13
 431 30336 8
 432 3793 1
 433 18970 5
 434 60720 16
 435 49348 13
 436 3797 1
 437 7596 2
 438 64583 17
 439 76000 20
 440 11403 3
 441 72238 19
 442 34227 9
 443 34236 9
 444 26635 7
 445 53284 14
 446 41877 11
 447 30464 8
 448 53326 14
 449 19050 5
 450 11433 3
 451 68616 18
 452 7626 2
 453 53396 14
 454 76300 20
 455 68688 18
 456 53438 14
 457 76360 20
 458 42009 11
 459 19100 5
 460 72599 19
 461 34398 9
 462 49699 13
 463 15296 4
 464 49725 13
 465 30608 8
 466 30616 8
 467 57420 15
 468 68922 18
 469 7660 2
 470 45972 12
 471 11496 3
 472 42163 11
 473 42174 11
 474 49855 13
 475 23016 6
 476 69066 18
 477 46056 12
 478 26873 7
 479 69120 18
 480 72979 19
 481 49946 13
 482 65331 17
 483 46128 12
 484 23070 6
 485 30768 8
 486 69246 18
 487 69264 18
 488 61584 16
 489 23100 6
 490 30808 8
 491 19260 5
 492 26971 7
 493 30832 8
 494 3855 1
 495 34704 9
 496 46284 12
 497 69444 18
 498 65603 17
 499 69480 18
 500 50193 13
 501 7724 2
 502 15452 4
 503 7728 2
 504 15460 4
 505 30928 8
 506 19335 5
 507 73492 19
 508 69642 18
 509 58050 15
 510 50323 13
 511 23232 6
 512 77460 20
 513 38740 10
 514 62000 16
 515 7752 2
 516 69786 18
 517 19390 5
 518 34911 9
 519 31040 8
 520 42691 11
 521 62112 16
 522 7766 2
 523 73796 19
 524 7770 2
 525 11658 3
 526 77740 20
 527 50544 13
 528 54446 14
 529 66130 17
 530 58365 15
 531 35028 9
 532 19465 5
 533 58410 15
 534 74005 19
 535 15584 4
 536 62352 16
 537 62368 16
 538 50687 13
 539 39000 10
 540 7802 2
 541 78040 20
 542 23418 6
 543 23424 6
 544 50765 13
 545 31248 8
 546 62512 16
 547 42988 11
 548 66453 17
 549 11730 3
 550 43021 11
 551 62592 16
 552 66521 17
 553 23484 6
 554 31320 8
 555 23496 6
 556 78340 20
 557 11754 3
 558 78380 20
 559 3920 1
 560 3921 1
 561 31376 8
 562 3923 1
 563 3924 1
 564 31400 8
 565 11778 3
 566 15708 4
 567 51064 13
 568 7858 2
 569 27510 7
 570 31448 8
 571 62912 16
 572 78660 20
 573 74746 19
 574 23610 6
 575 47232 12
 576 27559 7
 577 74822 19
 578 63024 16
 579 59100 15
 580 39410 10
 581 47304 12
 582 19715 5
 583 27608 7
 584 78900 20
 585 71028 18
 586 19735 5
 587 71064 18
 588 11847 3
 589 55300 14
 590 67167 17
 591 39520 10
 592 75107 19
 593 31632 8
 594 7910 2
 595 67252 17
 596 19785 5
 597 63328 16
 598 51467 13
 599 43560 11
 600 75259 19
 601 19810 5
 602 67371 17
 603 39640 10
 604 59475 15
 605 51558 13
 606 47604 12
 607 55552 14
 608 3969 1
 609 51610 13
 610 51623 13
 611 47664 12
 612 63568 16
 613 11922 3
 614 3975 1
 615 67592 17
 616 11931 3
 617 27846 7
 618 63664 16
 619 75620 19
 620 79620 20
 621 67694 17
 622 39830 10
 623 35856 9
 624 7970 2
 625 15944 4
 626 11961 3
 627 67796 17
 628 43879 11
 629 3990 1
 630 31928 8
 631 35928 9
 632 63888 16
 633 3994 1
 634 31960 8
 635 31968 8
 636 35973 9
 637 59970 15
 638 75981 19
 639 16000 4
 640 40010 10
 641 4002 1
 642 8006 2
 643 80080 20
 644 44055 11
 645 64096 16
 646 28049 7
 647 28056 7
 648 80180 20
 649 12030 3
 650 12033 3
 651 64192 16
 652 40130 10
 653 4014 1
 654 76285 19
 655 20080 5
 656 68289 17
 657 80360 20
 658 56266 14
 659 12060 3
 660 24126 6
 661 76418 19
 662 76437 19
 663 28168 7
 664 72450 18
 665 32208 8
 666 48324 12
 667 48336 12
 668 72522 18
 669 72540 18
 670 40310 10
 671 24192 6
 672 52429 13
 673 12102 3
 674 72630 18
 675 8072 2
 676 56518 14
 677 28266 7
 678 68663 17
 679 56560 14
 680 72738 18
 681 24252 6
 682 28301 7
 683 68748 17
 684 40450 10
 685 76874 19
 686 8094 2
 687 8096 2
 688 44539 11
 689 64800 16
 690 64816 16
 691 52676 13
 692 28371 7
 693 28378 7
 694 24330 6
 695 40560 10
 696 81140 20
 697 28406 7
 698 40590 10
 699 44660 11
 700 73098 18
 701 12186 3
 702 12189 3
 703 56896 14
 704 8130 2
 705 65056 16
 706 8134 2
 707 8136 2
 708 12207 3
 709 52910 13
 710 61065 15
 711 28504 7
 712 20365 5
 713 81480 20
 714 24450 6
 715 61140 15
 716 61155 15
 717 16312 4
 718 28553 7
 719 8160 2
 720 81620 20
 721 24492 6
 722 32664 8
 723 20420 5
 724 65360 16
 725 69462 17
 726 44957 11
 727 57232 14
 728 73602 18
 729 32720 8
 730 57274 14
 731 24552 6
 732 73674 18
 733 4094 1
 734 77805 19
 735 49152 12
 736 53261 13
 737 8196 2
 738 20495 5
 739 28700 7
 740 16404 4
 741 16408 4
 742 41030 10
 743 12312 3
 744 41050 10
 745 12318 3
 746 41070 10
 747 78052 19
 748 20545 5
 749 24660 6
 750 32888 8
 751 45232 11
 752 61695 15
 753 16456 4
 754 49380 12
 755 32928 8
 756 8234 2
 757 82360 20
 758 16476 4
 759 82400 20
 760 12363 3
 761 24732 6
 762 32984 8
 763 53612 13
 764 45375 11
 765 24756 6
 766 78413 19
 767 24768 6
 768 37161 9
 769 20650 5
 770 45441 11
 771 82640 20
 772 12399 3
 773 45474 11
 774 8270 2
 775 70312 17
 776 70329 17
 777 28966 7
 778 41390 10
 779 20700 5
 780 82820 20
 781 82840 20
 782 82860 20
 783 37296 9
 784 29015 7
 785 37314 9
 786 16588 4
 787 24888 6
 788 33192 8
 789 78850 19
 790 49812 12
 791 16608 4
 792 4153 1
 793 12462 3
 794 29085 7
 795 74808 18
 796 58198 14
 797 12474 3
 798 49908 12
 799 74880 18
 800 37449 9
 801 54106 13
 802 29141 7
 803 45804 11
 804 4165 1
 805 37494 9
 806 62505 15
 807 20840 5
 808 83380 20
 809 45870 11
 810 12513 3
 811 20860 5
 812 54249 13
 813 25044 6
 814 66800 16
 815 8352 2
 816 16708 4
 817 8356 2
 818 16716 4
 819 66880 16
 820 58534 14
 821 33456 8
 822 62745 15
 823 29288 7
 824 79515 19
 825 25116 6
 826 20935 5
 827 12564 3
 828 16756 4
 829 62850 15
 830 33528 8
 831 67072 16
 832 41930 10
 833 58716 14
 834 71315 17
 835 20980 5
 836 16788 4
 837 79762 19
 838 29393 7
 839 12600 3
 840 42010 10
 841 46222 11
 842 37827 9
 843 37836 9
 844 71485 17
 845 25236 6
 846 4207 1
 847 42080 10
 848 58926 14
 849 33680 8
 850 58954 14
 851 25272 6
 852 25278 6
 853 16856 4
 854 50580 12
 855 4216 1
 856 4217 1
 857 59052 14
 858 71723 17
 859 50640 12
 860 42210 10
 861 46442 11
 862 8446 2
 863 80256 19
 864 16900 4
 865 38034 9
 866 46497 11
 867 59192 14
 868 80351 19
 869 29610 7
 870 33848 8
 871 84640 20
 872 59262 14
 873 29638 7
 874 33880 8
 875 72012 17
 876 67792 16
 877 63570 15
 878 16956 4
 879 21200 5
 880 63615 15
 881 29694 7
 882 8486 2
 883 8488 2
 884 4245 1
 885 55198 13
 886 8494 2
 887 33984 8
 888 4249 1
 889 46750 11
 890 12753 3
 891 76536 18
 892 34024 8
 893 34032 8
 894 51060 12
 895 38304 9
 896 42570 10
 897 72386 17
 898 59626 14
 899 34080 8
 900 68176 16
 901 12786 3
 902 55419 13
 903 8528 2
 904 85300 20
 905 63990 15
 906 38403 9
 907 76824 18
 908 59766 14
 909 81130 19
 910 42710 10
 911 76896 18
 912 76914 18
 913 85480 20
 914 72675 17
 915 81244 19
 916 4277 1
 917 34224 8
 918 59906 14
 919 81320 19
 920 85620 20
 921 8564 2
 922 64245 15
 923 81396 19
 924 21425 5
 925 17144 4
 926 55731 13
 927 38592 9
 928 72913 17
 929 12870 3
 930 21455 5
 931 47212 11
 932 17172 4
 933 81586 19
 934 21475 5
 935 4296 1
 936 42970 10
 937 34384 8
 938 17196 4
 939 38700 9
 940 68816 16
 941 81738 19
 942 64545 15
 943 34432 8
 944 55965 13
 945 34448 8
 946 60298 14
 947 12924 3
 948 81871 19
 949 68960 16
 950 8622 2
 951 64680 15
 952 25878 6
 953 81966 19
 954 25890 6
 955 56108 13
 956 86340 20
 957 82042 19
 958 17276 4
 959 38880 9
 960 25926 6
 961 17288 4
 962 30261 7
 963 34592 8
 964 17300 4
 965 47586 11
 966 77886 18
 967 86560 20
 968 34632 8
 969 21650 5
 970 47641 11
 971 82308 19
 972 82327 19
 973 82346 19
 974 47685 11
 975 60704 14
 976 17348 4
 977 52056 12
 978 65085 15
 979 34720 8
 980 60774 14
 981 4342 1
 982 13029 3
 983 30408 7
 984 30415 7
 985 26076 6
 986 78246 18
 987 34784 8
 988 47839 11
 989 47850 11
 990 78318 18
 991 39168 9
 992 69648 16
 993 65310 15
 994 56615 13
 995 17424 4
 996 21785 5
 997 30506 7
 998 61026 14
 999 17440 4
 1000 8722 2
 1001 8724 2
 1002 17452 4
 1003 17456 4
 1004 65475 15
 1005 26196 6
 1006 65505 15
 1007 8736 2
 1008 87380 20
 1009 43700 10
 1010 17484 4
 1011 74324 17
 1012 30611 7
 1013 30618 7
 1014 21875 5
 1015 26256 6
 1016 56901 13
 1017 48158 11
 1018 87580 20
 1019 4380 1
 1020 30667 7
 1021 43820 10
 1022 4383 1
 1023 39456 9
 1024 21925 5
 1025 39474 9
 1026 8774 2
 1027 52656 12
 1028 70224 16
 1029 52680 12
 1030 87820 20
 1031 70272 16
 1032 61502 14
 1033 13182 3
 1034 87900 20
 1035 35168 8
 1036 65955 15
 1037 17592 4
 1038 8798 2
 1039 39600 9
 1040 26406 6
 1041 44020 10
 1042 52836 12
 1043 4404 1
 1044 30835 7
 1045 70496 16
 1046 48477 11
 1047 79344 18
 1048 79362 18
 1049 13230 3
 1050 61754 14
 1051 44120 10
 1052 57369 13
 1053 70624 16
 1054 17660 4
 1055 35328 8
 1056 75089 17
 1057 88360 20
 1058 39771 9
 1059 35360 8
 1060 39789 9
 1061 75174 17
 1062 30961 7
 1063 75208 17
 1064 39825 9
 1065 79668 18
 1066 4427 1
 1067 44280 10
 1068 35432 8
 1069 8860 2
 1070 84189 19
 1071 70912 16
 1072 8866 2
 1073 53208 12
 1074 8870 2
 1075 57668 13
 1076 79866 18
 1077 39942 9
 1078 35512 8
 1079 17760 4
 1080 44410 10
 1081 84398 19
 1082 75531 17
 1083 13332 3
 1084 66675 15
 1085 17784 4
 1086 31129 7
 1087 48928 11
 1088 57837 13
 1089 22250 5
 1090 4451 1
 1091 31164 7
 1092 4453 1
 1093 4454 1
 1094 44550 10
 1095 35648 8
 1096 57941 13
 1097 13374 3
 1098 35672 8
 1099 31220 7
 1100 53532 12
 1101 66930 15
 1102 84797 19
 1103 49104 11
 1104 71440 16
 1105 49126 11
 1106 80406 18
 1107 17872 4
 1108 58097 13
 1109 8940 2
 1110 35768 8
 1111 49192 11
 1112 53676 12
 1113 62636 14
 1114 44750 10
 1115 26856 6
 1116 80586 18
 1117 49258 11
 1118 44790 10
 1119 22400 5
 1120 76177 17
 1121 49302 11
 1122 26898 6
 1123 76228 17
 1124 76245 17
 1125 35888 8
 1126 53844 12
 1127 40392 9
 1128 62846 14
 1129 35920 8
 1130 13473 3
 1131 26952 6
 1132 76381 17
 1133 26964 6
 1134 67425 15
 1135 35968 8
 1136 67455 15
 1137 35984 8
 1138 8998 2
 1139 72000 16
 1140 18004 4
 1141 76534 17
 1142 63042 14
 1143 40536 9
 1144 85595 19
 1145 67590 15
 1146 40563 9
 1147 31556 7
 1148 72144 16
 1149 67650 15
 1150 18044 4
 1151 18048 4
 1152 58669 13
 1153 67710 15
 1154 45150 10
 1155 45160 10
 1156 31619 7
 1157 81324 18
 1158 27114 6
 1159 45200 10
 1160 90420 20
 1161 9044 2
 1162 54276 12
 1163 18096 4
 1164 22625 5
 1165 67890 15
 1166 18108 4
 1167 31696 7
 1168 31703 7
 1169 86070 19
 1170 9062 2
 1171 45320 10
 1172 72528 16
 1173 4534 1
 1174 90700 20
 1175 18144 4
 1176 81666 18
 1177 31766 7
 1178 22695 5
 1179 49940 11
 1180 31787 7
 1181 31794 7
 1182 27258 6
 1183 27264 6
 1184 45450 10
 1185 77282 17
 1186 77299 17
 1187 90960 20
 1188 86431 19
 1189 4550 1
 1190 63714 14
 1191 77384 17
 1192 9106 2
 1193 45540 10
 1194 86545 19
 1195 86564 19
 1196 4557 1
 1197 27348 6
 1198 86621 19
 1199 13680 3
 1200 27366 6
 1201 9124 2
 1202 73008 16
 1203 54768 12
 1204 36520 8
 1205 41094 9
 1206 82206 18
 1207 63952 14
 1208 68535 15
 1209 27420 6
 1210 36568 8
 1211 18288 4
 1212 13719 3
 1213 77758 17
 1214 36600 8
 1215 9152 2
 1216 4577 1
 1217 4578 1
 1218 36632 8
 1219 4580 1
 1220 82458 18
 1221 9164 2
 1222 87077 19
 1223 68760 15
 1224 41265 9
 1225 45860 10
 1226 64218 14
 1227 87172 19
 1228 50479 11
 1229 36720 8
 1230 87229 19
 1231 68880 15
 1232 45930 10
 1233 73504 16
 1234 64330 14
 1235 50556 11
 1236 27582 6
 1237 13794 3
 1238 36792 8
 1239 69000 15
 1240 18404 4
 1241 59826 13
 1242 64442 14
 1243 32228 7
 1244 87495 19
 1245 92120 20
 1246 55284 12
 1247 55296 12
 1248 23045 5
 1249 69150 15
 1250 69165 15
 1251 59956 13
 1252 73808 16
 1253 55368 12
 1254 41535 9
 1255 87704 19
 1256 36936 8
 1257 23090 5
 1258 55428 12
 1259 32340 7
 1260 27726 6
 1261 13866 3
 1262 41607 9
 1263 87856 19
 1264 83250 18
 1265 87894 19
 1266 78659 17
 1267 83304 18
 1268 64806 14
 1269 69450 15
 1270 13893 3
 1271 88008 19
 1272 23165 5
 1273 78778 17
 1274 9270 2
 1275 55632 12
 1276 55644 12
 1277 18552 4
 1278 60307 13
 1279 64960 14
 1280 83538 18
 1281 46420 10
 1282 51073 11
 1283 78948 17
 1284 92900 20
 1285 32522 7
 1286 88293 19
 1287 18592 4
 1288 65086 14
 1289 46500 10
 1290 13953 3
 1291 51172 11
 1292 88407 19
 1293 88426 19
 1294 9310 2
 1295 4656 1
 1296 4657 1
 1297 41922 9
 1298 79203 17
 1299 23300 5
 1300 27966 6
 1301 51282 11
 1302 9326 2
 1303 27984 6
 1304 74640 16
 1305 46660 10
 1306 60671 13
 1307 93360 20
 1308 32683 7
 1309 32690 7
 1310 23355 5
 1311 93440 20
 1312 46730 10
 1313 70110 15
 1314 51425 11
 1315 14028 3
 1316 42093 9
 1317 51458 11
 1318 28074 6
 1319 79560 17
 1320 51491 11
 1321 46820 10
 1322 79611 17
 1323 88996 19
 1324 79645 17
 1325 18744 4
 1326 65618 14
 1327 93760 20
 1328 93780 20
 1329 46900 10
 1330 14073 3
 1331 51612 11
 1332 14079 3
 1333 61022 13
 1334 65730 14
 1335 70440 15
 1336 46970 10
 1337 4698 1
 1338 84582 18
 1339 79900 17
 1340 14103 3
 1341 42318 9
 1342 61139 13
 1343 23520 5
 1344 28230 6
 1345 42354 9
 1346 65898 14
 1347 42372 9
 1348 51799 11
 1349 47100 10
 1350 65954 14
 1351 4712 1
 1352 47130 10
 1353 65996 14
 1354 56580 12
 1355 4716 1
 1356 84906 18
 1357 47180 10
 1358 37752 8
 1359 28320 6
 1360 47210 10
 1361 80274 17
 1362 33061 7
 1363 56688 12
 1364 42525 9
 1365 47260 10
 1366 66178 14
 1367 80376 17
 1368 56748 12
 1369 18920 4
 1370 9462 2
 1371 28392 6
 1372 70995 15
 1373 33138 7
 1374 42615 9
 1375 56832 12
 1376 94740 20
 1377 37904 8
 1378 47390 10
 1379 47400 10
 1380 14223 3
 1381 14226 3
 1382 90117 19
 1383 23720 5
 1384 56940 12
 1385 90174 19
 1386 37976 8
 1387 4748 1
 1388 4749 1
 1389 19000 4
 1390 90269 19
 1391 76032 16
 1392 52283 11
 1393 14262 3
 1394 33285 7
 1395 42804 9
 1396 9514 2
 1397 23790 5
 1398 52349 11
 1399 66640 14
 1400 95220 20
 1401 28572 6
 1402 38104 8
 1403 95280 20
 1404 28590 6
 1405 14298 3
 1406 57204 12
 1407 61984 13
 1408 71535 15
 1409 47700 10
 1410 57252 12
 1411 28632 6
 1412 19092 4
 1413 33418 7
 1414 62075 13
 1415 28656 6
 1416 47770 10
 1417 81226 17
 1418 90801 19
 1419 52580 11
 1420 71715 15
 1421 86076 18
 1422 76528 16
 1423 43056 9
 1424 66990 14
 1425 57432 12
 1426 28722 6
 1427 47880 10
 1428 43101 9
 1429 19160 4
 1430 28746 6
 1431 52712 11
 1432 91067 19
 1433 28764 6
 1434 52745 11
 1435 43164 9
 1436 4797 1
 1437 52778 11
 1438 14397 3
 1439 62400 13
 1440 86418 18
 1441 52822 11
 1442 38424 8
 1443 38432 8
 1444 62465 13
 1445 14418 3
 1446 9614 2
 1447 52888 11
 1448 14427 3
 1449 62530 13
 1450 57732 12
 1451 67368 14
 1452 14439 3
 1453 28884 6
 1454 9630 2
 1455 91504 19
 1456 48170 10
 1457 28908 6
 1458 91561 19
 1459 53020 11
 1460 24105 5
 1461 57864 12
 1462 38584 8
 1463 48240 10
 1464 4825 1
 1465 4826 1
 1466 96540 20
 1467 4828 1
 1468 28974 6
 1469 9660 2
 1470 86958 18
 1471 57984 12
 1472 33831 7
 1473 43506 9
 1474 62855 13
 1475 96720 20
 1476 53207 11
 1477 19352 4
 1478 29034 6
 1479 58080 12
 1480 58092 12
 1481 33894 7
 1482 77488 16
 1483 43596 9
 1484 87210 18
 1485 77536 16
 1486 38776 8
 1487 87264 18
 1488 53339 11
 1489 14550 3
 1490 19404 4
 1491 29112 6
 1492 4853 1
 1493 14562 3
 1494 14565 3
 1495 77696 16
 1496 19428 4
 1497 4858 1
 1498 14577 3
 1499 34020 7
 1500 38888 8
 1501 87516 18
 1502 19452 4
 1503 82688 17
 1504 14595 3
 1505 53526 11
 1506 87606 18
 1507 19472 4
 1508 24345 5
 1509 53570 11
 1510 9742 2
 1511 77952 16
 1512 73095 15
 1513 58488 12
 1514 82875 17
 1515 87768 18
 1516 92663 19
 1517 63414 13
 1518 68306 14
 1519 4880 1
 1520 19524 4
 1521 14646 3
 1522 78128 16
 1523 34188 7
 1524 43965 9
 1525 83062 17
 1526 63531 13
 1527 29328 6
 1528 53779 11
 1529 19560 4
 1530 88038 18
 1531 68488 14
 1532 4893 1
 1533 39152 8
 1534 53845 11
 1535 4896 1
 1536 4897 1
 1537 39184 8
 1538 73485 15
 1539 9800 2
 1540 53911 11
 1541 14706 3
 1542 44127 9
 1543 68656 14
 1544 19620 4
 1545 98120 20
 1546 4907 1
 1547 53988 11
 1548 34363 7
 1549 98200 20
 1550 98220 20
 1551 14736 3
 1552 98260 20
 1553 78624 16
 1554 54065 11
 1555 24580 5
 1556 49170 10
 1557 39344 8
 1558 83623 17
 1559 98400 20
 1560 59052 12
 1561 93518 19
 1562 98460 20
 1563 88632 18
 1564 78800 16
 1565 68964 14
 1566 39416 8
 1567 73920 15
 1568 39432 8
 1569 19720 4
 1570 78896 16
 1571 78912 16
 1572 93727 19
 1573 44406 9
 1574 39480 8
 1575 74040 15
 1576 44433 9
 1577 79008 16
 1578 59268 12
 1579 14820 3
 1580 74115 15
 1581 59304 12
 1582 9886 2
 1583 69216 14
 1584 19780 4
 1585 29676 6
 1586 89046 18
 1587 44532 9
 1588 74235 15
 1589 69300 14
 1590 14853 3
 1591 39616 8
 1592 29718 6
 1593 59448 12
 1594 39640 8
 1595 74340 15
 1596 79312 16
 1597 14874 3
 1598 69426 14
 1599 74400 15
 1600 9922 2
 1601 94278 19
 1602 69482 14
 1603 89352 18
 1604 29790 6
 1605 74490 15
 1606 74505 15
 1607 19872 4
 1608 9938 2
 1609 64610 13
 1610 89478 18
 1611 69608 14
 1612 14919 3
 1613 84558 17
 1614 54725 11
 1615 9952 2
 1616 19908 4
 1617 19912 4
 1618 79664 16
 1619 74700 15
 1620 9962 2
 1621 89676 18
 1622 44847 9
 1623 89712 18
 1624 69790 14
 1625 39888 8
 1626 64831 13
 1627 79808 16
 1628 54879 11
 1629 9980 2
 1630 84847 17
 1631 54912 11
 1632 59916 12
 1633 94886 19
 1634 69930 14
 1635 29976 6
 1636 99940 20
 1637 79968 16
 1638 49990 10
 1639 85000 17
 1640 30006 6
 1641 30012 6
 1642 35021 7
 1643 100080 20
 1644 100100 20
 1645 50060 10
 1646 20028 4
 1647 90144 18
 1648 60108 12
 1649 5010 1
 1650 70154 14
 1651 95228 19
 1652 55143 11
 1653 25070 5
 1654 20060 4
 1655 75240 15
 1656 60204 12
 1657 20072 4
 1658 90342 18
 1659 35140 7
 1660 20084 4
 1661 30132 6
 1662 100460 20
 1663 30144 6
 1664 70350 14
 1665 100520 20
 1666 85459 17
 1667 25140 5
 1668 100580 20
 1669 90540 18
 1670 25155 5
 1671 35224 7
 1672 100660 20
 1673 45306 9
 1674 5035 1
 1675 95684 19
 1676 80592 16
 1677 75570 15
 1678 80624 16
 1679 10080 2
 1680 75615 15
 1681 30252 6
 1682 80688 16
 1683 75660 15
 1684 85765 17
 1685 85782 17
 1686 50470 10
 1687 60576 12
 1688 85833 17
 1689 50500 10
 1690 65663 13
 1691 95988 19
 1692 90954 18
 1693 20216 4
 1694 5055 1
 1695 60672 12
 1696 35399 7
 1697 45522 9
 1698 80944 16
 1699 25300 5
 1700 50610 10
 1701 55682 11
 1702 30378 6
 1703 60768 12
 1704 35455 7
 1705 15198 3
 1706 45603 9
 1707 35476 7
 1708 10138 2
 1709 96330 19
 1710 25355 5
 1711 45648 9
 1712 15219 3
 1713 60888 12
 1714 71050 14
 1715 5076 1
 1716 35539 7
 1717 101560 20
 1718 81264 16
 1719 55880 11
 1720 101620 20
 1721 10164 2
 1722 30498 6
 1723 20336 4
 1724 15255 3
 1725 5086 1
 1726 96653 19
 1727 81408 16
 1728 35623 7
 1729 61080 12
 1730 66183 13
 1731 56012 11
 1732 15279 3
 1733 81504 16
 1734 50950 10
 1735 45864 9
 1736 40776 8
 1737 25490 5
 1738 96881 19
 1739 96900 19
 1740 102020 20
 1741 96938 19
 1742 76545 15
 1743 40832 8
 1744 81680 16
 1745 45954 9
 1746 10214 2
 1747 20432 4
 1748 81744 16
 1749 61320 12
 1750 76665 15
 1751 30672 6
 1752 76695 15
 1753 81824 16
 1754 97185 19
 1755 66508 13
 1756 92106 18
 1757 102360 20
 1758 102380 20
 1759 102400 20
 1760 61452 12
 1761 51220 10
 1762 51230 10
 1763 25620 5
 1764 30750 6
 1765 5126 1
 1766 15381 3
 1767 41024 8
 1768 5129 1
 1769 87210 17
 1770 25655 5
 1771 20528 4
 1772 41064 8
 1773 77010 15
 1774 10270 2
 1775 87312 17
 1776 41096 8
 1777 41104 8
 1778 20556 4
 1779 10280 2
 1780 5141 1
 1781 10284 2
 1782 77145 15
 1783 72016 14
 1784 15435 3
 1785 77190 15
 1786 46323 9
 1787 61776 12
 1788 102980 20
 1789 5150 1
 1790 61812 12
 1791 46368 9
 1792 5153 1
 1793 77310 15
 1794 51550 10
 1795 10312 2
 1796 10314 2
 1797 20632 4
 1798 10318 2
 1799 15480 3
 1800 72254 14
 1801 103240 20
 1802 10326 2
 1803 82624 16
 1804 98135 19
 1805 77490 15
 1806 98173 19
 1807 62016 12
 1808 56859 11
 1809 36190 7
 1810 5171 1
 1811 20688 4
 1812 36211 7
 1813 98306 19
 1814 98325 19
 1815 25880 5
 1816 77655 15
 1817 25890 5
 1818 51790 10
 1819 72520 14
 1820 77715 15
 1821 15546 3
 1822 93294 18
 1823 103680 20
 1824 62220 12
 1825 46674 9
 1826 88179 17
 1827 62256 12
 1828 15567 3
 1829 77850 15
 1830 5191 1
 1831 31152 6
 1832 31158 6
 1833 46746 9
 1834 5195 1
 1835 41568 8
 1836 31182 6
 1837 83168 16
 1838 36393 7
 1839 52000 10
 1840 20804 4
 1841 98838 19
 1842 26015 5
 1843 88468 17
 1844 52050 10
 1845 93708 18
 1846 57277 11
 1847 83328 16
 1848 93762 18
 1849 36470 7
 1850 41688 8
 1851 15636 3
 1852 67769 13
 1853 36498 7
 1854 5215 1
 1855 5216 1
 1856 46953 9
 1857 15654 3
 1858 41752 8
 1859 36540 7
 1860 93978 18
 1861 36554 7
 1862 36561 7
 1863 99256 19
 1864 73150 14
 1865 104520 20
 1866 62724 12
 1867 52280 10
 1868 31374 6
 1869 99370 19
 1870 88927 17
 1871 83712 16
 1872 83728 16
 1873 62808 12
 1874 26175 5
 1875 20944 4
 1876 99503 19
 1877 73332 14
 1878 73346 14
 1879 89080 17
 1880 104820 20
 1881 5242 1
 1882 99617 19
 1883 36708 7
 1884 47205 9
 1885 47214 9
 1886 62964 12
 1887 99712 19
 1888 36743 7
 1889 68250 13
 1890 99769 19
 1891 105040 20
 1892 73542 14
 1893 84064 16
 1894 47295 9
 1895 42048 8
 1896 105140 20
 1897 36806 7
 1898 84144 16
 1899 78900 15
 1900 10522 2
 1901 89454 17
 1902 89471 17
 1903 100016 19
 1904 31590 6
 1905 63192 12
 1906 21068 4
 1907 63216 12
 1908 36883 7
 1909 63240 12
 1910 21084 4
 1911 10544 2
 1912 63276 12
 1913 10548 2
 1914 79125 15
 1915 5276 1
 1916 52770 10
 1917 42224 8
 1918 42232 8
 1919 84480 16
 1920 52810 10
 1921 73948 14
 1922 42264 8
 1923 73976 14
 1924 21140 4
 1925 42288 8
 1926 58157 11
 1927 100472 19
 1928 79335 15
 1929 68770 13
 1930 68783 13
 1931 95256 18
 1932 74102 14
 1933 52940 10
 1934 58245 11
 1935 105920 20
 1936 90049 17
 1937 26490 5
 1938 100681 19
 1939 26500 5
 1940 10602 2
 1941 79530 15
 1942 5303 1
 1943 68952 13
 1944 63660 12
 1945 100814 19
 1946 26535 5
 1947 31848 6
 1948 53090 10
 1949 58410 11
 1950 53110 10
 1951 84992 16
 1952 53130 10
 1953 100966 19
 1954 47835 9
 1955 37212 7
 1956 21268 4
 1957 58498 11
 1958 10638 2
 1959 37240 7
 1960 37247 7
 1961 58542 11
 1962 15969 3
 1963 90508 17
 1964 21300 4
 1965 31956 6
 1966 101213 19
 1967 10656 2
 1968 58619 11
 1969 10660 2
 1970 31986 6
 1971 15996 3
 1972 15999 3
 1973 5334 1
 1974 32010 6
 1975 5336 1
 1976 106740 20
 1977 37366 7
 1978 80085 15
 1979 21360 4
 1980 16023 3
 1981 69446 13
 1982 58773 11
 1983 90848 17
 1984 90865 17
 1985 101574 19
 1986 90899 17
 1987 48132 9
 1988 16047 3
 1989 85600 16
 1990 5351 1
 1991 74928 14
 1992 96354 18
 1993 64248 12
 1994 80325 15
 1995 69628 13
 1996 32142 6
 1997 80370 15
 1998 85744 16
 1999 21440 4
 2000 5361 1
 2001 16086 3
 2002 75082 14
 2003 10728 2
 2004 69745 13
 2005 85856 16
 2006 75138 14
 2007 69784 13
 2008 64428 12
 2009 64440 12
 2010 59081 11
 2011 85952 16
 2012 5373 1
 2013 107480 20
 2014 37625 7
 2015 91392 17
 2016 21508 4
 2017 5378 1
 2018 59169 11
 2019 37660 7
 2020 91477 17
 2021 32292 6
 2022 80745 15
 2023 107680 20
 2024 91545 17
 2025 70018 13
 2026 91579 17
 2027 10776 2
 2028 10778 2
 2029 21560 4
 2030 64692 12
 2031 102448 19
 2032 86288 16
 2033 91698 17
 2034 5395 1
 2035 16188 3
 2036 10794 2
 2037 43184 8
 2038 10798 2
 2039 108000 20
 2040 10802 2
 2041 10804 2
 2042 54030 10
 2043 86464 16
 2044 10810 2
 2045 54060 10
 2046 59477 11
 2047 70304 13
 2048 86544 16
 2049 59510 11
 2050 10822 2
 2051 27060 5
 2052 97434 18
 2053 54140 10
 2054 70395 13
 2055 21664 4
 2056 92089 17
 2057 108360 20
 2058 70447 13
 2059 81300 15
 2060 59631 11
 2061 10844 2
 2062 27115 5
 2063 5424 1
 2064 54250 10
 2065 81390 15
 2066 65124 12
 2067 5428 1
 2068 59719 11
 2069 81450 15
 2070 65172 12
 2071 108640 20
 2072 5433 1
 2073 16302 3
 2074 76090 14
 2075 86976 16
 2076 103303 19
 2077 87008 16
 2078 21756 4
 2079 92480 17
 2080 97938 18
 2081 81630 15
 2082 5443 1
 2083 103436 19
 2084 21780 4
 2085 49014 9
 2086 92599 17
 2087 70824 13
 2088 70837 13
 2089 65400 12
 2090 109020 20
 2091 103588 19
 2092 16359 3
 2093 54540 10
 2094 16365 3
 2095 60016 11
 2096 27285 5
 2097 10916 2
 2098 38213 7
 2099 76440 14
 2100 98298 18
 2101 60082 11
 2102 109260 20
 2103 92888 17
 2104 71045 13
 2105 27330 5
 2106 32802 6
 2107 10936 2
 2108 43752 8
 2109 49230 9
 2110 76594 14
 2111 21888 4
 2112 21892 4
 2113 49266 9
 2114 82125 15
 2115 82140 15
 2116 93109 17
 2117 43824 8
 2118 49311 9
 2119 10960 2
 2120 65772 12
 2121 27410 5
 2122 109660 20
 2123 10968 2
 2124 27425 5
 2125 109720 20
 2126 32922 6
 2127 27440 5
 2128 21956 4
 2129 16470 3
 2130 60401 11
 2131 43936 8
 2132 98874 18
 2133 60434 11
 2134 16485 3
 2135 21984 4
 2136 76958 14
 2137 5498 1
 2138 5499 1
 2139 99000 18
 2140 22004 4
 2141 60522 11
 2142 66036 12
 2143 11008 2
 2144 110100 20
 2145 38542 7
 2146 110140 20
 2147 77112 14
 2148 55090 10
 2149 16530 3
 2150 55110 10
 2151 110240 20
 2152 22052 4
 2153 99252 18
 2154 110300 20
 2155 49644 9
 2156 11034 2
 2157 60698 11
 2158 93823 17
 2159 5520 1
 2160 49689 9
 2161 82830 15
 2162 44184 8
 2163 44192 8
 2164 77350 14
 2165 33156 6
 2166 49743 9
 2167 82920 15
 2168 71877 13
 2169 60830 11
 2170 110620 20
 2171 71916 13
 2172 49797 9
 2173 77476 14
 2174 27675 5
 2175 11072 2
 2176 77518 14
 2177 27690 5
 2178 110780 20
 2179 11080 2
 2180 72033 13
 2181 5542 1
 2182 55430 10
 2183 94248 17
 2184 110900 20
 2185 88736 16
 2186 55470 10
 2187 44384 8
 2188 49941 9
 2189 94350 17
 2190 105469 19
 2191 11104 2
 2192 77742 14
 2193 49986 9
 2194 33330 6
 2195 66672 12
 2196 44456 8
 2197 16674 3
 2198 50031 9
 2199 100080 18
 2200 61171 11
 2201 5562 1
 2202 89008 16
 2203 66768 12
 2204 94605 17
 2205 33396 6
 2206 38969 7
 2207 72384 13
 2208 77966 14
 2209 89120 16
 2210 72423 13
 2211 94724 17
 2212 55730 10
 2213 39018 7
 2214 105925 19
 2215 111520 20
 2216 105963 19
 2217 50202 9
 2218 39053 7
 2219 78120 14
 2220 111620 20
 2221 16746 3
 2222 44664 8
 2223 33504 6
 2224 67020 12
 2225 72618 13
 2226 78218 14
 2227 55880 10
 2228 55890 10
 2229 111800 20
 2230 111820 20
 2231 44736 8
 2232 55930 10
 2233 78316 14
 2234 67140 12
 2235 39172 7
 2236 111940 20
 2237 5598 1
 2238 61589 11
 2239 44800 8
 2240 44808 8
 2241 39214 7
 2242 33618 6
 2243 56040 10
 2244 22420 4
 2245 28030 5
 2246 89712 16
 2247 28040 5
 2248 56090 10
 2249 84150 15
 2250 50499 9
 2251 44896 8
 2252 28065 5
 2253 33684 6
 2254 67380 12
 2255 56160 10
 2256 112340 20
 2257 112360 20
 2258 61809 11
 2259 61820 11
 2260 89936 16
 2261 39354 7
 2262 73099 13
 2263 89984 16
 2264 16875 3
 2265 39382 7
 2266 95659 17
 2267 11256 2
 2268 84435 15
 2269 112600 20
 2270 39417 7
 2271 90112 16
 2272 56330 10
 2273 107046 19
 2274 5635 1
 2275 101448 18
 2276 28185 5
 2277 5638 1
 2278 107141 19
 2279 33840 6
 2280 50769 9
 2281 107198 19
 2282 50787 9
 2283 22576 4
 2284 107255 19
 2285 67752 12
 2286 79058 14
 2287 11296 2
 2288 96033 17
 2289 96050 17
 2290 45208 8
 2291 22608 4
 2292 28265 5
 2293 79156 14
 2294 84825 15
 2295 33936 6
 2296 39599 7
 2297 56580 10
 2298 107521 19
 2299 113200 20
 2300 5661 1
 2301 22648 4
 2302 67956 12
 2303 56640 10
 2304 90640 16
 2305 73658 13
 2306 96339 17
 2307 107692 19
 2308 73697 13
 2309 22680 4
 2310 85065 15
 2311 5672 1
 2312 68076 12
 2313 102132 18
 2314 39725 7
 2315 79464 14
 2316 90832 16
 2317 11356 2
 2318 51111 9
 2319 68160 12
 2320 56810 10
 2321 85230 15
 2322 113660 20
 2323 5684 1
 2324 5685 1
 2325 113720 20
 2326 5687 1
 2327 62568 11
 2328 51201 9
 2329 51210 9
 2330 91056 16
 2331 79688 14
 2332 39851 7
 2333 56940 10
 2334 96815 17
 2335 108224 19
 2336 85455 15
 2337 28490 5
 2338 79786 14
 2339 51300 9
 2340 85515 15
 2341 108338 19
 2342 34218 6
 2343 62744 11
 2344 114100 20
 2345 91296 16
 2346 102726 18
 2347 85620 15
 2348 57090 10
 2349 91360 16
 2350 114220 20
 2351 62832 11
 2352 114260 20
 2353 57140 10
 2354 34290 6
 2355 114320 20
 2356 114340 20
 2357 97206 17
 2358 57190 10
 2359 114400 20
 2360 40047 7
 2361 22888 4
 2362 62953 11
 2363 5724 1
 2364 62975 11
 2365 51534 9
 2366 97359 17
 2367 108832 19
 2368 45832 8
 2369 114600 20
 2370 5731 1
 2371 5732 1
 2372 80262 14
 2373 103212 18
 2374 57350 10
 2375 63096 11
 2376 109003 19
 2377 28690 5
 2378 63129 11
 2379 86100 15
 2380 45928 8
 2381 28710 5
 2382 114860 20
 2383 80416 14
 2384 28725 5
 2385 34476 6
 2386 57470 10
 2387 86220 15
 2388 68988 12
 2389 40250 7
 2390 63261 11
 2391 46016 8
 2392 97801 17
 2393 40278 7
 2394 23020 4
 2395 74828 13
 2396 51813 9
 2397 17274 3
 2398 115180 20
 2399 34560 6
 2400 109459 19
 2401 40334 7
 2402 23052 4
 2403 51876 9
 2404 11530 2
 2405 23064 4
 2406 46136 8
 2407 23072 4
 2408 40383 7
 2409 51930 9
 2410 51939 9
 2411 28860 5
 2412 92368 16
 2413 103932 18
 2414 40425 7
 2415 46208 8
 2416 63547 11
 2417 109782 19
 2418 40453 7
 2419 86700 15
 2420 28905 5
 2421 34692 6
 2422 28915 5
 2423 5784 1
 2424 17355 3
 2425 5786 1
 2426 86805 15
 2427 40516 7
 2428 28945 5
 2429 75270 13
 2430 40537 7
 2431 69504 12
 2432 5793 1
 2433 5794 1
 2434 86925 15
 2435 110124 19
 2436 104346 18
 2437 40586 7
 2438 110181 19
 2439 110200 19
 2440 52209 9
 2441 5802 1
 2442 63833 11
 2443 34824 6
 2444 46440 8
 2445 40642 7
 2446 116140 20
 2447 92928 16
 2448 92944 16
 2449 110390 19
 2450 98787 17
 2451 40684 7
 2452 11626 2
 2453 81396 14
 2454 34890 6
 2455 58160 10
 2456 110523 19
 2457 5818 1
 2458 98923 17
 2459 104760 18
 2460 17463 3
 2461 34932 6
 2462 98991 17
 2463 93184 16
 2464 17475 3
 2465 17478 3
 2466 104886 18
 2467 58280 10
 2468 34974 6
 2469 69960 12
 2470 64141 11
 2471 110808 19
 2472 116660 20
 2473 11668 2
 2474 110865 19
 2475 11672 2
 2476 35022 6
 2477 58380 10
 2478 116780 20
 2479 87600 15
 2480 23364 4
 2481 5842 1
 2482 81802 14
 2483 64284 11
 2484 99365 17
 2485 99382 17
 2486 116940 20
 2487 11696 2
 2488 81886 14
 2489 58500 10
 2490 58510 10
 2491 17556 3
 2492 29265 5
 2493 64394 11
 2494 117100 20
 2495 58560 10
 2496 70284 12
 2497 105444 18
 2498 70308 12
 2499 76180 13
 2500 52749 9
 2501 93792 16
 2502 17589 3
 2503 23456 4
 2504 35190 6
 2505 52794 9
 2506 70404 12
 2507 111492 19
 2508 111511 19
 2509 11740 2
 2510 99807 17
 2511 82208 14
 2512 46984 8
 2513 64614 11
 2514 5875 1
 2515 82264 14
 2516 17631 3
 2517 47024 8
 2518 47032 8
 2519 11760 2
 2520 11762 2
 2521 76466 13
 2522 76479 13
 2523 88260 15
 2524 105930 18
 2525 82404 14
 2526 117740 20
 2527 11776 2
 2528 64779 11
 2529 117800 20
 2530 17673 3
 2531 23568 4
 2532 117860 20
 2533 111986 19
 2534 64845 11
 2535 106128 18
 2536 82558 14
 2537 117960 20
 2538 112081 19
 2539 112100 19
 2540 5901 1
 2541 59020 10
 2542 94448 16
 2543 106272 18
 2544 11810 2
 2545 35436 6
 2546 94512 16
 2547 59080 10
 2548 100453 17
 2549 23640 4
 2550 112309 19
 2551 112328 19
 2552 82782 14
 2553 65054 11
 2554 5915 1
 2555 47328 8
 2556 29585 5
 2557 41426 7
 2558 82866 14
 2559 94720 16
 2560 5921 1
 2561 88830 15
 2562 47384 8
 2563 41468 7
 2564 5925 1
 2565 71112 12
 2566 5927 1
 2567 35568 6
 2568 71148 12
 2569 118600 20
 2570 83034 14
 2571 23728 4
 2572 35598 6
 2573 29670 5
 2574 65285 11
 2575 47488 8
 2576 83118 14
 2577 59380 10
 2578 41573 7
 2579 83160 14
 2580 11882 2
 2581 41594 7
 2582 23772 4
 2583 47552 8
 2584 83230 14
 2585 112974 19
 2586 95152 16
 2587 41636 7
 2588 107082 18
 2589 11900 2
 2590 107118 18
 2591 23808 4
 2592 53577 9
 2593 5954 1
 2594 119100 20
 2595 29780 5
 2596 107226 18
 2597 29790 5
 2598 41713 7
 2599 83440 14
 2600 119220 20
 2601 119240 20
 2602 107334 18
 2603 11928 2
 2604 83510 14
 2605 47728 8
 2606 119340 20
 2607 29840 5
 2608 23876 4
 2609 11940 2
 2610 23884 4
 2611 41804 7
 2612 53757 9
 2613 47792 8
 2614 65725 11
 2615 11952 2
 2616 29885 5
 2617 5978 1
 2618 41853 7
 2619 47840 8
 2620 77753 13
 2621 29910 5
 2622 53847 9
 2623 71808 12
 2624 89775 15
 2625 35916 6
 2626 11974 2
 2627 119760 20
 2628 11978 2
 2629 119800 20
 2630 17973 3
 2631 101864 17
 2632 83902 14
 2633 77922 13
 2634 101915 17
 2635 5996 1
 2636 119940 20
 2637 41986 7
 2638 59990 10
 2639 90000 15
 2640 36006 6
 2641 42014 7
 2642 78039 13
 2643 78052 13
 2644 48040 8
 2645 30030 5
 2646 18021 3
 2647 84112 14
 2648 96144 16
 2649 90150 15
 2650 30055 5
 2651 12024 2
 2652 120260 20
 2653 84196 14
 2654 66165 11
 2655 72192 12
 2656 90255 15
 2657 30090 5
 2658 18057 3
 2659 72240 12
 2660 24084 4
 2661 78286 13
 2662 24092 4
 2663 12048 2
 2664 54225 9
 2665 72312 12
 2666 48216 8
 2667 12056 2
 2668 90435 15
 2669 90450 15
 2670 78403 13
 2671 96512 16
 2672 42231 7
 2673 12068 2
 2674 42245 7
 2675 42252 7
 2676 60370 10
 2677 120760 20
 2678 18117 3
 2679 6040 1
 2680 96656 16
 2681 36252 6
 2682 120860 20
 2683 72528 12
 2684 30225 5
 2685 84644 14
 2686 48376 8
 2687 78624 13
 2688 60490 10
 2689 121000 20
 2690 108918 18
 2691 121040 20
 2692 84742 14
 2693 60540 10
 2694 42385 7
 2695 102952 17
 2696 12114 2
 2697 121160 20
 2698 30295 5
 2699 115140 19
 2700 30305 5
 2701 90930 15
 2702 109134 18
 2703 12128 2
 2704 30325 5
 2705 103122 17
 2706 97072 16
 2707 36408 6
 2708 109242 18
 2709 78910 13
 2710 54639 9
 2711 54648 9
 2712 30365 5
 2713 36444 6
 2714 115425 19
 2715 78988 13
 2716 6077 1
 2717 42546 7
 2718 85106 14
 2719 54720 9
 2720 60810 10
 2721 12164 2
 2722 103411 17
 2723 79092 13
 2724 66935 11
 2725 36516 6
 2726 66957 11
 2727 115672 19
 2728 18267 3
 2729 97440 16
 2730 73092 12
 2731 6092 1
 2732 54837 9
 2733 36564 6
 2734 24380 4
 2735 60960 10
 2736 109746 18
 2737 121960 20
 2738 121980 20
 2739 122000 20
 2740 103717 17
 2741 67122 11
 2742 30515 5
 2743 85456 14
 2744 54945 9
 2745 116014 19
 2746 122140 20
 2747 73296 12
 2748 109962 18
 2749 18330 3
 2750 97776 16
 2751 36672 6
 2752 116147 19
 2753 12228 2
 2754 6115 1
 2755 116204 19
 2756 18351 3
 2757 73416 12
 2758 6119 1
 2759 12240 2
 2760 24484 4
 2761 55098 9
 2762 36738 6
 2763 104108 17
 2764 12250 2
 2765 49008 8
 2766 12254 2
 2767 122560 20
 2768 36774 6
 2769 91950 15
 2770 42917 7
 2771 30660 5
 2772 110394 18
 2773 36804 6
 2774 24540 4
 2775 12272 2
 2776 92055 15
 2777 24552 4
 2778 73668 12
 2779 55260 9
 2780 42987 7
 2781 61420 10
 2782 110574 18
 2783 67584 11
 2784 36870 6
 2785 6146 1
 2786 98352 16
 2787 12296 2
 2788 24596 4
 2789 18450 3
 2790 49208 8
 2791 49216 8
 2792 104601 17
 2793 92310 15
 2794 104635 17
 2795 43092 7
 2796 43099 7
 2797 12316 2
 2798 86226 14
 2799 92400 15
 2800 61610 10
 2801 80106 13
 2802 12326 2
 2803 92460 15
 2804 110970 18
 2805 36996 6
 2806 123340 20
 2807 12336 2
 2808 12338 2
 2809 18510 3
 2810 117249 19
 2811 86408 14
 2812 61730 10
 2813 74088 12
 2814 18525 3
 2815 43232 7
 2816 98832 16
 2817 105026 17
 2818 49432 8
 2819 74160 12
 2820 80353 13
 2821 30910 5
 2822 92745 15
 2823 80392 13
 2824 43295 7
 2825 30930 5
 2826 80431 13
 2827 99008 16
 2828 24756 4
 2829 49520 8
 2830 111438 18
 2831 61920 10
 2832 43351 7
 2833 68134 11
 2834 30975 5
 2835 37176 6
 2836 74364 12
 2837 68178 11
 2838 55791 9
 2839 105400 17
 2840 93015 15
 2841 43414 7
 2842 24812 4
 2843 49632 8
 2844 55845 9
 2845 18618 3
 2846 12414 2
 2847 43456 7
 2848 111762 18
 2849 24840 4
 2850 24844 4
 2851 62120 10
 2852 86982 14
 2853 31070 5
 2854 12430 2
 2855 111888 18
 2856 74604 12
 2857 6218 1
 2858 24876 4
 2859 55980 9
 2860 105757 17
 2861 99552 16
 2862 112014 18
 2863 12448 2
 2864 74700 12
 2865 118294 19
 2866 93405 15
 2867 18684 3
 2868 6229 1
 2869 80990 13
 2870 43617 7
 2871 62320 10
 2872 31165 5
 2873 18702 3
 2874 37410 6
 2875 56124 9
 2876 106029 17
 2877 74856 12
 2878 62390 10
 2879 68640 11
 2880 93615 15
 2881 112356 18
 2882 62430 10
 2883 37464 6
 2884 12490 2
 2885 6246 1
 2886 24988 4
 2887 81224 13
 2888 118731 19
 2889 43750 7
 2890 43757 7
 2891 6252 1
 2892 81289 13
 2893 93810 15
 2894 125100 20
 2895 100096 16
 2896 37542 6
 2897 62580 10
 2898 12518 2
 2899 81380 13
 2900 6261 1
 2901 118978 19
 2902 50104 8
 2903 31320 5
 2904 62650 10
 2905 6266 1
 2906 31335 5
 2907 94020 15
 2908 100304 16
 2909 119130 19
 2910 6271 1
 2911 100352 16
 2912 12546 2
 2913 75288 12
 2914 56475 9
 2915 125520 20
 2916 62770 10
 2917 87892 14
 2918 18837 3
 2919 31400 5
 2920 37686 6
 2921 31410 5
 2922 94245 15
 2923 125680 20
 2924 56565 9
 2925 25144 4
 2926 75444 12
 2927 37728 6
 2928 88046 14
 2929 44030 7
 2930 125820 20
 2931 31460 5
 2932 88102 14
 2933 56646 9
 2934 12590 2
 2935 56664 9
 2936 37782 6
 2937 69278 11
 2938 62990 10
 2939 69300 11
 2940 37806 6
 2941 63020 10
 2942 119757 19
 2943 88256 14
 2944 12610 2
 2945 88284 14
 2946 63070 10
 2947 107236 17
 2948 63090 10
 2949 12620 2
 2950 50488 8
 2951 56808 9
 2952 37878 6
 2953 12628 2
 2954 69465 11
 2955 113688 18
 2956 6317 1
 2957 75816 12
 2958 18957 3
 2959 31600 5
 2960 75852 12
 2961 18966 3
 2962 6323 1
 2963 113832 18
 2964 56925 9
 2965 113868 18
 2966 101232 16
 2967 120232 19
 2968 56961 9
 2969 120270 19
 2970 50648 8
 2971 44324 7
 2972 82329 13
 2973 25336 4
 2974 69685 11
 2975 25344 4
 2976 76044 12
 2977 63380 10
 2978 88746 14
 2979 25360 4
 2980 107797 17
 2981 38052 6
 2982 38058 6
 2983 76128 12
 2984 107865 17
 2985 126920 20
 2986 38082 6
 2987 6348 1
 2988 82537 13
 2989 107950 17
 2990 12702 2
 2991 6352 1
 2992 69883 11
 2993 82602 13
 2994 101680 16
 2995 31780 5
 2996 120783 19
 2997 57222 9
 2998 63590 10
 2999 101760 16
 3000 44527 7
 3001 101792 16
 3002 44541 7
 3003 127280 20
 3004 63650 10
 3005 12732 2
 3006 19101 3
 3007 38208 6
 3008 50952 8
 3009 25480 4
 3010 89194 14
 3011 70092 11
 3012 19119 3
 3013 89236 14
 3014 70125 11
 3015 108392 17
 3016 57393 9
 3017 114804 18
 3018 127580 20
 3019 12760 2
 3020 51048 8
 3021 108494 17
 3022 38298 6
 3023 38304 6
 3024 89390 14
 3025 19158 3
 3026 89418 14
 3027 6388 1
 3028 95835 15
 3029 51120 8
 3030 89474 14
 3031 57528 9
 3032 115074 18
 3033 121486 19
 3034 115110 18
 3035 12792 2
 3036 95955 15
 3037 115164 18
 3038 95985 15
 3039 19200 3
 3040 83213 13
 3041 44814 7
 3042 38418 6
 3043 121676 19
 3044 83265 13
 3045 83278 13
 3046 76884 12
 3047 57672 9
 3048 12818 2
 3049 19230 3
 3050 108987 17
 3051 57708 9
 3052 64130 10
 3053 32070 5
 3054 6415 1
 3055 96240 15
 3056 102672 16
 3057 102688 16
 3058 19257 3
 3059 115560 18
 3060 96315 15
 3061 109174 17
 3062 19269 3
 3063 77088 12
 3064 83525 13
 3065 122094 19
 3066 83551 13
 3067 19284 3
 3068 70719 11
 3069 19290 3
 3070 109327 17
 3071 70752 11
 3072 32165 5
 3073 122246 19
 3074 64350 10
 3075 57924 9
 3076 109429 17
 3077 109446 17
 3078 122341 19
 3079 57960 9
 3080 25764 4
 3081 32210 5
 3082 64430 10
 3083 115992 18
 3084 103120 16
 3085 32230 5
 3086 70917 11
 3087 109616 17
 3088 32245 5
 3089 77400 12
 3090 58059 9
 3091 109684 17
 3092 12906 2
 3093 64540 10
 3094 109735 17
 3095 32280 5
 3096 109769 17
 3097 45206 7
 3098 6459 1
 3099 6460 1
 3100 64610 10
 3101 116316 18
 3102 6463 1
 3103 64640 10
 3104 38790 6
 3105 19398 3
 3106 6467 1
 3107 19404 3
 3108 97035 15
 3109 90580 14
 3110 97065 15
 3111 45304 7
 3112 110041 17
 3113 51792 8
 3114 64750 10
 3115 45332 7
 3116 19431 3
 3117 32390 5
 3118 45353 7
 3119 25920 4
 3120 116658 18
 3121 123158 19
 3122 51864 8
 3123 64840 10
 3124 6485 1
 3125 97290 15
 3126 116766 18
 3127 51904 8
 3128 116802 18
 3129 12980 2
 3130 97365 15
 3131 58428 9
 3132 25972 4
 3133 77928 12
 3134 45465 7
 3135 90944 14
 3136 110449 17
 3137 84474 13
 3138 6499 1
 3139 65000 10
 3140 45507 7
 3141 32510 5
 3142 104048 16
 3143 6504 1
 3144 110585 17
 3145 84578 13
 3146 45549 7
 3147 117144 18
 3148 58581 9
 3149 78120 12
 3150 45577 7
 3151 13024 2
 3152 26052 4
 3153 6514 1
 3154 39090 6
 3155 52128 8
 3156 130340 20
 3157 97770 15
 3158 117342 18
 3159 110840 17
 3160 39126 6
 3161 97830 15
 3162 6523 1
 3163 19572 3
 3164 71775 11
 3165 117468 18
 3166 110959 17
 3167 78336 12
 3168 110993 17
 3169 19590 3
 3170 111027 17
 3171 78384 12
 3172 124127 19
 3173 39204 6
 3174 78420 12
 3175 32680 5
 3176 91518 14
 3177 45766 7
 3178 65390 10
 3179 52320 8
 3180 39246 6
 3181 39252 6
 3182 45801 7
 3183 91616 14
 3184 85085 13
 3185 72006 11
 3186 6547 1
 3187 130960 20
 3188 52392 8
 3189 39300 6
 3190 39306 6
 3191 131040 20
 3192 91742 14
 3193 85202 13
 3194 104880 16
 3195 45892 7
 3196 19671 3
 3197 32790 5
 3198 111503 17
 3199 19680 3
 3200 85293 13
 3201 118116 18
 3202 26252 4
 3203 98460 15
 3204 91910 14
 3205 98490 15
 3206 78804 12
 3207 78816 12
 3208 65690 10
 3209 91980 14
 3210 131420 20
 3211 52576 8
 3212 98595 15
 3213 111758 17
 3214 92050 14
 3215 65760 10
 3216 124963 19
 3217 118404 18
 3218 92106 14
 3219 52640 8
 3220 78972 12
 3221 92148 14
 3222 85579 13
 3223 32920 5
 3224 26340 4
 3225 39516 6
 3226 85631 13
 3227 92232 14
 3228 72479 11
 3229 13180 2
 3230 32955 5
 3231 105472 16
 3232 72523 11
 3233 13188 2
 3234 118710 18
 3235 85748 13
 3236 26388 4
 3237 105568 16
 3238 92386 14
 3239 6600 1
 3240 132020 20
 3241 85826 13
 3242 46221 7
 3243 92456 14
 3244 72655 11
 3245 33030 5
 3246 46249 7
 3247 19824 3
 3248 46263 7
 3249 112370 17
 3250 19833 3
 3251 39672 6
 3252 72743 11
 3253 26456 4
 3254 26460 4
 3255 6616 1
 3256 105872 16
 3257 119124 18
 3258 26476 4
 3259 72820 11
 3260 72831 11
 3261 119196 18
 3262 46361 7
 3263 13248 2
 3264 46375 7
 3265 132520 20
 3266 59643 9
 3267 92792 14
 3268 6629 1
 3269 112710 17
 3270 46417 7
 3271 99480 15
 3272 72963 11
 3273 132680 20
 3274 33175 5
 3275 53088 8
 3276 119466 18
 3277 6638 1
 3278 33195 5
 3279 112880 17
 3280 19923 3
 3281 112914 17
 3282 66430 10
 3283 59796 9
 3284 39870 6
 3285 106336 16
 3286 19941 3
 3287 46536 7
 3288 53192 8
 3289 113050 17
 3290 59859 9
 3291 126388 19
 3292 133060 20
 3293 93156 14
 3294 119790 18
 3295 73216 11
 3296 53256 8
 3297 13316 2
 3298 113203 17
 3299 93240 14
 3300 39966 6
 3301 53296 8
 3302 59967 9
 3303 66640 10
 3304 79980 12
 3305 113322 17
 3306 86671 13
 3307 6668 1
 3308 120042 18
 3309 86710 13
 3310 93394 14
 3311 126768 19
 3312 86749 13
 3313 53392 8
 3314 13350 2
 3315 13352 2
 3316 46739 7
 3317 6678 1
 3318 120222 18
 3319 106880 16
 3320 26724 4
 3321 66820 10
 3322 40098 6
 3323 126996 19
 3324 113645 17
 3325 66860 10
 3326 46809 7
 3327 120384 18
 3328 127091 19
 3329 66900 10
 3330 46837 7
 3331 6692 1
 3332 46851 7
 3333 26776 4
 3334 87035 13
 3335 20088 3
 3336 93758 14
 3337 13396 2
 3338 73689 11
 3339 134000 20
 3340 73711 11
 3341 67020 10
 3342 53624 8
 3343 80448 12
 3344 120690 18
 3345 53648 8
 3346 127433 19
 3347 46956 7
 3348 33545 5
 3349 53680 8
 3350 120798 18
 3351 33560 5
 3352 107408 16
 3353 100710 15
 3354 20145 3
 3355 26864 4
 3356 114189 17
 3357 40308 6
 3358 67190 10
 3359 26880 4
 3360 60489 9
 3361 26888 4
 3362 33615 5
30258