358
 1 358 1
 2 1077 3
 3 5040 14
 4 4332 12
 5 1086 3
 6 5082 14
 7 4004 11
 8 2555 7
 9 1464 4
 10 5872 16
 11 2208 6
 12 5904 16
 13 2220 6
 14 7049 19
 15 1488 4
 16 746 2
 17 2244 6
 18 750 2
 19 5264 14
 20 5655 15
 21 3402 9
 22 2274 6
 23 7600 20
 24 6477 17
 25 7640 20
 26 1915 5
 27 2688 7
 28 3850 10
 29 1930 5
 30 1935 5
 31 5432 14
 32 5446 14
 33 7800 20
 34 391 1
 35 784 2
 36 7860 20
 37 1970 5
 38 3555 9
 39 7128 18
 40 6352 16
 41 3184 8
 42 7581 19
 43 4000 10
 44 1604 4
 45 6432 16
 46 2015 5
 47 6060 15
 48 2430 6
 49 3248 8
 50 814 2
 51 2856 7
 52 1636 4
 53 6150 15
 54 5343 13
 55 3296 8
 56 4130 10
 57 3312 8
 58 415 1
 59 7904 19
 60 7923 19
 61 5016 12
 62 3771 9
 63 3780 9
 64 7999 19
 65 1266 3
 66 2538 6
 67 3816 9
 68 8075 19
 69 426 1
 70 3416 8
 71 428 1
 72 1287 3
 73 7740 18
 74 5603 13
 75 432 1
 76 3897 9
 77 6944 16
 78 8265 19
 79 3488 8
 80 7429 17
 81 3504 8
 82 7902 18
 83 8800 20
 84 2646 6
 85 2652 6
 86 443 1
 87 2664 6
 88 4895 11
 89 5798 13
 90 8046 18
 91 4928 11
 92 4041 9
 93 5400 12
 94 4961 11
 95 1356 3
 96 453 1
 97 7264 16
 98 1820 4
 99 912 2
 100 3656 8
 101 7328 16
 102 1377 3
 103 4600 10
 104 7376 16
 105 2310 5
 106 8797 19
 107 464 1
 108 3255 7
 109 2796 6
 110 3736 8
 111 3744 8
 112 3283 7
 113 8930 19
 114 9420 20
 115 6608 14
 116 473 1
 117 9480 20
 118 9025 19
 119 5236 11
 120 5724 12
 121 7648 16
 122 4311 9
 123 4320 9
 124 9139 19
 125 8676 18
 126 1449 3
 127 4840 10
 128 2910 6
 129 1458 3
 130 5844 12
 131 2928 6
 132 7335 15
 133 7350 15
 134 4419 9
 135 1476 3
 136 2465 5
 137 5434 11
 138 1980 4
 139 5952 12
 140 9443 19
 141 4482 9
 142 9481 19
 143 7500 15
 144 8016 16
 145 9036 18
 146 8048 16
 147 8568 17
 148 5555 11
 149 6578 13
 150 2535 5
 151 9652 19
 152 1527 3
 153 4080 8
 154 9198 18
 155 6656 13
 156 9234 18
 157 6168 12
 158 5150 10
 159 4128 8
 160 5170 10
 161 9842 19
 162 9861 19
 163 4160 8
 164 2605 5
 165 4698 9
 166 3138 6
 167 5240 10
 168 9450 18
 169 8416 16
 170 7378 14
 171 7920 15
 172 529 1
 173 3710 7
 174 6903 13
 175 6384 12
 176 1066 2
 177 6408 12
 178 3745 7
 179 3752 7
 180 10203 19
 181 6456 12
 182 1078 2
 183 2160 4
 184 9738 18
 185 7046 13
 186 8688 16
 187 2720 5
 188 2725 5
 189 546 1
 190 2188 4
 191 1096 2
 192 5490 10
 193 11000 20
 194 4408 8
 195 3312 6
 196 7742 14
 197 6094 11
 198 6660 12
 199 8340 15
 200 2228 4
 201 6696 12
 202 559 1
 203 11200 20
 204 2244 4
 205 11240 20
 206 1689 3
 207 8460 15
 208 2825 5
 209 11320 20
 210 4536 8
 211 1704 3
 212 6259 11
 213 10830 19
 214 3426 6
 215 4004 7
 216 9168 16
 217 4592 8
 218 1725 3
 219 8064 14
 220 2308 4
 221 8670 15
 222 8106 14
 223 10440 18
 224 6391 11
 225 11640 20
 226 583 1
 227 10512 18
 228 6435 11
 229 3516 6
 230 1761 3
 231 4116 7
 232 1767 3
 233 2360 4
 234 5910 10
 235 4144 7
 236 11267 19
 237 10098 17
 238 5950 10
 239 5364 9
 240 1791 3
 241 9568 16
 242 10183 17
 243 6000 10
 244 9616 16
 245 3612 6
 246 11457 19
 247 10872 18
 248 5445 9
 249 8484 14
 250 7891 13
 251 4864 8
 252 4263 7
 253 2440 4
 254 4888 8
 255 12240 20
 256 5517 9
 257 3684 6
 258 615 1
 259 9240 15
 260 6787 11
 261 4326 7
 262 6190 10
 263 5580 9
 264 9936 16
 265 10574 17
 266 623 1
 267 8736 14
 268 1875 3
 269 4382 7
 270 627 1
 271 1884 3
 272 6290 10
 273 6300 10
 274 11358 18
 275 6320 10
 276 8862 14
 277 3170 5
 278 7620 12
 279 11448 18
 280 1911 3
 281 9570 15
 282 5112 8
 283 11520 18
 284 7051 11
 285 6420 10
 286 643 1
 287 7084 11
 288 3225 5
 289 10336 16
 290 10352 16
 291 10368 16
 292 9086 14
 293 7150 11
 294 3255 5
 295 7824 12
 296 10448 16
 297 654 1
 298 11790 18
 299 11152 17
 300 13140 20
 301 3948 6
 302 659 1
 303 12540 19
 304 6610 10
 305 9268 14
 306 4641 7
 307 8632 13
 308 3990 6
 309 8658 13
 310 1334 2
 311 6012 9
 312 8028 12
 313 9380 14
 314 6710 10
 315 1344 2
 316 12787 19
 317 674 1
 318 7425 11
 319 1352 2
 320 12186 18
 321 4746 7
 322 11543 17
 323 4080 6
 324 8172 12
 325 11594 17
 326 2732 4
 327 1368 2
 328 2055 3
 329 12348 18
 330 13740 20
 331 1376 2
 332 7579 11
 333 6900 10
 334 6910 10
 335 11764 17
 336 4851 7
 337 1388 2
 338 4865 7
 339 4176 6
 340 6970 10
 341 1396 2
 342 9786 14
 343 2800 4
 344 2103 3
 345 6318 9
 346 4218 6
 347 5632 8
 348 6345 9
 349 13414 19
 350 14140 20
 351 9912 14
 352 13471 19
 353 1420 2
 354 2844 4
 355 4272 6
 356 12834 18
 357 3570 5
 358 10010 14
2864