3867
 1 69606 18
 2 58020 15
 3 15476 4
 4 54180 14
 5 42581 11
 6 15488 4
 7 3873 1
 8 73606 19
 9 15500 4
 10 46512 12
 11 15508 4
 12 15512 4
 13 31032 8
 14 38800 10
 15 50453 13
 16 38820 10
 17 46596 12
 18 58260 15
 19 7770 2
 20 19430 5
 21 69966 18
 22 31104 8
 23 19445 5
 24 31120 8
 25 19455 5
 26 23352 6
 27 31144 8
 28 3894 1
 29 3895 1
 30 50648 13
 31 70146 18
 32 23388 6
 33 27293 7
 34 23400 6
 35 35109 9
 36 15608 4
 37 74157 19
 38 74176 19
 39 42955 11
 40 27342 7
 41 78140 20
 42 46896 12
 43 42999 11
 44 35190 9
 45 15644 4
 46 74328 19
 47 62608 16
 48 70452 18
 49 43065 11
 50 35244 9
 51 19585 5
 52 62688 16
 53 39190 10
 54 74480 19
 55 54894 14
 56 43142 11
 57 43153 11
 58 19620 5
 59 54950 14
 60 66742 17
 61 70686 18
 62 15712 4
 63 74651 19
 64 78600 20
 65 43241 11
 66 27524 7
 67 19665 5
 68 31472 8
 69 66895 17
 70 11808 3
 71 39370 10
 72 35442 9
 73 47268 12
 74 70920 18
 75 51233 13
 76 7884 2
 77 70974 18
 78 78880 20
 79 59175 15
 80 3946 1
 81 78940 20
 82 11844 3
 83 27643 7
 84 23700 6
 85 7902 2
 86 19760 5
 87 59295 15
 88 59310 15
 89 7910 2
 90 27692 7
 91 63312 16
 92 47496 12
 93 51467 13
 94 23760 6
 95 35649 9
 96 11886 3
 97 55482 14
 98 47568 12
 99 31720 8
 100 31728 8
 101 7934 2
 102 31744 8
 103 3969 1
 104 79400 20
 105 35739 9
 106 39720 10
 107 63568 16
 108 75506 19
 109 7950 2
 110 71568 18
 111 43747 11
 112 51714 13
 113 15916 4
 114 59700 15
 115 55734 14
 116 75658 19
 117 15932 4
 118 47808 12
 119 31880 8
 120 43846 11
 121 71766 18
 122 63808 16
 123 35901 9
 124 55860 14
 125 59865 15
 126 3992 1
 127 23958 6
 128 67898 17
 129 67915 17
 130 3996 1
 131 11991 3
 132 27986 7
 133 51987 13
 134 20000 5
 135 76019 19
 136 8004 2
 137 48036 12
 138 36036 9
 139 56070 14
 140 48072 12
 141 56098 14
 142 20040 5
 143 72162 18
 144 36090 9
 145 48132 12
 146 4012 1
 147 36117 9
 148 52182 13
 149 48180 12
 150 80320 20
 151 64272 16
 152 36162 9
 153 20095 5
 154 36180 9
 155 52273 13
 156 4022 1
 157 36207 9
 158 48288 12
 159 64400 16
 160 24156 6
 161 32216 8
 162 40280 10
 163 44319 11
 164 60450 15
 165 12093 3
 166 4032 1
 167 68561 17
 168 28238 7
 169 16140 4
 170 76684 19
 171 20185 5
 172 64608 16
 173 8078 2
 174 44440 11
 175 68697 17
 176 20210 5
 177 76817 19
 178 32352 8
 179 52585 13
 180 72828 18
 181 40470 10
 182 80960 20
 183 80980 20
 184 44550 11
 185 12153 3
 186 40520 10
 187 60795 15
 188 68918 17
 189 52715 13
 190 56784 14
 191 52741 13
 192 12174 3
 193 52767 13
 194 28420 7
 195 24366 6
 196 24372 6
 197 28441 7
 198 77216 19
 199 48780 12
 200 32528 8
 201 4067 1
 202 77292 19
 203 65104 16
 204 20350 5
 205 61065 15
 206 81440 20
 207 32584 8
 208 52962 13
 209 24450 6
 210 52988 13
 211 48924 12
 212 36702 9
 213 36711 9
 214 36720 9
 215 20405 5
 216 61230 15
 217 12249 3
 218 12252 3
 219 61275 15
 220 8172 2
 221 77653 19
 222 20440 5
 223 53157 13
 224 57260 14
 225 4091 1
 226 65472 16
 227 49116 12
 228 24564 6
 229 77805 19
 230 4096 1
 231 12291 3
 232 12294 3
 233 73782 18
 234 12300 3
 235 77919 19
 236 24612 6
 237 41030 10
 238 12312 3
 239 57470 14
 240 28742 7
 241 41070 10
 242 20540 5
 243 24654 6
 244 45210 11
 245 12333 3
 246 12336 3
 247 45243 11
 248 74052 18
 249 78185 19
 250 20580 5
 251 57638 14
 252 32944 8
 253 57666 14
 254 28840 7
 255 82420 20
 256 4122 1
 257 49476 12
 258 74232 18
 259 49500 12
 260 28882 7
 261 41270 10
 262 57792 14
 263 70193 17
 264 12390 3
 265 28917 7
 266 8264 2
 267 8266 2
 268 12402 3
 269 24810 6
 270 74448 18
 271 33096 8
 272 4138 1
 273 20695 5
 274 41400 10
 275 20705 5
 276 74556 18
 277 78717 19
 278 82880 20
 279 20725 5
 280 24876 6
 281 4147 1
 282 33184 8
 283 49788 12
 284 74700 18
 285 45661 11
 286 4152 1
 287 20765 5
 288 66464 16
 289 29085 7
 290 54028 13
 291 20785 5
 292 37422 9
 293 4159 1
 294 58240 14
 295 83220 20
 296 58268 14
 297 54119 13
 298 45804 11
 299 66640 16
 300 54158 13
 301 16668 4
 302 33344 8
 303 16676 4
 304 62550 15
 305 45881 11
 306 33376 8
 307 66768 16
 308 70958 17
 309 20875 5
 310 8352 2
 311 37593 9
 312 45958 11
 313 8358 2
 314 41800 10
 315 79439 19
 316 37638 9
 317 20915 5
 318 29288 7
 319 29295 7
 320 25116 6
 321 33496 8
 322 8376 2
 323 62835 15
 324 4190 1
 325 16764 4
 326 29344 7
 327 71281 17
 328 75492 18
 329 54535 13
 330 12588 3
 331 54561 13
 332 50376 12
 333 83980 20
 334 21000 5
 335 63015 15
 336 16808 4
 337 79857 19
 338 54652 13
 339 58870 14
 340 71502 17
 341 37863 9
 342 67328 16
 343 67344 16
 344 8420 2
 345 54743 13
 346 54756 13
 347 37917 9
 348 80066 19
 349 67440 16
 350 42160 10
 351 84340 20
 352 16872 4
 353 67504 16
 354 54860 13
 355 29547 7
 356 16888 4
 357 54899 13
 358 29568 7
 359 21125 5
 360 59164 14
 361 25362 6
 362 25368 6
 363 59206 14
 364 38070 9
 365 21155 5
 366 42320 10
 367 55029 13
 368 29638 7
 369 33880 8
 370 8472 2
 371 25422 6
 372 12714 3
 373 42390 10
 374 59360 14
 375 29687 7
 376 4242 1
 377 12729 3
 378 84880 20
 379 67920 16
 380 29722 7
 381 8494 2
 382 63720 15
 383 29743 7
 384 8500 2
 385 76518 18
 386 25512 6
 387 76554 18
 388 4254 1
 389 4255 1
 390 51072 12
 391 85140 20
 392 34064 8
 393 46849 11
 394 46860 11
 395 63915 15
 396 34096 8
 397 63945 15
 398 46904 11
 399 59710 14
 400 8532 2
 401 72539 17
 402 42680 10
 403 29883 7
 404 81130 19
 405 55523 13
 406 68352 16
 407 72641 17
 408 64110 15
 409 59850 14
 410 55588 13
 411 34216 8
 412 8556 2
 413 21395 5
 414 25680 6
 415 21405 5
 416 25692 6
 417 29981 7
 418 8568 2
 419 17140 4
 420 68576 16
 421 38583 9
 422 25728 6
 423 30023 7
 424 12870 3
 425 42910 10
 426 81548 19
 427 77274 18
 428 60116 14
 429 4295 1
 430 81624 19
 431 25782 6
 432 42980 10
 433 4299 1
 434 55900 13
 435 60214 14
 436 73134 17
 437 21515 5
 438 38736 9
 439 81795 19
 440 51672 12
 441 21535 5
 442 81852 19
 443 21545 5
 444 8620 2
 445 47421 11
 446 43120 10
 447 12939 3
 448 64710 15
 449 25890 6
 450 73372 17
 451 17268 4
 452 43180 10
 453 69104 16
 454 73440 17
 455 73457 17
 456 34576 8
 457 43230 10
 458 69184 16
 459 8650 2
 460 21630 5
 461 21635 5
 462 21640 5
 463 73593 17
 464 4330 1
 465 34648 8
 466 34656 8
 467 77994 18
 468 52008 12
 469 13005 3
 470 78048 18
 471 82403 19
 472 78084 18
 473 69424 16
 474 26040 6
 475 39069 9
 476 13026 3
 477 82517 19
 478 86880 20
 479 69520 16
 480 34768 8
 481 82593 19
 482 39132 9
 483 47839 11
 484 21750 5
 485 47861 11
 486 8704 2
 487 60942 14
 488 65310 15
 489 82745 19
 490 65340 15
 491 60998 14
 492 78444 18
 493 34872 8
 494 21800 5
 495 8722 2
 496 17448 4
 497 17452 4
 498 26184 6
 499 8730 2
 500 39294 9
 501 78606 18
 502 74256 17
 503 78642 18
 504 30590 7
 505 69936 16
 506 48092 11
 507 56849 13
 508 21870 5
 509 87500 20
 510 74392 17
 511 65655 15
 512 83182 19
 513 13137 3
 514 35040 8
 515 39429 9
 516 26292 6
 517 13149 3
 518 8768 2
 519 26310 6
 520 39474 9
 521 52644 12
 522 74596 17
 523 43890 10
 524 39510 9
 525 57083 13
 526 4392 1
 527 74681 17
 528 43940 10
 529 79110 18
 530 65940 15
 531 52764 12
 532 4398 1
 533 74783 17
 534 61600 14
 535 8802 2
 536 48422 11
 537 70448 16
 538 39636 9
 539 35240 8
 540 4406 1
 541 83733 19
 542 17632 4
 543 79362 18
 544 61740 14
 545 13233 3
 546 4412 1
 547 70608 16
 548 17656 4
 549 88300 20
 550 52992 12
 551 30919 7
 552 79524 18
 553 57447 13
 554 30940 7
 555 61894 14
 556 22110 5
 557 53076 12
 558 39816 9
 559 75225 17
 560 35408 8
 561 88540 20
 562 70848 16
 563 26574 6
 564 44300 10
 565 13293 3
 566 53184 12
 567 13299 3
 568 44340 10
 569 75395 17
 570 17744 4
 571 22185 5
 572 88760 20
 573 79902 18
 574 44400 10
 575 75497 17
 576 17768 4
 577 17772 4
 578 88880 20
 579 17780 4
 580 88920 20
 581 31129 7
 582 8896 2
 583 62286 14
 584 31150 7
 585 4451 1
 586 71232 16
 587 26718 6
 588 80172 18
 589 13365 3
 590 31192 7
 591 13371 3
 592 35664 8
 593 35672 8
 594 22300 5
 595 80298 18
 596 75854 17
 597 71408 16
 598 4464 1
 599 75905 17
 600 53592 12
 601 22335 5
 602 35744 8
 603 35752 8
 604 80460 18
 605 80478 18
 606 62608 14
 607 17892 4
 608 4474 1
 609 53700 12
 610 58188 13
 611 22385 5
 612 13434 3
 613 71664 16
 614 35840 8
 615 4481 1
 616 4482 1
 617 85177 19
 618 62776 14
 619 35880 8
 620 4486 1
 621 80766 18
 622 76296 17
 623 26934 6
 624 53880 12
 625 49401 11
 626 40428 9
 627 31451 7
 628 13482 3
 629 71920 16
 630 8992 2
 631 13491 3
 632 22490 5
 633 17996 4
 634 40500 9
 635 72016 16
 636 40518 9
 637 63042 14
 638 81072 18
 639 72080 16
 640 81108 18
 641 18028 4
 642 22540 5
 643 40581 9
 644 72160 16
 645 85709 19
 646 9024 2
 647 49643 11
 648 9028 2
 649 58695 13
 650 27096 6
 651 27102 6
 652 85842 19
 653 63266 14
 654 67800 15
 655 40689 9
 656 36176 8
 657 58799 13
 658 22620 5
 659 81450 18
 660 90520 20
 661 9054 2
 662 22640 5
 663 72464 16
 664 54360 12
 665 90620 20
 666 27192 6
 667 86127 19
 668 86146 19
 669 90700 20
 670 63504 14
 671 22685 5
 672 45380 10
 673 59007 13
 674 31780 7
 675 31787 7
 676 22710 5
 677 59059 13
 678 81792 18
 679 9090 2
 680 31822 7
 681 68205 15
 682 27288 6
 683 45490 10
 684 81900 18
 685 9102 2
 686 91040 20
 687 59189 13
 688 9108 2
 689 86545 19
 690 31892 7
 691 54684 12
 692 13674 3
 693 45590 10
 694 77520 17
 695 31927 7
 696 91240 20
 697 4563 1
 698 31948 7
 699 27390 6
 700 31962 7
 701 91340 20
 702 13704 3
 703 22845 5
 704 68550 15
 705 45710 10
 706 54864 12
 707 4573 1
 708 68610 15
 709 41175 9
 710 18304 4
 711 54924 12
 712 77826 17
 713 82422 18
 714 59540 13
 715 18324 4
 716 50402 11
 717 73328 16
 718 36672 8
 719 27510 6
 720 27516 6
 721 87153 19
 722 50468 11
 723 13767 3
 724 22950 5
 725 27546 6
 726 32144 7
 727 9186 2
 728 13782 3
 729 78115 17
 730 45960 10
 731 87343 19
 732 41382 9
 733 68985 15
 734 82800 18
 735 4601 1
 736 13806 3
 737 69045 15
 738 59852 13
 739 46050 10
 740 46060 10
 741 13821 3
 742 64512 14
 743 69135 15
 744 27660 6
 745 87609 19
 746 32284 7
 747 18452 4
 748 36912 8
 749 27690 6
 750 60008 13
 751 4617 1
 752 13854 3
 753 60047 13
 754 87780 19
 755 13863 3
 756 64708 14
 757 64722 14
 758 32368 7
 759 18500 4
 760 87894 19
 761 37016 8
 762 50908 11
 763 27774 6
 764 18520 4
 765 27786 6
 766 23160 5
 767 92660 20
 768 41706 9
 769 41715 9
 770 55632 12
 771 83466 18
 772 23190 5
 773 32473 7
 774 4640 1
 775 4641 1
 776 92840 20
 777 18572 4
 778 23220 5
 779 78965 17
 780 51106 11
 781 60411 13
 782 18592 4
 783 4649 1
 784 18600 4
 785 18604 4
 786 79084 17
 787 18612 4
 788 55848 12
 789 23275 5
 790 32592 7
 791 46570 10
 792 13974 3
 793 23295 5
 794 23300 5
 795 9322 2
 796 79254 17
 797 9326 2
 798 9328 2
 799 93300 20
 800 65324 14
 801 14001 3
 802 37344 8
 803 88711 19
 804 18680 4
 805 32697 7
 806 18688 4
 807 28038 6
 808 14022 3
 809 79475 17
 810 74816 16
 811 93540 20
 812 46780 10
 813 46790 10
 814 18720 4
 815 18724 4
 816 88958 19
 817 37464 8
 818 42156 9
 819 93700 20
 820 93720 20
 821 79679 17
 822 14064 3
 823 4689 1
 824 46900 10
 825 32837 7
 826 37536 8
 827 46930 10
 828 93880 20
 829 65730 14
 830 56352 12
 831 28182 6
 832 61074 13
 833 79883 17
 834 4700 1
 835 37608 8
 836 51722 11
 837 75248 16
 838 79968 17
 839 32935 7
 840 23530 5
 841 23535 5
 842 37664 8
 843 4709 1
 844 9420 2
 845 28266 6
 846 51832 11
 847 14139 3
 848 42426 9
 849 23575 5
 850 33012 7
 851 51887 11
 852 56616 12
 853 14157 3
 854 80240 17
 855 23605 5
 856 89718 19
 857 28338 6
 858 80308 17
 859 37800 8
 860 42534 9
 861 94540 20
 862 61464 13
 863 14187 3
 864 42570 9
 865 70965 15
 866 37856 8
 867 18932 4
 868 52074 11
 869 23675 5
 870 56832 12
 871 37896 8
 872 90022 19
 873 52129 11
 874 56880 12
 875 94820 20
 876 61646 13
 877 75888 16
 878 90136 19
 879 42705 9
 880 33222 7
 881 9494 2
 882 71220 15
 883 23745 5
 884 52250 11
 885 95020 20
 886 19008 4
 887 14259 3
 888 61802 13
 889 52305 11
 890 71340 15
 891 71355 15
 892 33306 7
 893 14277 3
 894 23800 5
 895 23805 5
 896 66668 14
 897 4763 1
 898 38112 8
 899 76240 16
 900 81022 17
 901 81039 17
 902 38144 8
 903 81073 17
 904 71550 15
 905 76336 16
 906 4772 1
 907 23865 5
 908 62062 13
 909 14325 3
 910 90744 19
 911 71655 15
 912 95560 20
 913 71685 15
 914 76480 16
 915 19124 4
 916 66948 14
 917 33481 7
 918 19136 4
 919 66990 14
 920 62218 13
 921 76592 16
 922 43092 9
 923 95780 20
 924 95800 20
 925 38328 8
 926 86256 18
 927 4793 1
 928 67116 14
 929 81515 17
 930 33572 7
 931 71955 15
 932 9596 2
 933 28794 6
 934 52800 11
 935 72015 15
 936 91238 19
 937 43227 9
 938 52844 11
 939 48050 10
 940 72090 15
 941 38456 8
 942 67312 14
 943 91371 19
 944 81770 17
 945 43299 9
 946 62556 13
 947 62569 13
 948 67396 14
 949 43335 9
 950 28896 6
 951 52987 11
 952 4818 1
 953 4819 1
 954 77120 16
 955 9642 2
 956 77152 16
 957 86814 18
 958 96480 20
 959 82025 17
 960 62738 13
 961 28962 6
 962 33796 7
 963 91751 19
 964 33810 7
 965 62803 13
 966 96640 20
 967 67662 14
 968 96680 20
 969 33845 7
 970 58032 12
 971 91903 19
 972 48380 10
 973 38712 8
 974 58080 12
 975 38728 8
 976 4842 1
 977 82331 17
 978 53284 11
 979 4845 1
 980 58152 12
 981 19388 4
 982 43632 9
 983 48490 10
 984 92150 19
 985 92169 19
 986 58224 12
 987 72795 15
 988 58248 12
 989 63115 13
 990 82552 17
 991 87426 18
 992 29148 6
 993 82603 17
 994 34020 7
 995 68054 14
 996 9724 2
 997 63219 13
 998 68096 14
 999 9730 2
 1000 4866 1
 1001 9734 2
 1002 34076 7
 1003 58428 12
 1004 48700 10
 1005 43839 9
 1006 87696 18
 1007 77968 16
 1008 92606 19
 1009 87750 18
 1010 29256 6
 1011 43893 9
 1012 82926 17
 1013 87822 18
 1014 48800 10
 1015 97620 20
 1016 78112 16
 1017 43947 9
 1018 34188 7
 1019 14655 3
 1020 92834 19
 1021 43983 9
 1022 68432 14
 1023 92891 19
 1024 58680 12
 1025 97820 20
 1026 4892 1
 1027 88074 18
 1028 34258 7
 1029 29370 6
 1030 63648 13
 1031 68558 14
 1032 29388 6
 1033 93081 19
 1034 4900 1
 1035 88218 18
 1036 93138 19
 1037 14709 3
 1038 78464 16
 1039 58860 12
 1040 19624 4
 1041 93233 19
 1042 39264 8
 1043 24545 5
 1044 63830 13
 1045 78576 16
 1046 93328 19
 1047 34391 7
 1048 54054 11
 1049 49150 10
 1050 88488 18
 1051 9834 2
 1052 14754 3
 1053 93461 19
 1054 98400 20
 1055 49210 10
 1056 44298 9
 1057 39384 8
 1058 54164 11
 1059 49250 10
 1060 64038 13
 1061 44343 9
 1062 19712 4
 1063 54219 11
 1064 9860 2
 1065 34517 7
 1066 54252 11
 1067 83861 17
 1068 74010 15
 1069 83895 17
 1070 29616 6
 1071 88866 18
 1072 98760 20
 1073 59268 12
 1074 98800 20
 1075 69174 14
 1076 14826 3
 1077 84031 17
 1078 9888 2
 1079 34615 7
 1080 4946 1
 1081 89046 18
 1082 9896 2
 1083 24745 5
 1084 54450 11
 1085 24755 5
 1086 89136 18
 1087 74295 15
 1088 89172 18
 1089 24775 5
 1090 79296 16
 1091 29742 6
 1092 74370 15
 1093 89262 18
 1094 9920 2
 1095 64493 13
 1096 44658 9
 1097 84371 17
 1098 89352 18
 1099 39720 8
 1100 89388 18
 1101 4967 1
 1102 14904 3
 1103 19876 4
 1104 99400 20
 1105 14913 3
 1106 9944 2
 1107 89514 18
 1108 59688 12
 1109 29850 6
 1110 84592 17
 1111 19908 4
 1112 89604 18
 1113 89622 18
 1114 69720 14
 1115 89658 18
 1116 19928 4
 1117 24915 5
 1118 74760 15
 1119 44865 9
 1120 29916 6
 1121 54857 11
 1122 19952 4
 1123 79824 16
 1124 99800 20
 1125 44919 9
 1126 4992 1
 1127 79888 16
 1128 94886 19
 1129 39960 8
 1130 49960 10
 1131 54967 11
 1132 24990 5
 1133 54989 11
 1134 20000 4
 1135 55011 11
 1136 100040 20
 1137 95057 19
 1138 85068 17
 1139 10010 2
 1140 35042 7
 1141 80112 16
 1142 45072 9
 1143 55099 11
 1144 55110 11
 1145 50110 10
 1146 60144 12
 1147 15039 3
 1148 35098 7
 1149 75225 15
 1150 20064 4
 1151 20068 4
 1152 100360 20
 1153 100380 20
 1154 10040 2
 1155 30126 6
 1156 100440 20
 1157 35161 7
 1158 10048 2
 1159 20100 4
 1160 20104 4
 1161 100540 20
 1162 85476 17
 1163 90522 18
 1164 75450 15
 1165 100620 20
 1166 85544 17
 1167 90594 18
 1168 35238 7
 1169 100700 20
 1170 70504 14
 1171 55407 11
 1172 100760 20
 1173 40312 8
 1174 80640 16
 1175 60492 12
 1176 100840 20
 1177 90774 18
 1178 25220 5
 1179 95855 19
 1180 15138 3
 1181 20188 4
 1182 90864 18
 1183 15147 3
 1184 20200 4
 1185 10102 2
 1186 20208 4
 1187 65689 13
 1188 85918 17
 1189 85935 17
 1190 91008 18
 1191 96083 19
 1192 20232 4
 1193 91062 18
 1194 80960 16
 1195 40488 8
 1196 20248 4
 1197 65819 13
 1198 70896 14
 1199 15195 3
 1200 60792 12
 1201 35469 7
 1202 101360 20
 1203 50690 10
 1204 60840 12
 1205 91278 18
 1206 91296 18
 1207 96387 19
 1208 20296 4
 1209 40600 8
 1210 10152 2
 1211 15231 3
 1212 91404 18
 1213 96501 19
 1214 5080 1
 1215 50810 10
 1216 45738 9
 1217 101660 20
 1218 101680 20
 1219 5085 1
 1220 5086 1
 1221 10174 2
 1222 66144 13
 1223 5089 1
 1224 50900 10
 1225 66183 13
 1226 15276 3
 1227 56023 11
 1228 45846 9
 1229 15285 3
 1230 15288 3
 1231 10194 2
 1232 56078 11
 1233 5099 1
 1234 15300 3
 1235 45909 9
 1236 76530 15
 1237 91854 18
 1238 102080 20
 1239 102100 20
 1240 45954 9
 1241 35749 7
 1242 30648 6
 1243 102180 20
 1244 81760 16
 1245 102220 20
 1246 30672 6
 1247 92034 18
 1248 5114 1
 1249 30690 6
 1250 46044 9
 1251 76755 15
 1252 102360 20
 1253 40952 8
 1254 61440 12
 1255 20484 4
 1256 102440 20
 1257 51230 10
 1258 87108 17
 1259 20500 4
 1260 5126 1
 1261 82032 16
 1262 97432 19
 1263 10258 2
 1264 92340 18
 1265 5131 1
 1266 41056 8
 1267 51330 10
 1268 41072 8
 1269 15405 3
 1270 41088 8
 1271 41096 8
 1272 97622 19
 1273 15417 3
 1274 25700 5
 1275 71974 14
 1276 15426 3
 1277 92574 18
 1278 61728 12
 1279 72030 14
 1280 97774 19
 1281 25735 5
 1282 30888 6
 1283 46341 9
 1284 61800 12
 1285 61812 12
 1286 36064 7
 1287 5153 1
 1288 25770 5
 1289 15465 3
 1290 51560 10
 1291 46413 9
 1292 92844 18
 1293 30954 6
 1294 5160 1
 1295 46449 9
 1296 15486 3
 1297 41304 8
 1298 36148 7
 1299 25825 5
 1300 82656 16
 1301 72338 14
 1302 87856 17
 1303 20676 4
 1304 51700 10
 1305 51710 10
 1306 46548 9
 1307 67249 13
 1308 25870 5
 1309 15525 3
 1310 51760 10
 1311 46593 9
 1312 56958 11
 1313 15537 3
 1314 56980 11
 1315 77715 15
 1316 72548 14
 1317 10366 2
 1318 15552 3
 1319 46665 9
 1320 51860 10
 1321 15561 3
 1322 72632 14
 1323 57079 11
 1324 5190 1
 1325 5191 1
 1326 88264 17
 1327 15579 3
 1328 93492 18
 1329 31170 6
 1330 31176 6
 1331 5197 1
 1332 15594 3
 1333 83184 16
 1334 15600 3
 1335 67613 13
 1336 93636 18
 1337 31218 6
 1338 20816 4
 1339 5205 1
 1340 98914 19
 1341 31242 6
 1342 72912 14
 1343 57299 11
 1344 31260 6
 1345 15633 3
 1346 5212 1
 1347 93834 18
 1348 46926 9
 1349 41720 8
 1350 73024 14
 1351 67821 13
 1352 104360 20
 1353 67847 13
 1354 46980 9
 1355 93978 18
 1356 46998 9
 1357 26115 5
 1358 10448 2
 1359 67925 13
 1360 78390 15
 1361 52270 10
 1362 104560 20
 1363 94122 18
 1364 5230 1
 1365 88927 17
 1366 83712 16
 1367 104660 20
 1368 73276 14
 1369 88995 17
 1370 47124 9
 1371 26185 5
 1372 31428 6
 1373 41912 8
 1374 15720 3
 1375 73374 14
 1376 57662 11
 1377 52430 10
 1378 10488 2
 1379 26225 5
 1380 36722 7
 1381 52470 10
 1382 26240 5
 1383 47241 9
 1384 5250 1
 1385 57761 11
 1386 10504 2
 1387 89301 17
 1388 42032 8
 1389 15765 3
 1390 68328 13
 1391 31542 6
 1392 84128 16
 1393 99921 19
 1394 21040 4
 1395 84176 16
 1396 52620 10
 1397 42104 8
 1398 31584 6
 1399 105300 20
 1400 26330 5
 1401 26335 5
 1402 15804 3
 1403 47421 9
 1404 52700 10
 1405 89607 17
 1406 68536 13
 1407 47457 9
 1408 47466 9
 1409 42200 8
 1410 10552 2
 1411 47493 9
 1412 58058 11
 1413 36953 7
 1414 105600 20
 1415 73934 14
 1416 36974 7
 1417 100377 19
 1418 10568 2
 1419 100415 19
 1420 26430 5
 1421 31722 6
 1422 95184 18
 1423 84624 16
 1424 89930 17
 1425 89947 17
 1426 15876 3
 1427 100567 19
 1428 26470 5
 1429 100605 19
 1430 105920 20
 1431 21188 4
 1432 68874 13
 1433 100681 19
 1434 21200 4
 1435 100719 19
 1436 79530 15
 1437 31818 6
 1438 84864 16
 1439 79575 15
 1440 90202 17
 1441 79605 15
 1442 84928 16
 1443 95562 18
 1444 74340 14
 1445 5311 1
 1446 100928 19
 1447 31878 6
 1448 90338 17
 1449 21260 4
 1450 21264 4
 1451 15951 3
 1452 5318 1
 1453 58509 11
 1454 85120 16
 1455 95778 18
 1456 47898 9
 1457 42584 8
 1458 21296 4
 1459 47925 9
 1460 42608 8
 1461 95886 18
 1462 5328 1
 1463 74606 14
 1464 42640 8
 1465 90627 17
 1466 31992 6
 1467 106660 20
 1468 21336 4
 1469 16005 3
 1470 32016 6
 1471 101403 19
 1472 80070 15
 1473 64068 12
 1474 48060 9
 1475 64092 12
 1476 85472 16
 1477 37401 7
 1478 48096 9
 1479 16035 3
 1480 32076 6
 1481 48123 9
 1482 32088 6
 1483 21396 4
 1484 90950 17
 1485 69563 13
 1486 21408 4
 1487 96354 18
 1488 16062 3
 1489 48195 9
 1490 5356 1
 1491 10714 2
 1492 37506 7
 1493 85744 16
 1494 10720 2
 1495 107220 20
 1496 26810 5
 1497 10726 2
 1498 48276 9
 1499 59015 11
 1500 48294 9
 1501 80505 15
 1502 21472 4
 1503 48321 9
 1504 85920 16
 1505 48339 9
 1506 80580 15
 1507 59103 11
 1508 85984 16
 1509 86000 16
 1510 80640 15
 1511 64524 12
 1512 43024 8
 1513 37653 7
 1514 91460 17
 1515 21524 4
 1516 75348 14
 1517 21532 4
 1518 21536 4
 1519 5385 1
 1520 21544 4
 1521 32322 6
 1522 43104 8
 1523 107780 20
 1524 91630 17
 1525 64692 12
 1526 107840 20
 1527 97074 18
 1528 21576 4
 1529 107900 20
 1530 75544 14
 1531 97146 18
 1532 32388 6
 1533 70187 13
 1534 86400 16
 1535 59411 11
 1536 91834 17
 1537 70239 13
 1538 64848 12
 1539 5405 1
 1540 27030 5
 1541 70291 13
 1542 27040 5
 1543 21636 4
 1544 59510 11
 1545 32466 6
 1546 102828 19
 1547 97434 18
 1548 92038 17
 1549 75810 14
 1550 81240 15
 1551 102923 19
 1552 108360 20
 1553 10838 2
 1554 43360 8
 1555 10842 2
 1556 16266 3
 1557 48807 9
 1558 81360 15
 1559 27125 5
 1560 97668 18
 1561 59697 11
 1562 37996 7
 1563 38003 7
 1564 103170 19
 1565 103189 19
 1566 16296 3
 1567 92361 17
 1568 16302 3
 1569 70655 13
 1570 38052 7
 1571 76118 14
 1572 108760 20
 1573 81585 15
 1574 81600 15
 1575 21764 4
 1576 38094 7
 1577 97974 18
 1578 70772 13
 1579 43560 8
 1580 16338 3
 1581 70811 13
 1582 76272 14
 1583 76286 14
 1584 27250 5
 1585 38157 7
 1586 21808 4
 1587 43624 8
 1588 32724 6
 1589 38185 7
 1590 87296 16
 1591 10914 2
 1592 109160 20
 1593 87344 16
 1594 103740 19
 1595 21844 4
 1596 43696 8
 1597 54630 10
 1598 109280 20
 1599 5465 1
 1600 49194 9
 1601 16401 3
 1602 71084 13
 1603 27345 5
 1604 32820 6
 1605 87536 16
 1606 82080 15
 1607 65676 12
 1608 49266 9
 1609 65700 12
 1610 87616 16
 1611 38339 7
 1612 16434 3
 1613 71227 13
 1614 71240 13
 1615 5481 1
 1616 104158 19
 1617 65796 12
 1618 38388 7
 1619 109700 20
 1620 10972 2
 1621 87792 16
 1622 10976 2
 1623 21956 4
 1624 71370 13
 1625 60401 11
 1626 109840 20
 1627 16479 3
 1628 71422 13
 1629 16485 3
 1630 54960 10
 1631 109940 20
 1632 60478 11
 1633 104481 19
 1634 104500 19
 1635 16503 3
 1636 88032 16
 1637 66036 12
 1638 60544 11
 1639 104595 19
 1640 16518 3
 1641 5507 1
 1642 93636 17
 1643 93653 17
 1644 38570 7
 1645 44088 8
 1646 16536 3
 1647 16539 3
 1648 44112 8
 1649 66180 12
 1650 22064 4
 1651 88272 16
 1652 27590 5
 1653 16557 3
 1654 82800 15
 1655 5521 1
 1656 5522 1
 1657 55230 10
 1658 38668 7
 1659 60775 11
 1660 110520 20
 1661 55270 10
 1662 93976 17
 1663 38703 7
 1664 5530 1
 1665 5531 1
 1666 99576 18
 1667 110660 20
 1668 22136 4
 1669 83025 15
 1670 44288 8
 1671 49833 9
 1672 49842 9
 1673 22156 4
 1674 27700 5
 1675 55410 10
 1676 77588 14
 1677 44344 8
 1678 105336 19
 1679 88720 16
 1680 72098 13
 1681 38829 7
 1682 88768 16
 1683 88784 16
 1684 88800 16
 1685 105469 19
 1686 77728 14
 1687 77742 14
 1688 72202 13
 1689 44440 8
 1690 72228 13
 1691 72241 13
 1692 88928 16
 1693 55590 10
 1694 16680 3
 1695 33366 6
 1696 66744 12
 1697 66756 12
 1698 16692 3
 1699 94605 17
 1700 94622 17
 1701 44536 8
 1702 11136 2
 1703 94673 17
 1704 66840 12
 1705 44568 8
 1706 111440 20
 1707 89168 16
 1708 105906 19
 1709 44600 8
 1710 78064 14
 1711 72501 13
 1712 89248 16
 1713 89264 16
 1714 61380 11
 1715 27905 5
 1716 61402 11
 1717 50247 9
 1718 50256 9
 1719 72605 13
 1720 16758 3
 1721 22348 4
 1722 16764 3
 1723 33534 6
 1724 39130 7
 1725 39137 7
 1726 72696 13
 1727 72709 13
 1728 44752 8
 1729 44760 8
 1730 89536 16
 1731 50373 9
 1732 67176 12
 1733 72787 13
 1734 95200 17
 1735 67212 12
 1736 5602 1
 1737 50427 9
 1738 33624 6
 1739 61655 11
 1740 56060 10
 1741 5607 1
 1742 72904 13
 1743 56090 10
 1744 112200 20
 1745 16833 3
 1746 95404 17
 1747 28065 5
 1748 11228 2
 1749 39305 7
 1750 84240 15
 1751 84255 15
 1752 50562 9
 1753 106761 19
 1754 61820 11
 1755 95557 17
 1756 101196 18
 1757 73099 13
 1758 78736 14
 1759 45000 8
 1760 67512 12
 1761 90032 16
 1762 73164 13
 1763 33774 6
 1764 33780 6
 1765 67572 12
 1766 28160 5
 1767 16899 3
 1768 16902 3
 1769 11270 2
 1770 95812 17
 1771 16911 3
 1772 22552 4
 1773 56390 10
 1774 22560 4
 1775 45128 8
 1776 62062 11
 1777 56430 10
 1778 62084 11
 1779 22580 4
 1780 84690 15
 1781 79058 14
 1782 16944 3
 1783 107331 19
 1784 84750 15
 1785 16953 3
 1786 101736 18
 1787 39571 7
 1788 79156 14
 1789 45240 8
 1790 67872 12
 1791 45256 8
 1792 101844 18
 1793 22636 4
 1794 56600 10
 1795 22644 4
 1796 101916 18
 1797 113260 20
 1798 45312 8
 1799 39655 7
 1800 73658 13
 1801 90672 16
 1802 28340 5
 1803 102042 18
 1804 34020 6
 1805 102078 18
 1806 85080 15
 1807 102114 18
 1808 22696 4
 1809 34050 6
 1810 90816 16
 1811 39739 7
 1812 102204 18
 1813 56790 10
 1814 113600 20
 1815 73853 13
 1816 102276 18
 1817 56830 10
 1818 73892 13
 1819 85275 15
 1820 62546 11
 1821 56870 10
 1822 62568 11
 1823 22756 4
 1824 102420 18
 1825 28455 5
 1826 91072 16
 1827 5693 1
 1828 22776 4
 1829 51255 9
 1830 39872 7
 1831 39879 7
 1832 62678 11
 1833 28495 5
 1834 108300 19
 1835 34206 6
 1836 62722 11
 1837 45624 8
 1838 114080 20
 1839 79870 14
 1840 51354 9
 1841 17121 3
 1842 22832 4
 1843 17127 3
 1844 108490 19
 1845 45688 8
 1846 34272 6
 1847 108547 19
 1848 39998 7
 1849 57150 10
 1850 40012 7
 1851 108623 19
 1852 62898 11
 1853 28595 5
 1854 40040 7
 1855 91536 16
 1856 68664 12
 1857 68676 12
 1858 74412 13
 1859 17175 3
 1860 22904 4
 1861 28635 5
 1862 51552 9
 1863 85935 15
 1864 51570 9
 1865 97427 17
 1866 114640 20
 1867 17199 3
 1868 22936 4
 1869 97495 17
 1870 114720 20
 1871 5737 1
 1872 57380 10
 1873 28695 5
 1874 51660 9
 1875 103338 18
 1876 51678 9
 1877 109117 19
 1878 63184 11
 1879 22980 4
 1880 68952 12
 1881 5747 1
 1882 103464 18
 1883 91984 16
 1884 28750 5
 1885 23004 4
 1886 28760 5
 1887 57530 10
 1888 92064 16
 1889 103590 18
 1890 80584 14
 1891 86355 15
 1892 40306 7
 1893 86385 15
 1894 57600 10
 1895 69132 12
 1896 63382 11
 1897 5763 1
 1898 74932 13
 1899 63415 11
 1900 80724 14
 1901 86505 15
 1902 115360 20
 1903 69228 12
 1904 40390 7
 1905 109649 19
 1906 63492 11
 1907 40411 7
 1908 11548 2
 1909 34650 6
 1910 23104 4
 1911 75101 13
 1912 46224 8
 1913 57790 10
 1914 69360 12
 1915 69372 12
 1916 11564 2
 1917 86745 15
 1918 46272 8
 1919 69420 12
 1920 52074 9
 1921 34722 6
 1922 46304 8
 1923 109991 19
 1924 28950 5
 1925 40537 7
 1926 92672 16
 1927 57930 10
 1928 5794 1
 1929 86925 15
 1930 57960 10
 1931 86955 15
 1932 81172 14
 1933 81186 14
 1934 63800 11
 1935 58010 10
 1936 110238 19
 1937 17409 3
 1938 58040 10
 1939 92880 16
 1940 29030 5
 1941 17421 3
 1942 29040 5
 1943 87135 15
 1944 29050 5
 1945 5811 1
 1946 40684 7
 1947 116260 20
 1948 75582 13
 1949 110485 19
 1950 98872 17
 1951 46536 8
 1952 46544 8
 1953 75647 13
 1954 98940 17
 1955 17463 3
 1956 5822 1
 1957 93168 16
 1958 40768 7
 1959 23300 4
 1960 46608 8
 1961 23308 4
 1962 110732 19
 1963 17487 3
 1964 69960 12
 1965 81634 14
 1966 34992 6
 1967 64163 11
 1968 81676 14
 1969 81690 14
 1970 5836 1
 1971 52533 9
 1972 11676 2
 1973 5839 1
 1974 35040 6
 1975 93456 16
 1976 52578 9
 1977 99331 17
 1978 116880 20
 1979 58450 10
 1980 111074 19
 1981 111093 19
 1982 70176 12
 1983 70188 12
 1984 40950 7
 1985 87765 15
 1986 76076 13
 1987 58530 10
 1988 29270 5
 1989 111245 19
 1990 46848 8
 1991 35142 6
 1992 117160 20
 1993 35154 6
 1994 93760 16
 1995 64471 11
 1996 99654 17
 1997 93808 16
 1998 11728 2
 1999 82110 14
 2000 87990 15
 2001 93872 16
 2002 64548 11
 2003 5869 1
 2004 46960 8
 2005 111549 19
 2006 105696 18
 2007 5873 1
 2008 5874 1
 2009 58750 10
 2010 5876 1
 2011 35262 6
 2012 64658 11
 2013 82306 14
 2014 105840 18
 2015 111739 19
 2016 52938 9
 2017 58830 10
 2018 88260 15
 2019 100045 17
 2020 105948 18
 2021 5887 1
 2022 11776 2
 2023 35334 6
 2024 35340 6
 2025 17673 3
 2026 82488 14
 2027 41251 7
 2028 76622 13
 2029 35370 6
 2030 106128 18
 2031 11794 2
 2032 76674 13
 2033 88485 15
 2034 11800 2
 2035 41307 7
 2036 47216 8
 2037 35418 6
 2038 70848 12
 2039 35430 6
 2040 100402 17
 2041 53163 9
 2042 118160 20
 2043 112271 19
 2044 17730 3
 2045 17733 3
 2046 76856 13
 2047 59130 10
 2048 70968 12
 2049 65065 11
 2050 5916 1
 2051 88755 15
 2052 71016 12
 2053 76947 13
 2054 76960 13
 2055 112499 19
 2056 59220 10
 2057 82922 14
 2058 23696 4
 2059 100725 17
 2060 65186 11
 2061 106686 18
 2062 77064 13
 2063 83006 14
 2064 53370 9
 2065 47448 8
 2066 5932 1
 2067 100861 17
 2068 35604 6
 2069 35610 6
 2070 59360 10
 2071 41559 7
 2072 23752 4
 2073 59390 10
 2074 95040 16
 2075 71292 12
 2076 71304 12
 2077 53487 9
 2078 53496 9
 2079 107010 18
 2080 59460 10
 2081 95152 16
 2082 59480 10
 2083 77337 13
 2084 83300 14
 2085 101167 17
 2086 53568 9
 2087 35718 6
 2088 29770 5
 2089 17865 3
 2090 113164 19
 2091 113183 19
 2092 17874 3
 2093 65549 11
 2094 83440 14
 2095 107298 18
 2096 89430 15
 2097 107334 18
 2098 23856 4
 2099 95440 16
 2100 107388 18
 2101 77571 13
 2102 119360 20
 2103 83566 14
 2104 101490 17
 2105 17913 3
 2106 113468 19
 2107 107514 18
 2108 41818 7
 2109 101575 17
 2110 107568 18
 2111 29885 5
 2112 77714 13
 2113 83706 14
 2114 89700 15
 2115 95696 16
 2116 113658 19
 2117 35898 6
 2118 11968 2
 2119 101745 17
 2120 59860 10
 2121 23948 4
 2122 77844 13
 2123 65879 11
 2124 101830 17
 2125 47928 8
 2126 77896 13
 2127 59930 10
 2128 65934 11
 2129 41965 7
 2130 35976 6
 2131 17991 3
 2132 65978 11
 2133 59990 10
 2134 6000 1
 2135 24004 4
 2136 30010 5
 2137 6003 1
 2138 96064 16
 2139 42035 7
 2140 30030 5
 2141 78091 13
 2142 120160 20
 2143 90135 15
 2144 24040 4
 2145 18033 3
 2146 30060 5
 2147 90195 15
 2148 78182 13
 2149 66165 11
 2150 90240 15
 2151 30085 5
 2152 6018 1
 2153 36114 6
 2154 30100 5
 2155 78273 13
 2156 66242 11
 2157 42161 7
 2158 108432 18
 2159 108450 18
 2160 18078 3
 2161 102459 17
 2162 66308 11
 2163 48232 8
 2164 36180 6
 2165 12062 2
 2166 66352 11
 2167 54297 9
 2168 54306 9
 2169 120700 20
 2170 54324 9
 2171 36222 6
 2172 108684 18
 2173 30195 5
 2174 66440 11
 2175 30205 5
 2176 60420 10
 2177 84602 14
 2178 12088 2
 2179 96720 16
 2180 54414 9
 2181 12094 2
 2182 66528 11
 2183 30245 5
 2184 72600 12
 2185 60510 10
 2186 48416 8
 2187 96848 16
 2188 54486 9
 2189 78715 13
 2190 102952 17
 2191 54513 9
 2192 96928 16
 2193 36354 6
 2194 109080 18
 2195 66671 11
 2196 60620 10
 2197 24252 4
 2198 109152 18
 2199 12130 2
 2200 115254 19
 2201 42469 7
 2202 109224 18
 2203 78897 13
 2204 42490 7
 2205 18213 3
 2206 30360 5
 2207 24292 4
 2208 12148 2
 2209 60750 10
 2210 6076 1
 2211 60770 10
 2212 109404 18
 2213 54711 9
 2214 36480 6
 2215 48648 8
 2216 85148 14
 2217 42581 7
 2218 66924 11
 2219 66935 11
 2220 24344 4
 2221 6087 1
 2222 91320 15
 2223 36534 6
 2224 12180 2
 2225 103547 17
 2226 97472 16
 2227 60930 10
 2228 6094 1
 2229 91425 15
 2230 54864 9
 2231 30485 5
 2232 30490 5
 2233 54891 9
 2234 18300 3
 2235 73212 12
 2236 42714 7
 2237 115957 19
 2238 67144 11
 2239 36630 6
 2240 122120 20
 2241 91605 15
 2242 122160 20
 2243 79417 13
 2244 6110 1
 2245 61110 10
 2246 48896 8
 2247 6113 1
 2248 73368 12
 2249 48920 8
 2250 12232 2
 2251 55053 9
 2252 79534 13
 2253 48952 8
 2254 110160 18
 2255 48968 8
 2256 55098 9
 2257 110214 18
 2258 18372 3
 2259 67375 11
 2260 110268 18
 2261 91905 15
 2262 104176 17
 2263 49032 8
 2264 91950 15
 2265 42917 7
 2266 91980 15
 2267 122660 20
 2268 110412 18
 2269 12270 2
 2270 85904 14
 2271 18411 3
 2272 42966 7
 2273 49112 8
 2274 85960 14
 2275 12282 2
 2276 49136 8
 2277 18429 3
 2278 67584 11
 2279 61450 10
 2280 43022 7
 2281 61470 10
 2282 12296 2
 2283 55341 9
 2284 73800 12
 2285 12302 2
 2286 30760 5
 2287 49224 8
 2288 36924 6
 2289 55395 9
 2290 104652 17
 2291 49256 8
 2292 73896 12
 2293 36954 6
 2294 117040 19
 2295 6161 1
 2296 6162 1
 2297 117097 19
 2298 49312 8
 2299 73980 12
 2300 55494 9
 2301 55503 9
 2302 18504 3
 2303 61690 10
 2304 111060 18
 2305 55539 9
 2306 12344 2
 2307 12346 2
 2308 55566 9
 2309 18525 3
 2310 6176 1
 2311 55593 9
 2312 61780 10
 2313 86506 14
 2314 61800 10
 2315 43267 7
 2316 43274 7
 2317 86562 14
 2318 105128 17
 2319 68035 11
 2320 74232 12
 2321 37122 6
 2322 6188 1
 2323 55701 9
 2324 92850 15
 2325 68101 11
 2326 37152 6
 2327 68123 11
 2328 68134 11
 2329 55755 9
 2330 74352 12
 2331 43379 7
 2332 49584 8
 2333 12398 2
 2334 74400 12
 2335 24804 4
 2336 43414 7
 2337 124060 20
 2338 117876 19
 2339 105485 17
 2340 117914 19
 2341 117933 19
 2342 124160 20
 2343 43463 7
 2344 124200 20
 2345 74532 12
 2346 118028 19
 2347 18639 3
 2348 74568 12
 2349 93225 15
 2350 62160 10
 2351 124340 20
 2352 87052 14
 2353 74628 12
 2354 80860 13
 2355 24884 4
 2356 87108 14
 2357 31115 5
 2358 49792 8
 2359 87150 14
 2360 105842 17
 2361 24908 4
 2362 118332 19
 2363 56061 9
 2364 43610 7
 2365 37386 6
 2366 43624 7
 2367 74796 12
 2368 12468 2
 2369 112230 18
 2370 74832 12
 2371 31185 5
 2372 93570 15
 2373 6239 1
 2374 56160 9
 2375 56169 9
 2376 93630 15
 2377 68673 11
 2378 49952 8
 2379 31225 5
 2380 37476 6
 2381 87458 14
 2382 93720 15
 2383 62490 10
 2384 68750 11
 2385 43757 7
 2386 50016 8
 2387 112554 18
 2388 62540 10
 2389 56295 9
 2390 75072 12
 2391 50056 8
 2392 25032 4
 2393 12518 2
 2394 87640 14
 2395 62610 10
 2396 18786 3
 2397 56367 9
 2398 18792 3
 2399 93975 15
 2400 62660 10
 2401 100272 16
 2402 18804 3
 2403 106573 17
 2404 43890 7
 2405 75252 12
 2406 50176 8
 2407 12546 2
 2408 100384 16
 2409 69025 11
 2410 12552 2
 2411 119263 19
 2412 6278 1
 2413 94185 15
 2414 113040 18
 2415 87934 14
 2416 37692 6
 2417 87962 14
 2418 6284 1
 2419 62850 10
 2420 56574 9
 2421 125740 20
 2422 88032 14
 2423 119491 19
 2424 50320 8
 2425 37746 6
 2426 56628 9
 2427 125860 20
 2428 18882 3
 2429 56655 9
 2430 107032 17
 2431 94455 15
 2432 100768 16
 2433 25196 4
 2434 81900 13
 2435 56709 9
 2436 75624 12
 2437 56727 9
 2438 6304 1
 2439 12610 2
 2440 12612 2
 2441 94605 15
 2442 88312 14
 2443 50472 8
 2444 18930 3
 2445 100976 16
 2446 113616 18
 2447 63130 10
 2448 50512 8
 2449 82095 13
 2450 82108 13
 2451 63170 10
 2452 113724 18
 2453 120061 19
 2454 50560 8
 2455 82173 13
 2456 88508 14
 2457 126460 20
 2458 82212 13
 2459 6325 1
 2460 126520 20
 2461 50616 8
 2462 88592 14
 2463 94935 15
 2464 6330 1
 2465 94965 15
 2466 12664 2
 2467 6333 1
 2468 31670 5
 2469 76020 12
 2470 31680 5
 2471 63370 10
 2472 101408 16
 2473 114102 18
 2474 69740 11
 2475 6341 1
 2476 76104 12
 2477 44401 7
 2478 50752 8
 2479 76140 12
 2480 88844 14
 2481 82511 13
 2482 82524 13
 2483 25396 4
 2484 76200 12
 2485 69861 11
 2486 25408 4
 2487 76236 12
 2488 57186 9
 2489 95325 15
 2490 50848 8
 2491 44499 7
 2492 6358 1
 2493 6359 1
 2494 57240 9
 2495 69971 11
 2496 63620 10
 2497 69993 11
 2498 6364 1
 2499 25460 4
 2500 44562 7
 2501 6367 1
 2502 6368 1
 2503 82797 13
 2504 31850 5
 2505 12742 2
 2506 19116 3
 2507 44611 7
 2508 127480 20
 2509 102000 16
 2510 44632 7
 2511 108409 17
 2512 19134 3
 2513 76548 12
 2514 25520 4
 2515 12762 2
 2516 31910 5
 2517 44681 7
 2518 6384 1
 2519 12770 2
 2520 70246 11
 2521 127740 20
 2522 127760 20
 2523 108613 17
 2524 6390 1
 2525 89474 14
 2526 89488 14
 2527 70323 11
 2528 127880 20
 2529 12790 2
 2530 12792 2
 2531 6397 1
 2532 89572 14
 2533 38394 6
 2534 19200 3
 2535 44807 7
 2536 121638 19
 2537 44821 7
 2538 76848 12
 2539 115290 18
 2540 64060 10
 2541 108919 17
 2542 102528 16
 2543 128180 20
 2544 76920 12
 2545 44877 7
 2546 6412 1
 2547 128260 20
 2548 109038 17
 2549 25660 4
 2550 38496 6
 2551 64170 10
 2552 64180 10
 2553 109123 17
 2554 96300 15
 2555 57789 9
 2556 57798 9
 2557 19269 3
 2558 96360 15
 2559 102800 16
 2560 51408 8
 2561 83551 13
 2562 96420 15
 2563 38574 6
 2564 102880 16
 2565 96465 15
 2566 115776 18
 2567 70763 11
 2568 109378 17
 2569 25740 4
 2570 57924 9
 2571 102992 16
 2572 32190 5
 2573 25756 4
 2574 6440 1
 2575 19323 3
 2576 38652 6
 2577 122417 19
 2578 77328 12
 2579 122455 19
 2580 64460 10
 2581 70917 11
 2582 12896 2
 2583 96735 15
 2584 83850 13
 2585 77412 12
 2586 64520 10
 2587 129060 20
 2588 38724 6
 2589 12910 2
 2590 129120 20
 2591 90398 14
 2592 32290 5
 2593 32295 5
 2594 38760 6
 2595 45227 7
 2596 71082 11
 2597 64630 10
 2598 71104 11
 2599 38790 6
 2600 90524 14
 2601 97005 15
 2602 122892 19
 2603 97035 15
 2604 38820 6
 2605 32355 5
 2606 64720 10
 2607 51784 8
 2608 19422 3
 2609 38850 6
 2610 110092 17
 2611 58293 9
 2612 97170 15
 2613 103664 16
 2614 64800 10
 2615 71291 11
 2616 64820 10
 2617 19449 3
 2618 12968 2
 2619 51880 8
 2620 123234 19
 2621 110279 17
 2622 64880 10
 2623 116802 18
 2624 32450 5
 2625 32455 5
 2626 103872 16
 2627 38958 6
 2628 38964 6
 2629 110415 17
 2630 25984 4
 2631 116946 18
 2632 12996 2
 2633 12998 2
 2634 130000 20
 2635 78012 12
 2636 123538 19
 2637 45521 7
 2638 19512 3
 2639 26020 4
 2640 110602 17
 2641 32535 5
 2642 65080 10
 2643 52072 8
 2644 45570 7
 2645 45577 7
 2646 13024 2
 2647 26052 4
 2648 97710 15
 2649 110755 17
 2650 104256 16
 2651 117306 18
 2652 39108 6
 2653 110823 17
 2654 52160 8
 2655 45647 7
 2656 84786 13
 2657 84799 13
 2658 45668 7
 2659 110925 17
 2660 123994 19
 2661 110959 17
 2662 91392 14
 2663 97935 15
 2664 19590 3
 2665 26124 4
 2666 65320 10
 2667 111061 17
 2668 39204 6
 2669 45745 7
 2670 117648 18
 2671 6537 1
 2672 65380 10
 2673 98085 15
 2674 78480 12
 2675 91574 14
 2676 26168 4
 2677 26172 4
 2678 13088 2
 2679 65450 10
 2680 98190 15
 2681 6547 1
 2682 130960 20
 2683 130980 20
 2684 104800 16
 2685 39306 6
 2686 124488 19
 2687 19659 3
 2688 98310 15
 2689 52440 8
 2690 91784 14
 2691 65570 10
 2692 39348 6
 2693 32795 5
 2694 32800 5
 2695 59049 9
 2696 65620 10
 2697 105008 16
 2698 105024 16
 2699 111605 17
 2700 26264 4
 2701 78804 12
 2702 26272 4
 2703 45983 7
 2704 65700 10
 2705 19713 3
 2706 124868 19
 2707 52584 8
 2708 46018 7
 2709 118350 18
 2710 65760 10
 2711 13154 2
 2712 118404 18
 2713 131580 20
 2714 98700 15
 2715 125039 19
 2716 92148 14
 2717 78996 12
 2718 72424 11
 2719 79020 12
 2720 13172 2
 2721 92218 14
 2722 39528 6
 2723 13178 2
 2724 105440 16
 2725 98865 15
 2726 125248 19
 2727 39558 6
 2728 32970 5
 2729 79140 12
 2730 59364 9
 2731 112149 17
 2732 39588 6
 2733 32995 5
 2734 13200 2
 2735 112217 17
 2736 26408 4
 2737 33015 5
 2738 33020 5
 2739 66050 10
 2740 59454 9
 2741 118926 18
 2742 132160 20
 2743 46263 7
 2744 6610 1
 2745 72721 11
 2746 52896 8
 2747 33065 5
 2748 125666 19
 2749 6615 1
 2750 6616 1
 2751 66170 10
 2752 79416 12
 2753 6619 1
 2754 19860 3
 2755 112557 17
 2756 79464 12
 2757 52984 8
 2758 19872 3
 2759 79500 12
 2760 112642 17
 2761 6627 1
 2762 66280 10
 2763 33145 5
 2764 119340 18
 2765 66310 10
 2766 53056 8
 2767 33165 5
 2768 119412 18
 2769 92890 14
 2770 106176 16
 2771 106192 16
 2772 73018 11
 2773 132780 20
 2774 132800 20
 2775 106256 16
 2776 112914 17
 2777 106288 16
 2778 6644 1
 2779 119610 18
 2780 112982 17
 2781 112999 17
 2782 66480 10
 2783 106384 16
 2784 106400 16
 2785 106416 16
 2786 19956 3
 2787 126407 19
 2788 133080 20
 2789 19965 3
 2790 106496 16
 2791 39942 6
 2792 39948 6
 2793 6659 1
 2794 26640 4
 2795 19983 3
 2796 99930 15
 2797 13326 2
 2798 79968 12
 2799 119970 18
 2800 39996 6
 2801 100005 15
 2802 120024 18
 2803 93366 14
 2804 40020 6
 2805 33355 5
 2806 26688 4
 2807 80076 12
 2808 106784 16
 2809 6675 1
 2810 66760 10
 2811 113509 17
 2812 93492 14
 2813 13358 2
 2814 93520 14
 2815 33405 5
 2816 93548 14
 2817 6683 1
 2818 46788 7
 2819 60165 9
 2820 66860 10
 2821 100305 15
 2822 33440 5
 2823 127091 19
 2824 133800 20
 2825 60219 9
 2826 120456 18
 2827 133860 20
 2828 107104 16
 2829 133900 20
 2830 100440 15
 2831 133940 20
 2832 80376 12
 2833 120582 18
 2834 46900 7
 2835 107216 16
 2836 13404 2
 2837 20109 3
 2838 87152 13
 2839 6705 1
 2840 80472 12
 2841 100605 15
 2842 73788 11
 2843 46963 7
 2844 87230 13
 2845 80532 12
 2846 134240 20
 2847 93982 14
 2848 53712 8
 2849 127585 19
 2850 6716 1
 2851 127623 19
 2852 87334 13
 2853 73909 11
 2854 107520 16
 2855 107536 16
 2856 94108 14
 2857 100845 15
 2858 60516 9
 2859 13450 2
 2860 26904 4
 2861 13454 2
 2862 33640 5
 2863 134580 20
 2864 121140 18
 2865 13462 2
 2866 53856 8
 2867 6733 1
 2868 74074 11
 2869 60615 9
 2870 134720 20
 2871 121266 18
 2872 40428 6
 2873 67390 10
 2874 128060 19
 2875 60669 9
 2876 134840 20
 2877 13486 2
 2878 20232 3
 2879 20235 3
 2880 128174 19
 2881 60723 9
 2882 6748 1
 2883 20247 3
 2884 40500 6
 2885 135020 20
 2886 108032 16
 2887 13506 2
 2888 87802 13
 2889 6755 1
 2890 47292 7
 2891 47299 7
 2892 60822 9
 2893 54072 8
 2894 54080 8
 2895 108176 16
 2896 81144 12
 2897 13526 2
 2898 94696 14
 2899 94710 14
 2900 13532 2
 2901 128573 19
 2902 13536 2
 2903 128611 19
 2904 108320 16
 2905 94794 14
 2906 6772 1
 2907 88049 13
 2908 88062 13
 2909 115175 17
 2910 60984 9
 2911 54216 8
 2912 81336 12
 2913 33895 5
 2914 81360 12
 2915 128839 19
 2916 6782 1
 2917 67830 10
 2918 122112 18
 2919 54280 8
 2920 101790 15
 2921 74657 11
 2922 135760 20
 2923 61101 9
 2924 88270 13
 2925 27164 4
 2926 40752 6
 2927 115481 17
 2928 88322 13
 2929 135900 20
 2930 74756 11
 2931 135940 20
 2932 88374 13
 2933 6799 1
 2934 6800 1
 2935 115617 17
 2936 95228 14
 2937 102045 15
 2938 61236 9
 2939 88465 13
 2940 61254 9
 2941 74877 11
 2942 61272 9
 2943 20427 3
 2944 122580 18
 2945 34055 5
 2946 136240 20
 2947 54504 8
 2948 95396 14
 2949 13630 2
 2950 6816 1
 2951 54536 8
 2952 74998 11
 2953 109104 16
 2954 34100 5
 2955 81852 12
 2956 47754 7
 2957 61407 9
 2958 20472 3
 2959 136500 20
 2960 95564 14
 2961 136540 20
 2962 34140 5
 2963 116093 17
 2964 47810 7
 2965 102465 15
 2966 136640 20
 2967 40998 6
 2968 20502 3
 2969 27340 4
 2970 116212 17
 2971 34185 5
 2972 82056 12
 2973 95746 14
 2974 95760 14
 2975 54728 8
 2976 88946 13
 2977 54744 8
 2978 27376 4
 2979 27380 4
 2980 27384 4
 2981 130093 19
 2982 41088 6
 2983 123282 18
 2984 34250 5
 2985 27404 4
 2986 109632 16
 2987 123354 18
 2988 95956 14
 2989 116535 17
 2990 34280 5
 2991 82284 12
 2992 96012 14
 2993 54872 8
 2994 41160 6
 2995 68610 10
 2996 96068 14
 2997 13726 2
 2998 123552 18
 2999 27460 4
 3000 68660 10
 3001 130473 19
 3002 27472 4
 3003 103035 15
 3004 27480 4
 3005 27484 4
 3006 130568 19
 3007 34365 5
 3008 20622 3
 3009 116875 17
 3010 13752 2
 3011 96278 14
 3012 130682 19
 3013 34395 5
 3014 130720 19
 3015 20643 3
 3016 48174 7
 3017 123894 18
 3018 75724 11
 3019 55080 8
 3020 82632 12
 3021 20661 3
 3022 13776 2
 3023 89557 13
 3024 75790 11
 3025 89583 13
 3026 130948 19
 3027 82716 12
 3028 48258 7
 3029 68950 10
 3030 6896 1
 3031 96558 14
 3032 82776 12
 3033 62091 9
 3034 96600 14
 3035 55208 8
 3036 103530 15
 3037 82836 12
 3038 138080 20
 3039 27620 4
 3040 69060 10
 3041 48349 7
 3042 62172 9
 3043 13818 2
 3044 138200 20
 3045 96754 14
 3046 55296 8
 3047 76043 11
 3048 76054 11
 3049 89895 13
 3050 6916 1
 3051 138340 20
 3052 34590 5
 3053 27676 4
 3054 83040 12
 3055 41526 6
 3056 34610 5
 3057 48461 7
 3058 96936 14
 3059 69250 10
 3060 62334 9
 3061 41562 6
 3062 83136 12
 3063 103935 15
 3064 97020 14
 3065 41586 6
 3066 27728 4
 3067 90129 13
 3068 48538 7
 3069 138700 20
 3070 138720 20
 3071 6937 1
 3072 27752 4
 3073 138780 20
 3074 131860 19
 3075 97174 14
 3076 124956 18
 3077 27772 4
 3078 34720 5
 3079 6945 1
 3080 62514 9
 3081 27788 4
 3082 6948 1
 3083 125082 18
 3084 76450 11
 3085 97314 14
 3086 34760 5
 3087 139060 20
 3088 132126 19
 3089 6955 1
 3090 13912 2
 3091 139140 20
 3092 118286 17
 3093 20877 3
 3094 90480 13
 3095 97454 14
 3096 48734 7
 3097 55704 8
 3098 27856 4
 3099 62685 9
 3100 69660 10
 3101 118439 17
 3102 34840 5
 3103 76659 11
 3104 48790 7
 3105 83652 12
 3106 48804 7
 3107 104595 15
 3108 69740 10
 3109 20925 3
 3110 69760 10
 3111 90701 13
 3112 55824 8
 3113 139580 20
 3114 62820 9
 3115 111696 16
 3116 104730 15
 3117 83796 12
 3118 20952 3
 3119 13970 2
 3120 27944 4
 3121 62883 9
 3122 97832 14
 3123 118813 17
 3124 6990 1
 3125 76901 11
 3126 139840 20
 3127 132867 19
 3128 97916 14
 3129 62955 9
 3130 62964 9
 3131 6997 1
 3132 27992 4
 3133 20997 3
 3134 56000 8
 3135 35005 5
 3136 70020 10
 3137 119051 17
 3138 70040 10
 3139 126090 18
 3140 14012 2
 3141 133133 19
 3142 42048 6
 3143 119153 17
 3144 28040 4
 3145 28044 4
 3146 21036 3
 3147 112208 16
 3148 105210 15
 3149 70150 10
 3150 140320 20
 3151 105255 15
 3152 112288 16
 3153 77209 11
 3154 84240 12
 3155 14042 2
 3156 42132 6
 3157 28092 4
 3158 133456 19
 3159 105375 15
 3160 133494 19
 3161 7027 1
 3162 49196 7
 3163 119493 17
 3164 119510 17
 3165 105465 15
 3166 35160 5
 3167 63297 9
 3168 112544 16
 3169 126630 18
 3170 126648 18
 3171 56296 8
 3172 119646 17
 3173 105585 15
 3174 77440 11
 3175 105615 15
 3176 91546 13
 3177 126774 18
 3178 112704 16
 3179 49315 7
 3180 126828 18
 3181 21141 3
 3182 84576 12
 3183 14098 2
 3184 70500 10
 3185 84612 12
 3186 28208 4
 3187 56424 8
 3188 7054 1
 3189 126990 18
 3190 56448 8
 3191 134083 19
 3192 63522 9
 3193 28236 4
 3194 127080 18
 3195 49427 7
 3196 141240 20
 3197 42378 6
 3198 134216 19
 3199 105975 15
 3200 77726 11
 3201 77737 11
 3202 7068 1
 3203 63621 9
 3204 120190 17
 3205 106065 15
 3206 113152 16
 3207 113168 16
 3208 127332 18
 3209 70750 10
 3210 56608 8
 3211 70770 10
 3212 21234 3
 3213 42474 6
 3214 77880 11
 3215 106215 15
 3216 106230 15
 3217 141660 20
 3218 42504 6
 3219 14170 2
 3220 92118 13
 3221 70870 10
 3222 92144 13
 3223 35445 5
 3224 134710 19
 3225 120547 17
 3226 14184 2
 3227 49651 7
 3228 134786 19
 3229 49665 7
 3230 120632 17
 3231 106455 15
 3232 35490 5
 3233 106485 15
 3234 78100 11
 3235 14202 2
 3236 106530 15
 3237 7103 1
 3238 49728 7
 3239 113680 16
 3240 56848 8
 3241 99498 14
 3242 99512 14
 3243 56872 8
 3244 92430 13
 3245 85332 12
 3246 106680 15
 3247 14226 2
 3248 49798 7
 3249 85380 12
 3250 71160 10
 3251 78287 11
 3252 135242 19
 3253 49833 7
 3254 99680 14
 3255 35605 5
 3256 49854 7
 3257 121091 17
 3258 14248 2
 3259 85500 12
 3260 14252 2
 3261 64143 9
 3262 21384 3
 3263 49903 7
 3264 92690 13
 3265 106965 15
 3266 57056 8
 3267 42798 6
 3268 7134 1
 3269 21405 3
 3270 7136 1
 3271 78507 11
 3272 128484 18
 3273 128502 18
 3274 85680 12
 3275 78551 11
 3276 92846 13
 3277 57144 8
 3278 42864 6
 3279 135755 19
 3280 121482 17
 3281 121499 17
 3282 100072 14
 3283 121533 17
 3284 100100 14
 3285 50057 7
 3286 71520 10
 3287 50071 7
 3288 50078 7
 3289 143100 20
 3290 135964 19
 3291 135983 19
 3292 64422 9
 3293 121703 17
 3294 35800 5
 3295 28644 4
 3296 28648 4
 3297 78793 11
 3298 14328 2
 3299 35825 5
 3300 57328 8
 3301 78837 11
 3302 43008 6
 3303 143380 20
 3304 71700 10
 3305 100394 14
 3306 114752 16
 3307 71730 10
 3308 43044 6
 3309 43050 6
 3310 129168 18
 3311 143540 20
 3312 78958 11
 3313 143580 20
 3314 71800 10
 3315 57448 8
 3316 129276 18
 3317 79013 11
 3318 21552 3
 3319 114960 16
 3320 136534 19
 3321 35935 5
 3322 7188 1
 3323 35945 5
 3324 129420 18
 3325 115056 16
 3326 100688 14
 3327 28772 4
 3328 86328 12
 3329 122315 17
 3330 43176 6
 3331 122349 17
 3332 71980 10
 3333 136781 19
 3334 72000 10
 3335 21603 3
 3336 86424 12
 3337 36015 5
 3338 108060 15
 3339 14410 2
 3340 50442 7
 3341 43242 6
 3342 122536 17
 3343 57672 8
 3344 136990 19
 3345 129798 18
 3346 115392 16
 3347 14426 2
 3348 28856 4
 3349 64935 9
 3350 57728 8
 3351 7217 1
 3352 43308 6
 3353 57752 8
 3354 108300 15
 3355 93873 13
 3356 122774 17
 3357 108345 15
 3358 14448 2
 3359 28900 4
 3360 43356 6
 3361 72270 10
 3362 36140 5
 3363 137351 19
 3364 28920 4
 3365 36155 5
 3366 79552 11
 3367 130194 18
 3368 101276 14
 3369 36175 5
 3370 108540 15
 3371 144740 20
 3372 79618 11
 3373 137541 19
 3374 7240 1
 3375 108615 15
 3376 115872 16
 3377 72430 10
 3378 108660 15
 3379 108675 15
 3380 101444 14
 3381 72470 10
 3382 57984 8
 3383 86988 12
 3384 72500 10
 3385 58008 8
 3386 87024 12
 3387 101542 14
 3388 130572 18
 3389 101570 14
 3390 123352 17
 3391 101598 14
 3392 50806 7
 3393 21777 3
 3394 79860 11
 3395 108915 15
 3396 116192 16
 3397 79893 11
 3398 145280 20
 3399 108975 15
 3400 29064 4
 3401 101738 14
 3402 58144 8
 3403 101766 14
 3404 29080 4
 3405 65439 9
 3406 87264 12
 3407 14546 2
 3408 87288 12
 3409 36375 5
 3410 116416 16
 3411 116432 16
 3412 21834 3
 3413 131022 18
 3414 94640 13
 3415 21843 3
 3416 14564 2
 3417 116528 16
 3418 145680 20
 3419 43710 6
 3420 87432 12
 3421 102018 14
 3422 43728 6
 3423 7289 1
 3424 102060 14
 3425 65619 9
 3426 72920 10
 3427 72930 10
 3428 65646 9
 3429 43770 6
 3430 109440 15
 3431 109455 15
 3432 7298 1
 3433 145980 20
 3434 102200 14
 3435 43806 6
 3436 58416 8
 3437 146060 20
 3438 36520 5
 3439 73050 10
 3440 58448 8
 3441 14614 2
 3442 29232 4
 3443 124253 17
 3444 21930 3
 3445 116976 16
 3446 102368 14
 3447 14626 2
 3448 58512 8
 3449 51205 7
 3450 73160 10
 3451 43902 6
 3452 139042 19
 3453 21957 3
 3454 146400 20
 3455 73210 10
 3456 87864 12
 3457 102522 14
 3458 51268 7
 3459 14650 2
 3460 43956 6
 3461 139213 19
 3462 124576 17
 3463 29316 4
 3464 117280 16
 3465 29324 4
 3466 58656 8
 3467 117328 16
 3468 95342 13
 3469 95355 13
 3470 132048 18
 3471 117392 16
 3472 73380 10
 3473 36695 5
 3474 139460 19
 3475 102774 14
 3476 66078 9
 3477 117488 16
 3478 88128 12
 3479 117520 16
 3480 117536 16
 3481 22041 3
 3482 80828 11
 3483 95537 13
 3484 88200 12
 3485 132318 18
 3486 66168 9
 3487 66177 9
 3488 36770 5
 3489 36775 5
 3490 139764 19
 3491 51499 7
 3492 103012 14
 3493 95667 13
 3494 22080 3
 3495 51527 7
 3496 139878 19
 3497 117808 16
 3498 73640 10
 3499 51555 7
 3500 103124 14
 3501 73670 10
 3502 132624 18
 3503 29476 4
 3504 132660 18
 3505 73710 10
 3506 117952 16
 3507 58984 8
 3508 117984 16
 3509 103250 14
 3510 95888 13
 3511 140163 19
 3512 95914 13
 3513 14758 2
 3514 88560 12
 3515 44286 6
 3516 81202 11
 3517 73830 10
 3518 118144 16
 3519 59080 8
 3520 7386 1
 3521 51709 7
 3522 22164 3
 3523 44334 6
 3524 96070 13
 3525 14782 2
 3526 51744 7
 3527 7393 1
 3528 73940 10
 3529 96135 13
 3530 44376 6
 3531 81367 11
 3532 7398 1
 3533 22197 3
 3534 96200 13
 3535 14802 2
 3536 7402 1
 3537 14806 2
 3538 37020 5
 3539 7405 1
 3540 140714 19
 3541 59256 8
 3542 22224 3
 3543 125953 17
 3544 118560 16
 3545 51877 7
 3546 103768 14
 3547 111195 15
 3548 14828 2
 3549 7415 1
 3550 37080 5
 3551 44502 6
 3552 22254 3
 3553 66771 9
 3554 59360 8
 3555 51947 7
 3556 118752 16
 3557 103922 14
 3558 22272 3
 3559 66825 9
 3560 148520 20
 3561 118832 16
 3562 14856 2
 3563 141151 19
 3564 96590 13
 3565 96603 13
 3566 96616 13
 3567 81763 11
 3568 126378 17
 3569 118960 16
 3570 133848 18
 3571 44622 6
 3572 81818 11
 3573 126463 17
 3574 59520 8
 3575 7441 1
 3576 141398 19
 3577 126531 17
 3578 74440 10
 3579 134010 18
 3580 119136 16
 3581 141493 19
 3582 37240 5
 3583 119184 16
 3584 104300 14
 3585 74510 10
 3586 89424 12
 3587 149060 20
 3588 67086 9
 3589 149100 20
 3590 22368 3
 3591 134226 18
 3592 119328 16
 3593 37295 5
 3594 149200 20
 3595 82071 11
 3596 97006 13
 3597 126871 17
 3598 74640 10
 3599 97045 13
 3600 14932 2
 3601 29868 4
 3602 59744 8
 3603 134442 18
 3604 112050 15
 3605 22413 3
 3606 44832 6
 3607 134514 18
 3608 127058 17
 3609 119600 16
 3610 97188 13
 3611 127109 17
 3612 52346 7
 3613 52353 7
 3614 22440 3
 3615 119696 16
 3616 67338 9
 3617 89796 12
 3618 97292 13
 3619 22455 3
 3620 134748 18
 3621 67383 9
 3622 22464 3
 3623 127313 17
 3624 89880 12
 3625 142329 19
 3626 149840 20
 3627 74930 10
 3628 37470 5
 3629 142405 19
 3630 112440 15
 3631 74970 10
 3632 14996 2
 3633 142481 19
 3634 97500 13
 3635 82511 11
 3636 52514 7
 3637 30012 4
 3638 75040 10
 3639 135090 18
 3640 37530 5
 3641 7507 1
 3642 82588 11
 3643 15018 2
 3644 67590 9
 3645 7511 1
 3646 120192 16
 3647 7513 1
 3648 82654 11
 3649 105210 14
 3650 45096 6
 3651 150340 20
 3652 45108 6
 3653 37595 5
 3654 30080 4
 3655 105294 14
 3656 90264 12
 3657 105322 14
 3658 142956 19
 3659 142975 19
 3660 37630 5
 3661 52689 7
 3662 30112 4
 3663 135522 18
 3664 7530 1
 3665 7531 1
 3666 7532 1
 3667 22599 3
 3668 113010 15
 3669 30140 4
 3670 67824 9
 3671 113055 15
 3672 105532 14
 3673 75390 10
 3674 105560 14
 3675 143279 19
 3676 15084 2
 3677 67887 9
 3678 52808 7
 3679 75450 10
 3680 75460 10
 3681 15094 2
 3682 75480 10
 3683 150980 20
 3684 98150 13
 3685 98163 13
 3686 120832 16
 3687 83083 11
 3688 105756 14
 3689 22665 3
 3690 105784 14
 3691 60456 8
 3692 136044 18
 3693 105826 14
 3694 120960 16
 3695 22683 3
 3696 113430 15
 3697 60504 8
 3698 75640 10
 3699 136170 18
 3700 22698 3
 3701 121072 16
 3702 128656 17
 3703 68121 9
 3704 105980 14
 3705 128707 17
 3706 90864 12
 3707 113595 15
 3708 98462 13
 3709 151500 20
 3710 30304 4
 3711 143963 19
 3712 151560 20
 3713 37895 5
 3714 83380 11
 3715 15162 2
 3716 75820 10
 3717 68247 9
 3718 75840 10
 3719 113775 15
 3720 151720 20
 3721 98631 13
 3722 83468 11
 3723 68301 9
 3724 83490 11
 3725 83501 11
 3726 53144 7
 3727 75930 10
 3728 98722 13
 3729 7595 1
 3730 98748 13
 3731 98761 13
 3732 45588 6
 3733 37995 5
 3734 144400 19
 3735 121616 16
 3736 98826 13
 3737 129251 17
 3738 22812 3
 3739 53235 7
 3740 7606 1
 3741 144533 19
 3742 7608 1
 3743 106526 14
 3744 106540 14
 3745 76110 10
 3746 68508 9
 3747 45678 6
 3748 152280 20
 3749 114225 15
 3750 114240 15
 3751 129489 17
 3752 38090 5
 3753 15238 2
 3754 53340 7
 3755 38105 5
 3756 76220 10
 3757 137214 18
 3758 68616 9
 3759 91500 12
 3760 15252 2
 3761 99151 13
 3762 83908 11
 3763 15258 2
 3764 122080 16
 3765 7631 1
 3766 53424 7
 3767 106862 14
 3768 61072 8
 3769 114525 15
 3770 152720 20
 3771 99281 13
 3772 145122 19
 3773 45834 6
 3774 152800 20
 3775 152820 20
 3776 45852 6
 3777 30572 4
 3778 107016 14
 3779 99385 13
 3780 152920 20
 3781 53529 7
 3782 84128 11
 3783 53543 7
 3784 84150 11
 3785 38255 5
 3786 99476 13
 3787 7653 1
 3788 61232 8
 3789 38275 5
 3790 15312 2
 3791 30628 4
 3792 61264 8
 3793 84249 11
 3794 130220 17
 3795 45966 6
 3796 107268 14
 3797 53641 7
 3798 145616 19
 3799 137970 18
 3800 45996 6
 3801 7667 1
 3802 23004 3
 3803 69021 9
 3804 107380 14
 3805 122736 16
 3806 53704 7
 3807 138114 18
 3808 122784 16
 3809 23025 3
 3810 23028 3
 3811 115155 15
 3812 153560 20
 3813 84469 11
 3814 115200 15
 3815 23043 3
 3816 15364 2
 3817 145977 19
 3818 76840 10
 3819 122960 16
 3820 46116 6
 3821 153740 20
 3822 38440 5
 3823 15378 2
 3824 38450 5
 3825 130747 17
 3826 146148 19
 3827 23079 3
 3828 92328 12
 3829 130815 17
 3830 53872 7
 3831 130849 17
 3832 61584 8
 3833 146281 19
 3834 92400 12
 3835 154020 20
 3836 107828 14
 3837 46218 6
 3838 84744 11
 3839 138690 18
 3840 53942 7
 3841 154140 20
 3842 38540 5
 3843 115635 15
 3844 46260 6
 3845 53977 7
 3846 92544 12
 3847 46278 6
 3848 53998 7
 3849 61720 8
 3850 69444 9
 3851 115755 15
 3852 30872 4
 3853 138942 18
 3854 154400 20
 3855 77210 10
 3856 123552 16
 3857 7723 1
 3858 7724 1
 3859 23175 3
 3860 61808 8
 3861 154540 20
 3862 23184 3
 3863 38645 5
 3864 69570 9
 3865 38655 5
 3866 7732 1
 3867 69597 9
73473