412
 1 2060 5
 2 8260 20
 3 6624 16
 4 830 2
 5 6656 16
 6 6255 15
 7 2926 7
 8 838 2
 9 2940 7
 10 6736 16
 11 422 1
 12 5499 13
 13 2544 6
 14 6375 15
 15 3408 8
 16 3416 8
 17 8132 19
 18 7722 18
 19 6880 16
 20 3448 8
 21 5616 13
 22 6928 16
 23 3038 7
 24 2175 5
 25 3488 8
 26 6992 16
 27 8760 20
 28 5268 12
 29 440 1
 30 1323 3
 31 3094 7
 32 6202 14
 33 8436 19
 34 3560 8
 35 446 1
 36 5811 13
 37 2240 5
 38 2245 5
 39 2250 5
 40 1804 4
 41 5876 13
 42 9060 20
 43 4994 11
 44 3185 7
 45 8208 18
 46 5027 11
 47 5038 11
 48 4590 10
 49 3220 7
 50 5993 13
 51 5544 12
 52 6945 15
 53 6960 15
 54 3255 7
 55 2796 6
 56 7939 17
 57 1872 4
 58 3283 7
 59 8930 19
 60 2355 5
 61 8496 18
 62 946 2
 63 3318 7
 64 6650 14
 65 6664 14
 66 7632 16
 67 7648 16
 68 2874 6
 69 5280 11
 70 6734 14
 71 9640 20
 72 7245 15
 73 4840 10
 74 3880 8
 75 4374 9
 76 3409 7
 77 8296 17
 78 1956 4
 79 7350 15
 80 1473 3
 81 8364 17
 82 493 1
 83 4446 9
 84 8910 18
 85 496 1
 86 9940 20
 87 8466 17
 88 2495 5
 89 2500 5
 90 5511 11
 91 5522 11
 92 10060 20
 93 1008 2
 94 4545 9
 95 8096 16
 96 3549 7
 97 10160 20
 98 8653 17
 99 9690 19
 100 10220 20
 101 4096 8
 102 9234 18
 103 9766 19
 104 9270 18
 105 5676 11
 106 517 1
 107 8806 17
 108 1038 2
 109 1040 2
 110 6773 13
 111 5742 11
 112 8891 17
 113 8384 16
 114 2100 4
 115 8942 17
 116 10013 19
 117 2640 5
 118 6877 13
 119 1060 2
 120 10620 20
 121 9044 17
 122 8528 16
 123 9612 18
 124 3745 7
 125 4288 8
 126 1611 3
 127 3228 6
 128 8085 15
 129 7560 14
 130 3787 7
 131 3252 6
 132 8145 15
 133 7616 14
 134 7085 13
 135 8736 16
 136 7111 13
 137 2192 4
 138 10980 20
 139 1650 3
 140 1102 2
 141 2208 4
 142 7742 14
 143 6648 12
 144 8325 15
 145 5560 10
 146 11140 20
 147 3906 7
 148 8385 15
 149 5600 10
 150 2805 5
 151 3372 6
 152 6193 11
 153 7896 14
 154 6215 11
 155 6792 12
 156 4536 8
 157 1136 2
 158 6828 12
 159 2850 5
 160 9136 16
 161 2288 4
 162 5157 9
 163 10906 19
 164 9200 16
 165 6912 12
 166 2308 4
 167 11560 20
 168 579 1
 169 2320 4
 170 2905 5
 171 11058 19
 172 7579 13
 173 7008 12
 174 5265 9
 175 1758 3
 176 7631 13
 177 11172 19
 178 8835 15
 179 4130 7
 180 6501 11
 181 9472 16
 182 1186 2
 183 8316 14
 184 5355 9
 185 596 1
 186 5970 10
 187 2990 5
 188 599 1
 189 7200 12
 190 2404 4
 191 10836 18
 192 12060 20
 193 10268 17
 194 2420 4
 195 4242 7
 196 4249 7
 197 4864 8
 198 10353 17
 199 7320 12
 200 1222 2
 201 6120 10
 202 2452 4
 203 4912 8
 204 6765 11
 205 11704 19
 206 4319 7
 207 12360 20
 208 4952 8
 209 9920 16
 210 12420 20
 211 622 1
 212 7476 12
 213 6240 10
 214 10000 16
 215 9390 15
 216 6897 11
 217 7536 12
 218 5032 8
 219 3780 6
 220 11358 18
 221 632 1
 222 5064 8
 223 5072 8
 224 9525 15
 225 6996 11
 226 637 1
 227 12122 19
 228 1917 3
 229 12800 20
 230 3205 5
 231 10914 17
 232 6430 10
 233 2576 4
 234 12255 19
 235 1292 2
 236 8411 13
 237 7776 12
 238 1298 2
 239 11050 17
 240 10416 16
 241 10432 16
 242 11754 18
 243 8502 13
 244 9825 15
 245 4592 7
 246 3942 6
 247 9870 15
 248 13180 20
 249 660 1
 250 4627 7
 251 7944 12
 252 1326 2
 253 3320 5
 254 11970 18
 255 11988 18
 256 7337 11
 257 668 1
 258 12042 18
 259 8710 13
 260 4026 6
 261 4032 6
 262 2692 4
 263 4044 6
 264 2700 4
 265 8788 13
 266 12863 19
 267 8814 13
 268 6790 10
 269 13600 20
 270 12258 18
 271 1364 2
 272 2049 3
 273 8892 13
 274 10275 15
 275 4116 6
 276 8931 13
 277 4128 6
 278 11713 17
 279 8970 13
 280 1382 2
 281 4152 6
 282 4851 7
 283 2776 4
 284 695 1
 285 13224 19
 286 10455 15
 287 2792 4
 288 10485 15
 289 9100 13
 290 701 1
 291 10530 15
 292 10545 15
 293 4224 6
 294 705 1
 295 12708 18
 296 9898 14
 297 10620 15
 298 4963 7
 299 710 1
 300 8532 12
 301 9968 14
 302 713 1
 303 7854 11
 304 5720 8
 305 4296 6
 306 4302 6
 307 6462 9
 308 4314 6
 309 10080 14
 310 5768 8
 311 12996 18
 312 13737 19
 313 13032 18
 314 1450 2
 315 5808 8
 316 7997 11
 317 11648 16
 318 5103 7
 319 3650 5
 320 3655 5
 321 1464 2
 322 8063 11
 323 10276 14
 324 8820 12
 325 8832 12
 326 737 1
 327 7380 10
 328 9607 13
 329 7400 10
 330 7410 10
 331 12614 17
 332 3715 5
 333 5208 7
 334 13410 18
 335 7460 10
 336 11952 16
 337 748 1
 338 5243 7
 339 10500 14
 340 4506 6
 341 5264 7
 342 3012 4
 343 9048 12
 344 8305 11
 345 7560 10
 346 8327 11
 347 12886 17
 348 759 1
 349 15200 20
 350 10654 14
 351 12954 17
 352 6867 9
 353 13752 18
 354 13770 18
 355 4596 6
 356 13806 18
 357 6144 8
 358 14611 19
 359 8470 11
 360 13878 18
 361 5404 7
 362 13141 17
 363 12384 16
 364 13950 18
 365 14744 19
 366 10101 13
 367 10114 13
 368 12464 16
 369 14040 18
 370 6248 8
 371 4692 6
 372 10962 14
 373 11760 15
 374 3140 4
 375 15720 20
 376 8657 11
 377 11820 15
 378 15780 20
 379 3160 4
 380 3164 4
 381 3960 5
 382 7137 9
 383 13498 17
 384 2385 3
 385 3980 5
 386 13549 17
 387 3192 4
 388 3995 5
 389 14400 18
 390 5607 7
 391 13634 17
 392 16060 20
 393 16080 20
 394 8855 11
 395 11284 14
 396 7263 9
 397 2424 3
 398 12135 15
 399 11340 14
 400 6488 8
 401 13804 17
 402 2439 3
 403 9768 12
 404 9780 12
 405 3264 4
 406 4902 6
 407 1636 2
 408 9828 12
 409 12300 15
 410 12315 15
 411 4932 6
 412 13168 16
7416