4448
 1 4448 1
 2 35592 8
 3 13350 3
 4 26706 6
 5 17808 4
 6 44530 10
 7 84626 19
 8 40095 9
 9 71296 16
 10 80226 18
 11 35664 8
 12 62426 14
 13 57980 13
 14 40149 9
 15 22310 5
 16 89260 20
 17 35712 8
 18 13395 3
 19 17864 4
 20 17868 4
 21 35744 8
 22 71504 16
 23 44700 10
 24 84949 19
 25 26832 6
 26 40257 9
 27 31318 7
 28 80550 18
 29 67140 15
 30 58201 13
 31 85082 19
 32 67185 15
 33 76160 17
 34 35848 8
 35 22410 5
 36 71728 16
 37 4484 1
 38 67275 15
 39 44860 10
 40 53844 12
 41 13464 3
 42 26934 6
 43 22450 5
 44 67365 15
 45 80856 18
 46 13479 3
 47 53928 12
 48 76415 17
 49 85424 19
 50 40473 9
 51 76466 17
 52 31493 7
 53 40500 9
 54 63014 14
 55 22510 5
 56 27018 6
 57 63056 14
 58 22525 5
 59 49566 11
 60 58591 13
 61 72128 16
 62 22545 5
 63 40590 9
 64 63154 14
 65 13536 3
 66 4513 1
 67 9028 2
 68 54180 12
 69 81288 18
 70 85823 19
 71 63252 14
 72 63266 14
 73 72320 16
 74 4521 1
 75 4522 1
 76 27138 6
 77 36192 8
 78 90500 20
 79 49786 11
 80 22635 5
 81 27168 6
 82 9058 2
 83 22650 5
 84 81558 18
 85 22660 5
 86 90660 20
 87 81612 18
 88 36280 8
 89 58968 13
 90 58981 13
 91 40842 9
 92 45390 10
 93 36320 8
 94 81738 18
 95 31794 7
 96 31801 7
 97 31808 7
 98 9090 2
 99 77282 17
 100 50017 11
 101 50028 11
 102 81882 18
 103 36400 8
 104 40959 9
 105 59176 13
 106 81954 18
 107 50094 11
 108 13665 3
 109 41004 9
 110 72912 16
 111 18232 4
 112 77503 17
 113 45600 10
 114 9122 2
 115 27372 6
 116 36504 8
 117 36512 8
 118 36520 8
 119 91320 20
 120 63938 14
 121 77656 17
 122 77673 17
 123 45700 10
 124 82278 18
 125 82296 18
 126 4573 1
 127 82332 18
 128 22875 5
 129 36608 8
 130 50347 11
 131 22890 5
 132 68685 15
 133 22900 5
 134 9162 2
 135 73312 16
 136 45830 10
 137 82512 18
 138 50435 11
 139 45860 10
 140 77979 17
 141 50468 11
 142 59657 13
 143 82620 18
 144 50501 11
 145 82656 18
 146 91860 20
 147 18376 4
 148 45950 10
 149 18384 4
 150 18388 4
 151 91960 20
 152 87381 19
 153 41400 9
 154 82818 18
 155 4602 1
 156 9206 2
 157 87476 19
 158 92100 20
 159 27636 6
 160 64498 14
 161 78336 17
 162 69135 15
 163 9220 2
 164 18444 4
 165 23060 5
 166 41517 9
 167 27684 6
 168 23075 5
 169 36928 8
 170 64638 14
 171 32326 7
 172 64666 14
 173 60060 13
 174 87799 19
 175 64708 14
 176 92460 20
 177 83232 18
 178 23125 5
 179 32382 7
 180 4627 1
 181 23140 5
 182 78693 17
 183 74080 16
 184 92620 20
 185 13896 3
 186 46330 10
 187 27804 6
 188 74160 16
 189 18544 4
 190 78829 17
 191 60294 13
 192 88141 19
 193 51040 11
 194 88179 19
 195 88198 19
 196 78931 17
 197 13932 3
 198 78965 17
 199 23230 5
 200 4647 1
 201 37184 8
 202 23245 5
 203 51150 11
 204 41859 9
 205 88388 19
 206 51183 11
 207 41886 9
 208 88445 19
 209 55872 12
 210 88483 19
 211 69870 15
 212 55908 12
 213 46600 10
 214 32627 7
 215 23310 5
 216 23315 5
 217 74624 16
 218 46650 10
 219 27996 6
 220 74672 16
 221 51348 11
 222 4669 1
 223 84060 18
 224 32697 7
 225 88768 19
 226 46730 10
 227 32718 7
 228 60775 13
 229 88844 19
 230 93540 20
 231 23390 5
 232 51469 11
 233 60840 13
 234 88939 19
 235 37456 8
 236 28098 6
 237 32788 7
 238 51535 11
 239 65604 14
 240 46870 10
 241 37504 8
 242 51579 11
 243 14070 3
 244 14073 3
 245 75072 16
 246 84474 18
 247 56328 12
 248 23475 5
 249 4696 1
 250 42273 9
 251 46980 10
 252 79883 17
 253 28200 6
 254 51711 11
 255 61126 13
 256 28218 6
 257 14112 3
 258 89395 19
 259 32942 7
 260 28242 6
 261 4708 1
 262 84762 18
 263 9420 2
 264 75376 16
 265 37696 8
 266 65982 14
 267 80138 17
 268 37720 8
 269 89604 19
 270 89623 19
 271 56616 12
 272 18876 4
 273 70800 15
 274 9442 2
 275 75552 16
 276 9446 2
 277 28344 6
 278 42525 9
 279 70890 15
 280 42543 9
 281 47280 10
 282 47290 10
 283 61490 13
 284 94620 20
 285 66248 14
 286 37864 8
 287 28404 6
 288 66290 14
 289 94720 20
 290 28422 6
 291 14214 3
 292 47390 10
 293 18960 4
 294 33187 7
 295 94840 20
 296 85374 18
 297 90136 19
 298 90155 19
 299 47460 10
 300 80699 17
 301 14244 3
 302 90231 19
 303 52250 11
 304 95020 20
 305 47520 10
 306 52283 11
 307 9508 2
 308 4755 1
 309 42804 9
 310 28542 6
 311 57096 12
 312 38072 8
 313 28560 6
 314 23805 5
 315 42858 9
 316 47630 10
 317 80988 17
 318 9530 2
 319 33362 7
 320 81039 17
 321 90592 19
 322 9538 2
 323 76320 16
 324 71565 15
 325 33404 7
 326 81141 17
 327 62062 13
 328 52525 11
 329 9552 2
 330 71655 15
 331 86004 18
 332 28674 6
 333 86040 18
 334 23905 5
 335 28692 6
 336 52613 11
 337 19136 4
 338 86130 18
 339 47860 10
 340 33509 7
 341 38304 8
 342 67046 14
 343 52690 11
 344 76656 16
 345 86256 18
 346 57516 12
 347 67116 14
 348 91105 19
 349 71940 15
 350 91143 19
 351 71970 15
 352 33593 7
 353 67200 14
 354 19204 4
 355 62426 13
 356 67242 14
 357 48040 10
 358 14415 3
 359 24030 5
 360 67298 14
 361 76928 16
 362 72135 15
 363 33670 7
 364 24055 5
 365 57744 12
 366 81821 17
 367 72210 15
 368 86670 18
 369 48160 10
 370 77072 16
 371 4818 1
 372 4819 1
 373 96400 20
 374 57852 12
 375 9644 2
 376 62699 13
 377 91656 19
 378 43425 9
 379 48260 10
 380 9654 2
 381 62764 13
 382 24145 5
 383 33810 7
 384 9662 2
 385 77312 16
 386 43497 9
 387 38672 8
 388 43515 9
 389 82212 17
 390 43533 9
 391 58056 12
 392 29034 6
 393 87120 18
 394 62933 13
 395 77472 16
 396 4843 1
 397 43596 9
 398 14535 3
 399 38768 8
 400 43623 9
 401 63024 13
 402 24245 5
 403 67900 14
 404 63063 13
 405 29112 6
 406 48530 10
 407 97080 20
 408 63115 13
 409 53416 11
 410 87426 18
 411 82586 17
 412 92321 19
 413 4860 1
 414 97220 20
 415 72930 15
 416 24315 5
 417 87552 18
 418 38920 8
 419 92454 19
 420 97340 20
 421 53548 11
 422 48690 10
 423 38960 8
 424 73065 15
 425 24360 5
 426 77968 16
 427 29244 6
 428 68250 14
 429 14628 3
 430 53647 11
 431 97560 20
 432 63427 13
 433 58560 12
 434 87858 18
 435 87876 18
 436 58596 12
 437 34188 7
 438 29310 6
 439 87948 18
 440 58644 12
 441 4888 1
 442 53779 11
 443 68460 14
 444 34237 7
 445 44028 9
 446 78288 16
 447 39152 8
 448 48950 10
 449 19584 4
 450 24485 5
 451 53878 11
 452 9798 2
 453 14700 3
 454 68614 14
 455 68628 14
 456 93157 19
 457 83368 17
 458 49050 10
 459 39248 8
 460 44163 9
 461 29448 6
 462 44181 9
 463 83470 17
 464 63843 13
 465 68768 14
 466 78608 16
 467 19656 4
 468 93385 19
 469 78656 16
 470 93423 19
 471 14754 3
 472 9838 2
 473 24600 5
 474 98420 20
 475 88596 18
 476 14769 3
 477 64012 13
 478 39400 8
 479 39408 8
 480 39416 8
 481 98560 20
 482 29574 6
 483 73950 15
 484 39448 8
 485 49320 10
 486 24665 5
 487 49340 10
 488 49350 10
 489 69104 14
 490 88866 18
 491 19752 4
 492 4939 1
 493 9880 2
 494 44469 9
 495 79072 16
 496 93917 19
 497 4944 1
 498 74175 15
 499 93974 19
 500 24735 5
 501 9896 2
 502 29694 6
 503 89100 18
 504 94069 19
 505 54472 11
 506 59436 12
 507 29724 6
 508 79280 16
 509 79296 16
 510 29742 6
 511 74370 15
 512 69426 14
 513 94240 19
 514 64493 13
 515 69468 14
 516 99260 20
 517 34748 7
 518 19860 4
 519 99320 20
 520 34769 7
 521 34776 7
 522 84473 17
 523 49700 10
 524 89478 18
 525 89496 18
 526 49730 10
 527 99480 20
 528 4975 1
 529 44784 9
 530 54747 11
 531 74670 15
 532 39832 8
 533 14940 3
 534 34867 7
 535 24910 5
 536 49830 10
 537 39872 8
 538 29910 6
 539 54846 11
 540 34909 7
 541 69832 14
 542 9978 2
 543 99800 20
 544 94829 19
 545 64896 13
 546 69902 14
 547 69916 14
 548 9990 2
 549 64948 13
 550 4997 1
 551 24990 5
 552 89982 18
 553 30000 6
 554 55011 11
 555 45018 9
 556 100060 20
 557 90072 18
 558 60060 12
 559 35042 7
 560 35049 7
 561 30048 6
 562 90162 18
 563 40080 8
 564 5011 1
 565 5012 1
 566 45117 9
 567 15042 3
 568 70210 14
 569 40128 8
 570 70238 14
 571 40144 8
 572 20076 4
 573 45180 9
 574 80336 16
 575 35154 7
 576 75345 15
 577 25120 5
 578 50250 10
 579 75390 15
 580 30162 6
 581 10056 2
 582 80464 16
 583 70420 14
 584 90558 18
 585 80512 16
 586 70462 14
 587 70476 14
 588 100700 20
 589 15108 3
 590 15111 3
 591 55418 11
 592 40312 8
 593 90720 18
 594 50410 10
 595 15126 3
 596 15129 3
 597 95836 19
 598 95855 19
 599 25230 5
 600 80752 16
 601 80768 16
 602 90882 18
 603 65650 13
 604 20204 4
 605 65676 13
 606 55583 11
 607 55594 11
 608 25275 5
 609 91008 18
 610 10114 2
 611 20232 4
 612 101180 20
 613 91080 18
 614 45549 9
 615 70868 14
 616 40504 8
 617 45576 9
 618 30390 6
 619 15198 3
 620 5067 1
 621 30408 6
 622 76035 15
 623 60840 12
 624 96349 19
 625 5072 1
 626 10146 2
 627 20296 4
 628 81200 16
 629 86292 17
 630 66001 13
 631 35546 7
 632 81264 16
 633 71120 14
 634 40648 8
 635 5082 1
 636 86411 17
 637 76260 15
 638 50850 10
 639 66118 13
 640 101740 20
 641 61056 12
 642 61068 12
 643 96710 19
 644 96729 19
 645 66196 13
 646 86581 17
 647 71316 14
 648 86615 17
 649 61152 12
 650 25485 5
 651 30588 6
 652 61188 12
 653 76500 15
 654 10202 2
 655 66326 13
 656 102060 20
 657 56144 11
 658 81680 16
 659 51060 10
 660 86819 17
 661 76620 15
 662 56199 11
 663 5110 1
 664 15333 3
 665 81792 16
 666 61356 12
 667 71596 14
 668 71610 14
 669 92088 18
 670 40936 8
 671 81888 16
 672 102380 20
 673 87040 17
 674 87057 17
 675 92196 18
 676 25615 5
 677 10248 2
 678 71750 14
 679 35882 7
 680 20508 4
 681 15384 3
 682 61548 12
 683 25650 5
 684 5131 1
 685 25660 5
 686 66729 13
 687 35938 7
 688 56485 11
 689 77040 15
 690 66781 13
 691 92484 18
 692 77085 15
 693 77100 15
 694 30846 6
 695 20568 4
 696 30858 6
 697 102880 20
 698 20580 4
 699 77190 15
 700 82352 16
 701 25740 5
 702 51490 10
 703 103000 20
 704 30906 6
 705 15456 3
 706 30918 6
 707 15462 3
 708 36085 7
 709 41248 8
 710 30942 6
 711 98002 19
 712 67067 13
 713 25800 5
 714 82576 16
 715 56782 11
 716 72282 14
 717 10328 2
 718 25825 5
 719 10332 2
 720 87839 17
 721 10336 2
 722 56859 11
 723 67210 13
 724 15513 3
 725 56892 11
 726 82768 16
 727 25870 5
 728 20700 4
 729 56936 11
 730 5177 1
 731 51780 10
 732 15537 3
 733 46620 9
 734 31086 6
 735 57002 11
 736 51830 10
 737 20736 4
 738 46665 9
 739 72604 14
 740 31122 6
 741 62256 12
 742 67457 13
 743 46710 9
 744 46719 9
 745 67496 13
 746 67509 13
 747 62328 12
 748 41560 8
 749 20784 4
 750 41576 8
 751 72772 14
 752 51990 10
 753 15600 3
 754 15603 3
 755 10404 2
 756 104060 20
 757 88468 17
 758 78075 15
 759 83296 16
 760 52070 10
 761 98952 19
 762 67717 13
 763 67730 13
 764 88587 17
 765 46908 9
 766 104260 20
 767 62568 12
 768 73010 14
 769 26080 5
 770 73038 14
 771 67834 13
 772 78285 15
 773 26100 5
 774 67873 13
 775 41776 8
 776 104460 20
 777 5224 1
 778 41800 8
 779 52260 10
 780 47043 9
 781 26140 5
 782 31374 6
 783 83680 16
 784 83696 16
 785 47088 9
 786 26165 5
 787 88978 17
 788 10470 2
 789 83776 16
 790 78555 15
 791 73332 14
 792 20956 4
 793 41920 8
 794 47169 9
 795 68146 13
 796 73402 14
 797 26220 5
 798 20980 4
 799 89182 17
 800 26235 5
 801 73472 14
 802 78735 15
 803 42000 8
 804 73514 14
 805 89284 17
 806 26265 5
 807 31524 6
 808 57805 11
 809 15768 3
 810 99883 19
 811 21032 4
 812 21036 4
 813 78900 15
 814 68393 13
 815 21048 4
 816 57893 11
 817 94752 18
 818 78975 15
 819 52660 10
 820 84272 16
 821 68484 13
 822 31614 6
 823 42160 8
 824 89607 17
 825 42176 8
 826 84368 16
 827 15822 3
 828 84400 16
 829 47484 9
 830 73878 14
 831 26390 5
 832 68627 13
 833 36960 7
 834 52810 10
 835 52820 10
 836 100377 19
 837 95112 18
 838 68705 13
 839 5286 1
 840 63444 12
 841 68744 13
 842 95202 18
 843 15870 3
 844 42328 8
 845 42336 8
 846 58223 11
 847 37058 7
 848 58245 11
 849 105920 20
 850 90049 17
 851 52980 10
 852 37093 7
 853 26500 5
 854 74214 14
 855 26510 5
 856 84848 16
 857 74256 14
 858 84880 16
 859 21224 4
 860 95526 18
 861 47772 9
 862 95562 18
 863 10620 2
 864 47799 9
 865 5312 1
 866 5313 1
 867 69082 13
 868 42520 8
 869 21264 4
 870 5317 1
 871 5318 1
 872 10638 2
 873 95760 18
 874 42568 8
 875 5322 1
 876 106460 20
 877 15972 3
 878 15975 3
 879 37282 7
 880 90559 17
 881 42624 8
 882 5329 1
 883 10660 2
 884 10662 2
 885 15996 3
 886 53330 10
 887 32004 6
 888 21340 4
 889 21344 4
 890 32022 6
 891 80070 15
 892 64068 12
 893 64080 12
 894 58751 11
 895 101498 19
 896 90831 17
 897 16032 3
 898 69485 13
 899 90882 17
 900 69511 13
 901 48132 9
 902 96282 18
 903 74900 14
 904 80265 15
 905 42816 8
 906 10706 2
 907 107080 20
 908 5355 1
 909 96408 18
 910 74998 14
 911 80370 15
 912 42872 8
 913 5360 1
 914 5361 1
 915 85792 16
 916 80445 15
 917 107280 20
 918 101935 19
 919 5366 1
 920 85872 16
 921 48312 9
 922 10738 2
 923 26850 5
 924 48339 9
 925 102068 19
 926 80595 15
 927 32244 6
 928 5375 1
 929 16128 3
 930 43016 8
 931 59158 11
 932 91443 17
 933 64560 12
 934 102239 19
 935 86112 16
 936 86128 16
 937 64608 12
 938 26925 5
 939 32316 6
 940 64644 12
 941 53880 10
 942 48501 9
 943 59290 11
 944 32346 6
 945 37744 7
 946 5393 1
 947 80910 15
 948 48555 9
 949 48564 9
 950 86352 16
 951 107960 20
 952 43192 8
 953 64800 12
 954 37807 7
 955 64824 12
 956 102657 19
 957 21616 4
 958 64860 12
 959 86496 16
 960 59477 11
 961 108160 20
 962 37863 7
 963 27050 5
 964 86576 16
 965 97416 18
 966 108260 20
 967 70382 13
 968 75810 14
 969 70408 13
 970 97506 18
 971 75852 14
 972 54190 10
 973 27100 5
 974 81315 15
 975 16266 3
 976 37961 7
 977 70512 13
 978 75950 14
 979 21704 4
 980 86832 16
 981 81420 15
 982 32574 6
 983 86880 16
 984 21724 4
 985 48888 9
 986 103227 19
 987 38038 7
 988 59785 11
 989 76104 14
 990 65244 12
 991 76132 14
 992 76146 14
 993 16320 3
 994 43528 8
 995 48978 9
 996 16329 3
 997 43552 8
 998 98010 18
 999 38122 7
 1000 21788 4
 1001 103512 19
 1002 5449 1
 1003 10900 2
 1004 81765 15
 1005 70876 13
 1006 76342 14
 1007 92718 17
 1008 38185 7
 1009 60016 11
 1010 5457 1
 1011 32748 6
 1012 43672 8
 1013 65520 12
 1014 10922 2
 1015 109240 20
 1016 21852 4
 1017 10928 2
 1018 87440 16
 1019 21864 4
 1020 38269 7
 1021 92956 17
 1022 103911 19
 1023 82050 15
 1024 93007 17
 1025 27360 5
 1026 10946 2
 1027 10948 2
 1028 98550 18
 1029 32856 6
 1030 104063 19
 1031 32868 6
 1032 38353 7
 1033 71240 13
 1034 5481 1
 1035 76748 14
 1036 54830 10
 1037 87744 16
 1038 43880 8
 1039 10972 2
 1040 32922 6
 1041 16464 3
 1042 76846 14
 1043 10980 2
 1044 65892 12
 1045 93364 17
 1046 104367 19
 1047 21976 4
 1048 54950 10
 1049 21984 4
 1050 76958 14
 1051 82470 15
 1052 76986 14
 1053 110000 20
 1054 44008 8
 1055 82530 15
 1056 71539 13
 1057 55040 10
 1058 55050 10
 1059 77084 14
 1060 110140 20
 1061 99144 18
 1062 99162 18
 1063 99180 18
 1064 82665 15
 1065 16536 3
 1066 66156 12
 1067 82710 15
 1068 38605 7
 1069 99288 18
 1070 16551 3
 1071 60698 11
 1072 55190 10
 1073 88320 16
 1074 38647 7
 1075 27610 5
 1076 49707 9
 1077 49716 9
 1078 77350 14
 1079 49734 9
 1080 27635 5
 1081 66336 12
 1082 11058 2
 1083 49770 9
 1084 5531 1
 1085 49788 9
 1086 22132 4
 1087 66408 12
 1088 66420 12
 1089 38752 7
 1090 99666 18
 1091 94146 17
 1092 11078 2
 1093 99720 18
 1094 105279 19
 1095 55420 10
 1096 94231 17
 1097 5544 1
 1098 105355 19
 1099 94282 17
 1100 77658 14
 1101 66576 12
 1102 11098 2
 1103 66600 12
 1104 88816 16
 1105 111040 20
 1106 99954 18
 1107 55540 10
 1108 99990 18
 1109 22224 4
 1110 5557 1
 1111 44464 8
 1112 27795 5
 1113 11120 2
 1114 27805 5
 1115 33372 6
 1116 94571 17
 1117 66768 12
 1118 77910 14
 1119 66792 12
 1120 105773 19
 1121 55680 10
 1122 50121 9
 1123 50130 9
 1124 5571 1
 1125 33432 6
 1126 61303 11
 1127 44592 8
 1128 27875 5
 1129 94792 17
 1130 33462 6
 1131 39046 7
 1132 94843 17
 1133 50220 9
 1134 11162 2
 1135 27910 5
 1136 55830 10
 1137 78176 14
 1138 78190 14
 1139 111720 20
 1140 94979 17
 1141 111760 20
 1142 72657 13
 1143 50310 9
 1144 95047 17
 1145 61512 11
 1146 67116 12
 1147 78316 14
 1148 22380 4
 1149 106324 19
 1150 11194 2
 1151 78372 14
 1152 83985 15
 1153 112000 20
 1154 61611 11
 1155 89632 16
 1156 84045 15
 1157 5604 1
 1158 67260 12
 1159 11212 2
 1160 84105 15
 1161 72904 13
 1162 56090 10
 1163 16830 3
 1164 67332 12
 1165 106628 19
 1166 106647 19
 1167 61754 11
 1168 22460 4
 1169 101088 18
 1170 5617 1
 1171 67416 12
 1172 5619 1
 1173 33720 6
 1174 50589 9
 1175 44976 8
 1176 61853 11
 1177 28120 5
 1178 22500 4
 1179 95642 17
 1180 73151 13
 1181 78792 14
 1182 33774 6
 1183 106970 19
 1184 56310 10
 1185 90112 16
 1186 39431 7
 1187 73242 13
 1188 101430 18
 1189 50724 9
 1190 56370 10
 1191 73294 13
 1192 11278 2
 1193 107160 19
 1194 90256 16
 1195 11284 2
 1196 84645 15
 1197 107236 19
 1198 62095 11
 1199 62106 11
 1200 50823 9
 1201 50832 9
 1202 62139 11
 1203 39550 7
 1204 79114 14
 1205 56520 10
 1206 73489 13
 1207 22616 4
 1208 33930 6
 1209 90496 16
 1210 39599 7
 1211 39606 7
 1212 28295 5
 1213 33960 6
 1214 90576 16
 1215 73606 13
 1216 73619 13
 1217 84960 15
 1218 33990 6
 1219 84990 15
 1220 51003 9
 1221 28340 5
 1222 5669 1
 1223 56700 10
 1224 96407 17
 1225 102096 18
 1226 73749 13
 1227 45392 8
 1228 85125 15
 1229 56760 10
 1230 45416 8
 1231 96526 17
 1232 62469 11
 1233 113600 20
 1234 113620 20
 1235 45456 8
 1236 17049 3
 1237 17052 3
 1238 62535 11
 1239 39802 7
 1240 113740 20
 1241 17064 3
 1242 108091 19
 1243 22760 4
 1244 91056 16
 1245 51228 9
 1246 85395 15
 1247 39858 7
 1248 45560 8
 1249 96832 17
 1250 91152 16
 1251 62678 11
 1252 34194 6
 1253 28500 5
 1254 22804 4
 1255 45616 8
 1256 22812 4
 1257 74152 13
 1258 45640 8
 1259 17118 3
 1260 28535 5
 1261 102744 18
 1262 11418 2
 1263 28550 5
 1264 17133 3
 1265 22848 4
 1266 97121 17
 1267 62854 11
 1268 97155 17
 1269 85740 15
 1270 62887 11
 1271 108642 19
 1272 45752 8
 1273 68640 12
 1274 28605 5
 1275 17166 3
 1276 68676 12
 1277 85860 15
 1278 97325 17
 1279 85890 15
 1280 34362 6
 1281 97376 17
 1282 5729 1
 1283 108870 19
 1284 5731 1
 1285 68784 12
 1286 34398 6
 1287 114680 20
 1288 28675 5
 1289 74568 13
 1290 34422 6
 1291 28690 5
 1292 51651 9
 1293 97580 17
 1294 40187 7
 1295 57420 10
 1296 103374 18
 1297 103392 18
 1298 114900 20
 1299 22984 4
 1300 28735 5
 1301 45984 8
 1302 74737 13
 1303 86250 15
 1304 92016 16
 1305 69024 12
 1306 69036 12
 1307 40278 7
 1308 69060 12
 1309 97852 17
 1310 28785 5
 1311 34548 6
 1312 74867 13
 1313 34560 6
 1314 34566 6
 1315 80668 14
 1316 80682 14
 1317 80696 14
 1318 34590 6
 1319 34596 6
 1320 80738 14
 1321 103824 18
 1322 40383 7
 1323 23080 4
 1324 5771 1
 1325 80808 14
 1326 57730 10
 1327 80836 14
 1328 46200 8
 1329 51984 9
 1330 34662 6
 1331 92448 16
 1332 57790 10
 1333 86700 15
 1334 115620 20
 1335 86730 15
 1336 34698 6
 1337 75192 13
 1338 86775 15
 1339 63646 11
 1340 28935 5
 1341 98396 17
 1342 75257 13
 1343 28950 5
 1344 86865 15
 1345 98464 17
 1346 75309 13
 1347 57940 10
 1348 98515 17
 1349 115920 20
 1350 69564 12
 1351 46384 8
 1352 57990 10
 1353 40600 7
 1354 116020 20
 1355 46416 8
 1356 34818 6
 1357 75452 13
 1358 17415 3
 1359 81284 14
 1360 17421 3
 1361 46464 8
 1362 40663 7
 1363 23240 4
 1364 11622 2
 1365 11624 2
 1366 110447 19
 1367 58140 10
 1368 46520 8
 1369 104688 18
 1370 81438 14
 1371 23272 4
 1372 29095 5
 1373 58200 10
 1374 75673 13
 1375 93152 16
 1376 104814 18
 1377 87360 15
 1378 11650 2
 1379 5826 1
 1380 116540 20
 1381 116560 20
 1382 46632 8
 1383 116600 20
 1384 75803 13
 1385 110808 19
 1386 17499 3
 1387 5834 1
 1388 116700 20
 1389 81704 14
 1390 99229 17
 1391 5838 1
 1392 64229 11
 1393 11680 2
 1394 75933 13
 1395 87630 15
 1396 64273 11
 1397 87660 15
 1398 40915 7
 1399 46768 8
 1400 105246 18
 1401 87720 15
 1402 52641 9
 1403 76050 13
 1404 58510 10
 1405 70224 12
 1406 93648 16
 1407 29270 5
 1408 105390 18
 1409 70272 12
 1410 81998 14
 1411 29290 5
 1412 41013 7
 1413 46880 8
 1414 99637 17
 1415 105516 18
 1416 58630 10
 1417 76232 13
 1418 99705 17
 1419 46928 8
 1420 82138 14
 1421 58680 10
 1422 76297 13
 1423 5870 1
 1424 52839 9
 1425 76336 13
 1426 117460 20
 1427 88110 15
 1428 58750 10
 1429 82264 14
 1430 94032 16
 1431 88170 15
 1432 70548 12
 1433 17640 3
 1434 99977 17
 1435 47056 8
 1436 52947 9
 1437 70608 12
 1438 64735 11
 1439 117720 20
 1440 105966 18
 1441 5888 1
 1442 70668 12
 1443 29450 5
 1444 41237 7
 1445 5892 1
 1446 29465 5
 1447 76622 13
 1448 100215 17
 1449 76648 13
 1450 82558 14
 1451 53082 9
 1452 76687 13
 1453 17700 3
 1454 5901 1
 1455 94432 16
 1456 70836 12
 1457 94464 16
 1458 29525 5
 1459 23624 4
 1460 112233 19
 1461 76804 13
 1462 106362 18
 1463 118200 20
 1464 94576 16
 1465 106416 18
 1466 118260 20
 1467 76882 13
 1468 59150 10
 1469 47328 8
 1470 112423 19
 1471 47344 8
 1472 23676 4
 1473 118400 20
 1474 82894 14
 1475 100674 17
 1476 47384 8
 1477 59240 10
 1478 29625 5
 1479 23704 4
 1480 88905 15
 1481 100776 17
 1482 106722 18
 1483 100810 17
 1484 106758 18
 1485 100844 17
 1486 77129 13
 1487 100878 17
 1488 94960 16
 1489 47488 8
 1490 77181 13
 1491 100946 17
 1492 83146 14
 1493 77220 13
 1494 106938 18
 1495 11884 2
 1496 77259 13
 1497 47552 8
 1498 71340 12
 1499 112974 19
 1500 95152 16
 1501 59480 10
 1502 113031 19
 1503 5950 1
 1504 119020 20
 1505 53568 9
 1506 11906 2
 1507 53586 9
 1508 59550 10
 1509 113164 19
 1510 47656 8
 1511 77454 13
 1512 23836 4
 1513 35760 6
 1514 113259 19
 1515 83468 14
 1516 95408 16
 1517 17892 3
 1518 77545 13
 1519 95456 16
 1520 107406 18
 1521 83552 14
 1522 101473 17
 1523 5970 1
 1524 89565 15
 1525 95552 16
 1526 5973 1
 1527 107532 18
 1528 89625 15
 1529 101592 17
 1530 101609 17
 1531 77714 13
 1532 11958 2
 1533 53820 9
 1534 53829 9
 1535 119640 20
 1536 29915 5
 1537 29920 5
 1538 83790 14
 1539 47888 8
 1540 71844 12
 1541 77844 13
 1542 41923 7
 1543 95840 16
 1544 35946 6
 1545 47936 8
 1546 95888 16
 1547 65934 11
 1548 47960 8
 1549 5996 1
 1550 71964 12
 1551 59980 10
 1552 95984 16
 1553 96000 16
 1554 66011 11
 1555 54018 9
 1556 90045 15
 1557 90060 15
 1558 6005 1
 1559 120120 20
 1560 102119 17
 1561 90120 15
 1562 18027 3
 1563 42070 7
 1564 108198 18
 1565 36072 6
 1566 12026 2
 1567 90210 15
 1568 36090 6
 1569 54144 9
 1570 66187 11
 1571 96288 16
 1572 72228 12
 1573 90300 15
 1574 120420 20
 1575 30110 5
 1576 36138 6
 1577 30120 5
 1578 96400 16
 1579 6026 1
 1580 66297 11
 1581 72336 12
 1582 48232 8
 1583 96480 16
 1584 66341 11
 1585 12064 2
 1586 90495 15
 1587 24136 4
 1588 78455 13
 1589 96576 16
 1590 102629 17
 1591 18114 3
 1592 90585 15
 1593 42280 7
 1594 78533 13
 1595 72504 12
 1596 66473 11
 1597 36264 6
 1598 114855 19
 1599 30230 5
 1600 66517 11
 1601 102816 17
 1602 12098 2
 1603 72600 12
 1604 54459 9
 1605 96832 16
 1606 6053 1
 1607 102918 17
 1608 48440 8
 1609 115064 19
 1610 6057 1
 1611 24232 4
 1612 109062 18
 1613 90900 15
 1614 66671 11
 1615 115178 19
 1616 115197 19
 1617 103088 17
 1618 109170 18
 1619 30330 5
 1620 6067 1
 1621 6068 1
 1622 103173 17
 1623 48560 8
 1624 12142 2
 1625 91080 15
 1626 42511 7
 1627 42518 7
 1628 48600 8
 1629 97216 16
 1630 36462 6
 1631 109404 18
 1632 18237 3
 1633 48640 8
 1634 91215 15
 1635 79066 13
 1636 18249 3
 1637 24336 4
 1638 48680 8
 1639 6086 1
 1640 42609 7
 1641 18264 3
 1642 12178 2
 1643 24360 4
 1644 73092 12
 1645 67012 11
 1646 85302 14
 1647 30470 5
 1648 30475 5
 1649 115824 19
 1650 67067 11
 1651 103666 17
 1652 24396 4
 1653 42700 7
 1654 18303 3
 1655 97632 16
 1656 73236 12
 1657 97664 16
 1658 79365 13
 1659 61060 10
 1660 61070 10
 1661 79404 13
 1662 103853 17
 1663 12220 2
 1664 61110 10
 1665 12224 2
 1666 73356 12
 1667 55026 9
 1668 67265 11
 1669 79508 13
 1670 73404 12
 1671 61180 10
 1672 24476 4
 1673 48960 8
 1674 116299 19
 1675 24488 4
 1676 18369 3
 1677 116356 19
 1678 116375 19
 1679 36756 6
 1680 61270 10
 1681 61280 10
 1682 116451 19
 1683 85820 14
 1684 61310 10
 1685 42924 7
 1686 91995 15
 1687 122680 20
 1688 79755 13
 1689 98176 16
 1690 18411 3
 1691 24552 4
 1692 18417 3
 1693 6140 1
 1694 30705 5
 1695 92130 15
 1696 55287 9
 1697 36864 6
 1698 92175 15
 1699 6146 1
 1700 12294 2
 1701 67628 11
 1702 67639 11
 1703 49200 8
 1704 67661 11
 1705 92280 15
 1706 12306 2
 1707 73848 12
 1708 30775 5
 1709 86184 14
 1710 116983 19
 1711 61580 10
 1712 80067 13
 1713 123200 20
 1714 43127 7
 1715 73944 12
 1716 123260 20
 1717 18492 3
 1718 6165 1
 1719 98656 16
 1720 104839 17
 1721 98688 16
 1722 18507 3
 1723 123400 20
 1724 49368 8
 1725 92580 15
 1726 98768 16
 1727 6174 1
 1728 61750 10
 1729 74112 12
 1730 24708 4
 1731 105026 17
 1732 86506 14
 1733 55620 9
 1734 98896 16
 1735 98912 16
 1736 18549 3
 1737 30920 5
 1738 123700 20
 1739 74232 12
 1740 86618 14
 1741 18564 3
 1742 55701 9
 1743 24760 4
 1744 105247 17
 1745 86688 14
 1746 12386 2
 1747 99104 16
 1748 74340 12
 1749 68156 11
 1750 105349 17
 1751 49584 8
 1752 105383 17
 1753 124000 20
 1754 99216 16
 1755 111636 18
 1756 49624 8
 1757 80652 13
 1758 12410 2
 1759 124120 20
 1760 31035 5
 1761 55872 9
 1762 124180 20
 1763 18630 3
 1764 55899 9
 1765 99392 16
 1766 111834 18
 1767 118066 19
 1768 93225 15
 1769 31080 5
 1770 87038 14
 1771 93270 15
 1772 124380 20
 1773 74640 12
 1774 111978 18
 1775 31110 5
 1776 6223 1
 1777 112032 18
 1778 49800 8
 1779 118294 19
 1780 62270 10
 1781 6228 1
 1782 68519 11
 1783 74760 12
 1784 112158 18
 1785 56088 9
 1786 74796 12
 1787 18702 3
 1788 118465 19
 1789 49888 8
 1790 31185 5
 1791 37428 6
 1792 81107 13
 1793 81120 13
 1794 93615 15
 1795 81146 13
 1796 24972 4
 1797 31220 5
 1798 24980 4
 1799 56214 9
 1800 37482 6
 1801 87472 14
 1802 18747 3
 1803 62500 10
 1804 50008 8
 1805 37512 6
 1806 87542 14
 1807 81302 13
 1808 62550 10
 1809 93840 15
 1810 37542 6
 1811 31290 5
 1812 87626 14
 1813 43820 7
 1814 37566 6
 1815 37572 6
 1816 118997 19
 1817 119016 19
 1818 25060 4
 1819 18798 3
 1820 50136 8
 1821 100288 16
 1822 25076 4
 1823 106590 17
 1824 56439 9
 1825 56448 9
 1826 100368 16
 1827 50192 8
 1828 81575 13
 1829 94140 15
 1830 94155 15
 1831 106726 17
 1832 31395 5
 1833 119320 19
 1834 6281 1
 1835 43974 7
 1836 94245 15
 1837 94260 15
 1838 43995 7
 1839 6286 1
 1840 18861 3
 1841 44016 7
 1842 44023 7
 1843 62900 10
 1844 44037 7
 1845 12584 2
 1846 119567 19
 1847 75528 12
 1848 69245 11
 1849 107032 17
 1850 69267 11
 1851 25192 4
 1852 75588 12
 1853 126000 20
 1854 69311 11
 1855 113436 18
 1856 75636 12
 1857 63040 10
 1858 25220 4
 1859 81978 13
 1860 12614 2
 1861 25232 4
 1862 50472 8
 1863 75720 12
 1864 31555 5
 1865 113616 18
 1866 50504 8
 1867 25256 4
 1868 101040 16
 1869 18948 3
 1870 94755 15
 1871 37908 6
 1872 56871 9
 1873 113760 18
 1874 101136 16
 1875 82186 13
 1876 12646 2
 1877 50592 8
 1878 37950 6
 1879 44282 7
 1880 75924 12
 1881 107576 17
 1882 120251 19
 1883 75960 12
 1884 31655 5
 1885 69652 11
 1886 126660 20
 1887 6334 1
 1888 25340 4
 1889 57024 9
 1890 25348 4
 1891 69718 11
 1892 44373 7
 1893 31700 5
 1894 6341 1
 1895 50736 8
 1896 12686 2
 1897 88816 14
 1898 19035 3
 1899 107882 17
 1900 82511 13
 1901 25392 4
 1902 12698 2
 1903 57150 9
 1904 63510 10
 1905 95280 15
 1906 57177 9
 1907 120726 19
 1908 108035 17
 1909 57204 9
 1910 63570 10
 1911 6358 1
 1912 101744 16
 1913 63600 10
 1914 31805 5
 1915 101792 16
 1916 38178 6
 1917 12728 2
 1918 63650 10
 1919 44562 7
 1920 31835 5
 1921 12736 2
 1922 114642 18
 1923 44590 7
 1924 63710 10
 1925 121068 19
 1926 114714 18
 1927 63740 10
 1928 76500 12
 1929 51008 8
 1930 121163 19
 1931 19134 3
 1932 44653 7
 1933 102080 16
 1934 70191 11
 1935 31910 5
 1936 89362 14
 1937 70224 11
 1938 127700 20
 1939 12772 2
 1940 12774 2
 1941 102208 16
 1942 121391 19
 1943 63900 10
 1944 25564 4
 1945 51136 8
 1946 102288 16
 1947 127880 20
 1948 12790 2
 1949 115128 18
 1950 127940 20
 1951 108766 17
 1952 19197 3
 1953 51200 8
 1954 128020 20
 1955 76824 12
 1956 83239 13
 1957 12808 2
 1958 25620 4
 1959 121714 19
 1960 83291 13
 1961 12816 2
 1962 115362 18
 1963 108970 17
 1964 89754 14
 1965 51296 8
 1966 70543 11
 1967 76968 12
 1968 6415 1
 1969 128320 20
 1970 51336 8
 1971 64180 10
 1972 109123 17
 1973 109140 17
 1974 25684 4
 1975 122018 19
 1976 6423 1
 1977 83512 13
 1978 96375 15
 1979 6426 1
 1980 6427 1
 1981 115704 18
 1982 32145 5
 1983 6430 1
 1984 12862 2
 1985 45024 7
 1986 38598 6
 1987 77208 12
 1988 25740 4
 1989 51488 8
 1990 90118 14
 1991 45066 7
 1992 90146 14
 1993 103040 16
 1994 103056 16
 1995 19326 3
 1996 64430 10
 1997 32220 5
 1998 64450 10
 1999 38676 6
 2000 38682 6
 2001 51584 8
 2002 58041 9
 2003 83850 13
 2004 70961 11
 2005 32260 5
 2006 83889 13
 2007 90356 14
 2008 116190 18
 2009 71016 11
 2010 64570 10
 2011 51664 8
 2012 83967 13
 2013 116280 18
 2014 71071 11
 2015 77544 12
 2016 96945 15
 2017 90496 14
 2018 116370 18
 2019 103456 16
 2020 103472 16
 2021 32340 5
 2022 109973 17
 2023 19410 3
 2024 38826 6
 2025 84136 13
 2026 64730 10
 2027 103584 16
 2028 38850 6
 2029 71236 11
 2030 12954 2
 2031 64780 10
 2032 103664 16
 2033 38880 6
 2034 71291 11
 2035 64820 10
 2036 77796 12
 2037 38904 6
 2038 32425 5
 2039 123234 19
 2040 110279 17
 2041 90832 14
 2042 12978 2
 2043 45430 7
 2044 129820 20
 2045 116856 18
 2046 103888 16
 2047 38964 6
 2048 19485 3
 2049 38976 6
 2050 97455 15
 2051 84474 13
 2052 32495 5
 2053 32500 5
 2054 32505 5
 2055 45514 7
 2056 117054 18
 2057 130080 20
 2058 13010 2
 2059 58554 9
 2060 58563 9
 2061 6508 1
 2062 26036 4
 2063 65100 10
 2064 97665 15
 2065 52096 8
 2066 130260 20
 2067 6514 1
 2068 104240 16
 2069 84708 13
 2070 84721 13
 2071 58662 9
 2072 45633 7
 2073 117360 18
 2074 91294 14
 2075 84786 13
 2076 123937 19
 2077 32620 5
 2078 117450 18
 2079 58734 9
 2080 91378 14
 2081 13056 2
 2082 58761 9
 2083 52240 8
 2084 19593 3
 2085 104512 16
 2086 26132 4
 2087 78408 12
 2088 71885 11
 2089 6536 1
 2090 65370 10
 2091 32690 5
 2092 45773 7
 2093 111180 17
 2094 78492 12
 2095 124298 19
 2096 117774 18
 2097 65440 10
 2098 78540 12
 2099 85098 13
 2100 130940 20
 2101 130960 20
 2102 32745 5
 2103 13100 2
 2104 45857 7
 2105 85176 13
 2106 131060 20
 2107 65540 10
 2108 52440 8
 2109 13112 2
 2110 98355 15
 2111 19674 3
 2112 131180 20
 2113 45920 7
 2114 91854 14
 2115 111554 17
 2116 118134 18
 2117 59076 9
 2118 13130 2
 2119 13132 2
 2120 26268 4
 2121 111656 17
 2122 6569 1
 2123 111690 17
 2124 98565 15
 2125 92008 14
 2126 46011 7
 2127 118332 18
 2128 131500 20
 2129 32880 5
 2130 105232 16
 2131 46046 7
 2132 131580 20
 2133 65800 10
 2134 98715 15
 2135 72402 11
 2136 26332 4
 2137 85592 13
 2138 65850 10
 2139 26344 4
 2140 79044 12
 2141 65880 10
 2142 131780 20
 2143 65900 10
 2144 65910 10
 2145 26368 4
 2146 92302 14
 2147 65940 10
 2148 26380 4
 2149 72556 11
 2150 72567 11
 2151 112166 17
 2152 72589 11
 2153 92400 14
 2154 105616 16
 2155 26408 4
 2156 26412 4
 2157 33020 5
 2158 66050 10
 2159 46242 7
 2160 19821 3
 2161 59472 9
 2162 6609 1
 2163 132200 20
 2164 92554 14
 2165 39672 6
 2166 52904 8
 2167 26456 4
 2168 99225 15
 2169 52928 8
 2170 86021 13
 2171 26472 4
 2172 46333 7
 2173 66200 10
 2174 72831 11
 2175 52976 8
 2176 66230 10
 2177 39744 6
 2178 59625 9
 2179 112642 17
 2180 92778 14
 2181 26512 4
 2182 33145 5
 2183 53040 8
 2184 59679 9
 2185 46424 7
 2186 33165 5
 2187 86242 13
 2188 26540 4
 2189 79632 12
 2190 66370 10
 2191 6638 1
 2192 73029 11
 2193 13280 2
 2194 73051 11
 2195 73062 11
 2196 79716 12
 2197 6644 1
 2198 19935 3
 2199 53168 8
 2200 66470 10
 2201 119664 18
 2202 79788 12
 2203 99750 15
 2204 119718 18
 2205 106432 16
 2206 19959 3
 2207 53232 8
 2208 26620 4
 2209 39936 6
 2210 126483 19
 2211 126502 19
 2212 86567 13
 2213 19980 3
 2214 133220 20
 2215 106592 16
 2216 119934 18
 2217 59976 9
 2218 13330 2
 2219 133320 20
 2220 106672 16
 2221 46676 7
 2222 60021 9
 2223 40020 6
 2224 20013 3
 2225 33360 5
 2226 33365 5
 2227 100110 15
 2228 60075 9
 2229 40056 6
 2230 40062 6
 2231 33390 5
 2232 46753 7
 2233 106880 16
 2234 106896 16
 2235 53456 8
 2236 40098 6
 2237 53472 8
 2238 113645 17
 2239 53488 8
 2240 53496 8
 2241 80256 12
 2242 53512 8
 2243 133800 20
 2244 46837 7
 2245 53536 8
 2246 93702 14
 2247 93716 14
 2248 100425 15
 2249 107136 16
 2250 40182 6
 2251 120564 18
 2252 66990 10
 2253 6700 1
 2254 40206 6
 2255 73722 11
 2256 80436 12
 2257 67040 10
 2258 53640 8
 2259 60354 9
 2260 26828 4
 2261 107328 16
 2262 53672 8
 2263 127490 19
 2264 40266 6
 2265 67120 10
 2266 46991 7
 2267 107424 16
 2268 94010 14
 2269 13432 2
 2270 94038 14
 2271 107488 16
 2272 6719 1
 2273 26880 4
 2274 60489 9
 2275 33610 5
 2276 33615 5
 2277 26896 4
 2278 73975 11
 2279 87438 13
 2280 20181 3
 2281 13456 2
 2282 6729 1
 2283 114410 17
 2284 74041 11
 2285 134640 20
 2286 40398 6
 2287 40404 6
 2288 60615 9
 2289 13472 2
 2290 47159 7
 2291 74118 11
 2292 114563 17
 2293 47180 7
 2294 74151 11
 2295 74162 11
 2296 121374 18
 2297 33720 5
 2298 26980 4
 2299 128174 19
 2300 40482 6
 2301 74228 11
 2302 128231 19
 2303 54000 8
 2304 54008 8
 2305 60768 9
 2306 33765 5
 2307 40524 6
 2308 60795 9
 2309 87828 13
 2310 74327 11
 2311 60822 9
 2312 67590 10
 2313 54080 8
 2314 67610 10
 2315 108192 16
 2316 13526 2
 2317 81168 12
 2318 20295 3
 2319 101490 15
 2320 40602 6
 2321 67680 10
 2322 27076 4
 2323 128630 19
 2324 88023 13
 2325 60948 9
 2326 101595 15
 2327 88062 13
 2328 67750 10
 2329 128744 19
 2330 88101 13
 2331 115226 17
 2332 33895 5
 2333 135600 20
 2334 40686 6
 2335 67820 10
 2336 94962 14
 2337 74624 11
 2338 61065 9
 2339 13572 2
 2340 108592 16
 2341 88244 13
 2342 47523 7
 2343 67900 10
 2344 122238 18
 2345 135840 20
 2346 88309 13
 2347 20382 3
 2348 33975 5
 2349 40776 6
 2350 54376 8
 2351 13596 2
 2352 20397 3
 2353 54400 8
 2354 13602 2
 2355 27208 4
 2356 40818 6
 2357 81648 12
 2358 61245 9
 2359 40836 6
 2360 74877 11
 2361 95312 14
 2362 61281 9
 2363 6810 1
 2364 122598 18
 2365 74932 11
 2366 20439 3
 2367 61326 9
 2368 6815 1
 2369 122688 18
 2370 95438 14
 2371 115906 17
 2372 75009 11
 2373 81840 12
 2374 115957 17
 2375 81864 12
 2376 115991 17
 2377 13648 2
 2378 6825 1
 2379 40956 6
 2380 88751 13
 2381 136560 20
 2382 68290 10
 2383 75130 11
 2384 13662 2
 2385 81984 12
 2386 81996 12
 2387 6834 1
 2388 68350 10
 2389 34180 5
 2390 109392 16
 2391 68380 10
 2392 13678 2
 2393 136800 20
 2394 75251 11
 2395 95788 14
 2396 88959 13
 2397 123192 18
 2398 61605 9
 2399 95844 14
 2400 54776 8
 2401 34240 5
 2402 82188 12
 2403 41100 6
 2404 27404 4
 2405 13704 2
 2406 54824 8
 2407 68540 10
 2408 102825 15
 2409 13712 2
 2410 75427 11
 2411 130302 19
 2412 75449 11
 2413 102900 15
 2414 27444 4
 2415 48034 7
 2416 41178 6
 2417 116688 17
 2418 137300 20
 2419 27464 4
 2420 13734 2
 2421 109888 16
 2422 54952 8
 2423 61830 9
 2424 109936 16
 2425 123696 18
 2426 54984 8
 2427 116858 17
 2428 116875 17
 2429 41256 6
 2430 6877 1
 2431 82536 12
 2432 89427 13
 2433 6880 1
 2434 20643 3
 2435 41292 6
 2436 34415 5
 2437 55072 8
 2438 55080 8
 2439 123948 18
 2440 55096 8
 2441 6888 1
 2442 20667 3
 2443 137800 20
 2444 48237 7
 2445 68920 10
 2446 48251 7
 2447 75834 11
 2448 89635 13
 2449 103440 15
 2450 89661 13
 2451 34490 5
 2452 124182 18
 2453 138000 20
 2454 27604 4
 2455 27608 4
 2456 13806 2
 2457 124272 18
 2458 20715 3
 2459 138120 20
 2460 20721 3
 2461 55264 8
 2462 103635 15
 2463 89830 13
 2464 117487 17
 2465 6912 1
 2466 48391 7
 2467 117538 17
 2468 27660 4
 2469 62244 9
 2470 55336 8
 2471 83016 12
 2472 13838 2
 2473 83040 12
 2474 69210 10
 2475 13844 2
 2476 55384 8
 2477 27696 4
 2478 110800 16
 2479 69260 10
 2480 131613 19
 2481 55424 8
 2482 103935 15
 2483 6930 1
 2484 13862 2
 2485 13864 2
 2486 97062 14
 2487 69340 10
 2488 138700 20
 2489 117912 17
 2490 6937 1
 2491 83256 12
 2492 27756 4
 2493 55520 8
 2494 13882 2
 2495 83304 12
 2496 76373 11
 2497 6944 1
 2498 13890 2
 2499 125028 18
 2500 111152 16
 2501 125064 18
 2502 125082 18
 2503 118150 17
 2504 90363 13
 2505 118184 17
 2506 69530 10
 2507 125172 18
 2508 20865 3
 2509 13912 2
 2510 83484 12
 2511 20874 3
 2512 125262 18
 2513 111360 16
 2514 125298 18
 2515 97468 14
 2516 90519 13
 2517 132316 19
 2518 104475 15
 2519 55728 8
 2520 48769 7
 2521 118456 17
 2522 76659 11
 2523 48790 7
 2524 104565 15
 2525 111552 16
 2526 111568 16
 2527 139480 20
 2528 55800 8
 2529 83712 12
 2530 139540 20
 2531 48846 7
 2532 69790 10
 2533 104700 15
 2534 20943 3
 2535 139640 20
 2536 48881 7
 2537 62856 9
 2538 104775 15
 2539 118762 17
 2540 111792 16
 2541 55904 8
 2542 139780 20
 2543 55920 8
 2544 55928 8
 2545 132848 19
 2546 76923 11
 2547 132886 19
 2548 118915 17
 2549 125928 18
 2550 83964 12
 2551 6998 1
 2552 69990 10
 2553 7000 1
 2554 70010 10
 2555 28008 4
 2556 91039 13
 2557 133076 19
 2558 42030 6
 2559 105090 15
 2560 84084 12
 2561 70080 10
 2562 70090 10
 2563 119170 17
 2564 140220 20
 2565 77132 11
 2566 28052 4
 2567 98196 14
 2568 112240 16
 2569 91208 13
 2570 28068 4
 2571 77198 11
 2572 119323 17
 2573 140400 20
 2574 28084 4
 2575 98308 14
 2576 140460 20
 2577 49168 7
 2578 70250 10
 2579 63234 9
 2580 21081 3
 2581 28112 4
 2582 140580 20
 2583 56240 8
 2584 56248 8
 2585 7032 1
 2586 28132 4
 2587 84408 12
 2588 133665 19
 2589 105540 15
 2590 119629 17
 2591 70380 10
 2592 119663 17
 2593 42240 6
 2594 119697 17
 2595 119714 17
 2596 21129 3
 2597 140880 20
 2598 119765 17
 2599 126828 18
 2600 98658 14
 2601 21144 3
 2602 28196 4
 2603 42300 6
 2604 105765 15
 2605 14104 2
 2606 105795 15
 2607 126972 18
 2608 42330 6
 2609 63504 9
 2610 91741 13
 2611 56464 8
 2612 49413 7
 2613 127080 18
 2614 63549 9
 2615 35310 5
 2616 98882 14
 2617 14128 2
 2618 56520 8
 2619 70660 10
 2620 120139 17
 2621 120156 17
 2622 91897 13
 2623 56560 8
 2624 98994 14
 2625 70720 10
 2626 7073 1
 2627 70740 10
 2628 120275 17
 2629 35380 5
 2630 49539 7
 2631 106170 15
 2632 35395 5
 2633 84960 12
 2634 49567 7
 2635 113312 16
 2636 106245 15
 2637 49588 7
 2638 7085 1
 2639 92118 13
 2640 134653 19
 2641 56704 8
 2642 70890 10
 2643 92170 13
 2644 85092 12
 2645 42552 6
 2646 134767 19
 2647 120598 17
 2648 21285 3
 2649 35480 5
 2650 92261 13
 2651 141960 20
 2652 49693 7
 2653 71000 10
 2654 106515 15
 2655 113632 16
 2656 92339 13
 2657 63936 9
 2658 127890 18
 2659 7106 1
 2660 85284 12
 2661 71080 10
 2662 21327 3
 2663 28440 4
 2664 78221 11
 2665 142240 20
 2666 92469 13
 2667 99596 14
 2668 28460 4
 2669 135204 19
 2670 92521 13
 2671 113888 16
 2672 135261 19
 2673 121040 17
 2674 85452 12
 2675 28488 4
 2676 49861 7
 2677 113984 16
 2678 142500 20
 2679 135394 19
 2680 142540 20
 2681 99792 14
 2682 49903 7
 2683 64170 9
 2684 128358 18
 2685 142640 20
 2686 128394 18
 2687 21402 3
 2688 49945 7
 2689 78496 11
 2690 64233 9
 2691 28552 4
 2692 85668 12
 2693 21420 3
 2694 121397 17
 2695 49994 7
 2696 107145 15
 2697 107160 15
 2698 50015 7
 2699 42876 6
 2700 7147 1
 2701 85776 12
 2702 78639 11
 2703 14300 2
 2704 71510 10
 2705 14304 2
 2706 114448 16
 2707 107310 15
 2708 42930 6
 2709 85872 12
 2710 143140 20
 2711 50106 7
 2712 143180 20
 2713 114560 16
 2714 35805 5
 2715 28648 4
 2716 121771 17
 2717 57312 8
 2718 85980 12
 2719 57328 8
 2720 114672 16
 2721 43008 6
 2722 114704 16
 2723 50190 7
 2724 7171 1
 2725 71720 10
 2726 14346 2
 2727 28696 4
 2728 100450 14
 2729 143520 20
 2730 136363 19
 2731 57424 8
 2732 50253 7
 2733 64620 9
 2734 21543 3
 2735 64638 9
 2736 57464 8
 2737 86208 12
 2738 114960 16
 2739 50302 7
 2740 122179 17
 2741 129384 18
 2742 50323 7
 2743 100660 14
 2744 100674 14
 2745 28768 4
 2746 35965 5
 2747 14388 2
 2748 115120 16
 2749 35980 5
 2750 122349 17
 2751 136762 19
 2752 21597 3
 2753 50400 7
 2754 64809 9
 2755 28808 4
 2756 108045 15
 2757 122468 17
 2758 108075 15
 2759 79266 11
 2760 7207 1
 2761 129744 18
 2762 100926 14
 2763 43260 6
 2764 28844 4
 2765 108180 15
 2766 144260 20
 2767 72140 10
 2768 115440 16
 2769 57728 8
 2770 28868 4
 2771 108270 15
 2772 129942 18
 2773 144400 20
 2774 57768 8
 2775 101108 14
 2776 79453 11
 2777 36120 5
 2778 65025 9
 2779 65034 9
 2780 122859 17
 2781 93964 13
 2782 57832 8
 2783 43380 6
 2784 65079 9
 2785 101248 14
 2786 94029 13
 2787 57872 8
 2788 21705 3
 2789 43416 6
 2790 50659 7
 2791 72380 10
 2792 28956 4
 2793 115840 16
 2794 130338 18
 2795 130356 18
 2796 137617 19
 2797 28976 4
 2798 36225 5
 2799 72460 10
 2800 123199 17
 2801 108720 15
 2802 86988 12
 2803 65250 9
 2804 94263 13
 2805 72520 10
 2806 87036 12
 2807 58032 8
 2808 29020 4
 2809 21768 3
 2810 7257 1
 2811 94354 13
 2812 36295 5
 2813 65340 9
 2814 43566 6
 2815 72620 10
 2816 50841 7
 2817 101696 14
 2818 36325 5
 2819 123522 17
 2820 65403 9
 2821 29072 4
 2822 65421 9
 2823 138130 19
 2824 138149 19
 2825 21816 3
 2826 14546 2
 2827 7274 1
 2828 58200 8
 2829 36380 5
 2830 123709 17
 2831 14556 2
 2832 14558 2
 2833 7280 1
 2834 138339 19
 2835 29128 4
 2836 94679 13
 2837 101976 14
 2838 94705 13
 2839 29144 4
 2840 65583 9
 2841 21864 3
 2842 131202 18
 2843 102060 14
 2844 80201 11
 2845 87504 12
 2846 51051 7
 2847 87528 12
 2848 124015 17
 2849 21888 3
 2850 138643 19
 2851 65682 9
 2852 14598 2
 2853 131400 18
 2854 102214 14
 2855 80322 11
 2856 7303 1
 2857 131472 18
 2858 102270 14
 2859 7306 1
 2860 116912 16
 2861 124236 17
 2862 14618 2
 2863 7310 1
 2864 65799 9
 2865 73120 10
 2866 7313 1
 2867 58512 8
 2868 102410 14
 2869 124372 17
 2870 73170 10
 2871 102452 14
 2872 80509 11
 2873 73200 10
 2874 21963 3
 2875 29288 4
 2876 124491 17
 2877 146480 20
 2878 95225 13
 2879 139194 19
 2880 21981 3
 2881 117248 16
 2882 146580 20
 2883 139270 19
 2884 58648 8
 2885 117312 16
 2886 7333 1
 2887 51338 7
 2888 132030 18
 2889 7336 1
 2890 66033 9
 2891 73380 10
 2892 36695 5
 2893 14680 2
 2894 66069 9
 2895 110130 15
 2896 102802 14
 2897 44064 6
 2898 14690 2
 2899 14692 2
 2900 36735 5
 2901 22044 3
 2902 80839 11
 2903 44100 6
 2904 66159 9
 2905 132336 18
 2906 29412 4
 2907 117664 16
 2908 66195 9
 2909 117696 16
 2910 95641 13
 2911 73580 10
 2912 73590 10
 2913 22080 3
 2914 125137 17
 2915 95706 13
 2916 139897 19
 2917 88368 12
 2918 125205 17
 2919 88392 12
 2920 95771 13
 2921 95784 13
 2922 147380 20
 2923 58960 8
 2924 29484 4
 2925 22116 3
 2926 125341 17
 2927 51618 7
 2928 7375 1
 2929 44256 6
 2930 66393 9
 2931 147560 20
 2932 59032 8
 2933 14760 2
 2934 118096 16
 2935 44292 6
 2936 7383 1
 2937 44304 6
 2938 73850 10
 2939 73860 10
 2940 14774 2
 2941 88656 12
 2942 81279 11
 2943 7390 1
 2944 133038 18
 2945 14784 2
 2946 133074 18
 2947 147880 20
 2948 22185 3
 2949 22188 3
 2950 88764 12
 2951 140562 19
 2952 29596 4
 2953 7400 1
 2954 103614 14
 2955 59216 8
 2956 51821 7
 2957 22212 3
 2958 59240 8
 2959 29624 4
 2960 59256 8
 2961 81488 11
 2962 29636 4
 2963 29640 4
 2964 7411 1
 2965 14824 2
 2966 140847 19
 2967 81554 11
 2968 133470 18
 2969 88992 12
 2970 111255 15
 2971 126106 17
 2972 37095 5
 2973 133560 18
 2974 44526 6
 2975 81642 11
 2976 111345 15
 2977 44544 6
 2978 14850 2
 2979 22278 3
 2980 59416 8
 2981 133704 18
 2982 81719 11
 2983 141170 19
 2984 22293 3
 2985 118912 16
 2986 14866 2
 2987 52038 7
 2988 59480 8
 2989 118976 16
 2990 74370 10
 2991 141322 19
 2992 29756 4
 2993 74400 10
 2994 22323 3
 2995 14884 2
 2996 104202 14
 2997 104216 14
 2998 37225 5
 2999 81906 11
 3000 29788 4
 3001 29792 4
 3002 134082 18
 3003 111750 15
 3004 67059 9
 3005 7452 1
 3006 37265 5
 3007 81994 11
 3008 89460 12
 3009 59648 8
 3010 29828 4
 3011 37290 5
 3012 134262 18
 3013 14920 2
 3014 141759 19
 3015 111930 15
 3016 59704 8
 3017 126888 17
 3018 59720 8
 3019 67194 9
 3020 59736 8
 3021 44808 6
 3022 44814 6
 3023 119520 16
 3024 59768 8
 3025 149440 20
 3026 134514 18
 3027 22422 3
 3028 142025 19
 3029 59808 8
 3030 22431 3
 3031 82258 11
 3032 22437 3
 3033 22440 3
 3034 29924 4
 3035 149640 20
 3036 127211 17
 3037 89808 12
 3038 37425 5
 3039 97318 13
 3040 22461 3
 3041 82368 11
 3042 82379 11
 3043 134820 18
 3044 29964 4
 3045 82412 11
 3046 89916 12
 3047 104916 14
 3048 7495 1
 3049 149920 20
 3050 97461 13
 3051 74980 10
 3052 29996 4
 3053 150000 20
 3054 105014 14
 3055 37510 5
 3056 105042 14
 3057 75040 10
 3058 105070 14
 3059 82566 11
 3060 22521 3
 3061 75080 10
 3062 22527 3
 3063 97630 13
 3064 45066 6
 3065 135216 18
 3066 150260 20
 3067 7514 1
 3068 22545 3
 3069 112740 15
 3070 52619 7
 3071 37590 5
 3072 75190 10
 3073 120320 16
 3074 52647 7
 3075 120352 16
 3076 135414 18
 3077 142956 19
 3078 60200 8
 3079 30104 4
 3080 22581 3
 3081 15056 2
 3082 143051 19
 3083 15060 2
 3084 60248 8
 3085 90384 12
 3086 45198 6
 3087 97942 13
 3088 30140 4
 3089 52752 7
 3090 67833 9
 3091 45228 6
 3092 143241 19
 3093 60320 8
 3094 22623 3
 3095 105588 14
 3096 90516 12
 3097 7544 1
 3098 120720 16
 3099 143374 19
 3100 52829 7
 3101 30192 4
 3102 22647 3
 3103 45300 6
 3104 67959 9
 3105 37760 5
 3106 83083 11
 3107 75540 10
 3108 143545 19
 3109 128452 17
 3110 128469 17
 3111 60464 8
 3112 113385 15
 3113 151200 20
 3114 98293 13
 3115 52934 7
 3116 68067 9
 3117 45384 6
 3118 45390 6
 3119 151320 20
 3120 52969 7
 3121 60544 8
 3122 15138 2
 3123 15140 2
 3124 151420 20
 3125 15144 2
 3126 90876 12
 3127 121184 16
 3128 75750 10
 3129 106064 14
 3130 7577 1
 3131 68202 9
 3132 121264 16
 3133 75800 10
 3134 68229 9
 3135 144058 19
 3136 60664 8
 3137 7584 1
 3138 113775 15
 3139 121376 16
 3140 45522 6
 3141 128996 17
 3142 30356 4
 3143 45540 6
 3144 68319 9
 3145 83512 11
 3146 15186 2
 3147 45564 6
 3148 106330 14
 3149 68364 9
 3150 45582 6
 3151 106372 14
 3152 129183 17
 3153 60800 8
 3154 38005 5
 3155 60816 8
 3156 68427 9
 3157 30416 4
 3158 68445 9
 3159 121696 16
 3160 91284 12
 3161 45648 6
 3162 15218 2
 3163 22830 3
 3164 83721 11
 3165 152240 20
 3166 15226 2
 3167 45684 6
 3168 68535 9
 3169 106624 14
 3170 91404 12
 3171 7618 1
 3172 76190 10
 3173 152400 20
 3174 114315 15
 3175 137196 18
 3176 144837 19
 3177 45744 6
 3178 38125 5
 3179 15252 2
 3180 83897 11
 3181 76280 10
 3182 137322 18
 3183 61040 8
 3184 83941 11
 3185 122112 16
 3186 53431 7
 3187 30536 4
 3188 106890 14
 3189 99268 13
 3190 15274 2
 3191 91656 12
 3192 152780 20
 3193 22920 3
 3194 145179 19
 3195 84062 11
 3196 61144 8
 3197 114660 15
 3198 84095 11
 3199 22938 3
 3200 107058 14
 3201 38240 5
 3202 114735 15
 3203 84150 11
 3204 122416 16
 3205 122432 16
 3206 130101 17
 3207 38270 5
 3208 7655 1
 3209 30624 4
 3210 38285 5
 3211 99554 13
 3212 38295 5
 3213 107240 14
 3214 114915 15
 3215 7662 1
 3216 114945 15
 3217 122624 16
 3218 114975 15
 3219 7666 1
 3220 15334 2
 3221 7668 1
 3222 122704 16
 3223 23010 3
 3224 122736 16
 3225 130424 17
 3226 107422 14
 3227 61392 8
 3228 99775 13
 3229 53732 7
 3230 92124 12
 3231 153560 20
 3232 153580 20
 3233 92160 12
 3234 99853 13
 3235 69138 9
 3236 145977 19
 3237 138312 18
 3238 53795 7
 3239 153720 20
 3240 153740 20
 3241 107632 14
 3242 15378 2
 3243 115350 15
 3244 46146 6
 3245 130764 17
 3246 146167 19
 3247 107716 14
 3248 69255 9
 3249 53872 7
 3250 123152 16
 3251 30792 4
 3252 53893 7
 3253 100100 13
 3254 138618 18
 3255 138636 18
 3256 100139 13
 3257 61632 8
 3258 154100 20
 3259 131002 17
 3260 138726 18
 3261 107912 14
 3262 84799 11
 3263 30840 4
 3264 84821 11
 3265 138816 18
 3266 38565 5
 3267 15428 2
 3268 7715 1
 3269 138888 18
 3270 138906 18
 3271 154360 20
 3272 154380 20
 3273 38600 5
 3274 77210 10
 3275 154440 20
 3276 30892 4
 3277 84964 11
 3278 139050 18
 3279 38630 5
 3280 146813 19
 3281 23184 3
 3282 15458 2
 3283 131410 17
 3284 146889 19
 3285 23196 3
 3286 146927 19
 3287 69606 9
 3288 7735 1
 3289 54152 7
 3290 154740 20
 3291 23214 3
 3292 46434 6
 3293 77400 10
 3294 69669 9
 3295 85162 11
 3296 61944 8
 3297 46464 6
 3298 7745 1
 3299 85206 11
 3300 38735 5
 3301 15496 2
 3302 108486 14
 3303 124000 16
 3304 124016 16
 3305 100776 13
 3306 100789 13
 3307 69786 9
 3308 100815 13
 3309 131852 17
 3310 54299 7
 3311 46548 6
 3312 85349 11
 3313 69840 9
 3314 46566 6
 3315 31048 4
 3316 155260 20
 3317 147516 19
 3318 38825 5
 3319 7766 1
 3320 15534 2
 3321 54376 7
 3322 69921 9
 3323 147630 19
 3324 31084 4
 3325 147668 19
 3326 46638 6
 3327 147706 19
 3328 124400 16
 3329 147744 19
 3330 77770 10
 3331 155560 20
 3332 23337 3
 3333 147820 19
 3334 132277 17
 3335 93384 12
 3336 15566 2
 3337 23352 3
 3338 31140 4
 3339 62288 8
 3340 31148 4
 3341 93456 12
 3342 7789 1
 3343 116850 15
 3344 38955 5
 3345 85712 11
 3346 62344 8
 3347 85734 11
 3348 77950 10
 3349 140328 18
 3350 148143 19
 3351 124768 16
 3352 101387 13
 3353 70200 9
 3354 62408 8
 3355 46812 6
 3356 109242 14
 3357 78040 10
 3358 39025 5
 3359 117090 15
 3360 7807 1
 3361 78080 10
 3362 140562 18
 3363 70290 9
 3364 78110 10
 3365 7812 1
 3366 148447 19
 3367 62512 8
 3368 15630 2
 3369 85976 11
 3370 23451 3
 3371 156360 20
 3372 109466 14
 3373 15640 2
 3374 7821 1
 3375 70398 9
 3376 54761 7
 3377 93888 12
 3378 54775 7
 3379 148694 19
 3380 31308 4
 3381 133076 17
 3382 7829 1
 3383 140940 18
 3384 62648 8
 3385 54824 7
 3386 31332 4
 3387 31336 4
 3388 94020 12
 3389 62688 8
 3390 23511 3
 3391 23514 3
 3392 117585 15
 3393 7840 1
 3394 133297 17
 3395 39210 5
 3396 54901 7
 3397 78440 10
 3398 125520 16
 3399 7846 1
 3400 78470 10
 3401 149112 19
 3402 70641 9
 3403 39250 5
 3404 39255 5
 3405 141336 18
 3406 15706 2
 3407 109956 14
 3408 39275 5
 3409 78560 10
 3410 94284 12
 3411 39290 5
 3412 125744 16
 3413 157200 20
 3414 39305 5
 3415 39310 5
 3416 94356 12
 3417 15728 2
 3418 94380 12
 3419 7866 1
 3420 141606 18
 3421 102284 13
 3422 15738 2
 3423 39350 5
 3424 31484 4
 3425 31488 4
 3426 149587 19
 3427 110236 14
 3428 63000 8
 3429 31504 4
 3430 70893 9
 3431 126048 16
 3432 110306 14
 3433 86680 11
 3434 63048 8
 3435 23646 3
 3436 31532 4
 3437 55188 7
 3438 134045 17
 3439 126176 16
 3440 47322 6
 3441 15776 2
 3442 157780 20
 3443 63120 8
 3444 142038 18
 3445 71028 9
 3446 149967 19
 3447 126304 16
 3448 86845 11
 3449 134232 17
 3450 47382 6
 3451 23694 3
 3452 142182 18
 3453 71100 9
 3454 134317 17
 3455 31608 4
 3456 63224 8
 3457 55328 7
 3458 55335 7
 3459 71154 9
 3460 142326 18
 3461 7908 1
 3462 55363 7
 3463 47460 6
 3464 150309 19
 3465 63296 8
 3466 102869 13
 3467 87054 11
 3468 7915 1
 3469 55412 7
 3470 79170 10
 3471 7918 1
 3472 134623 17
 3473 118800 15
 3474 79210 10
 3475 23766 3
 3476 39615 5
 3477 79240 10
 3478 87175 11
 3479 55482 7
 3480 126832 16
 3481 79280 10
 3482 150651 19
 3483 150670 19
 3484 7931 1
 3485 103116 13
 3486 118995 15
 3487 150746 19
 3488 23805 3
 3489 23808 3
 3490 158740 20
 3491 142884 18
 3492 63512 8
 3493 79400 10
 3494 134997 17
 3495 39710 5
 3496 103259 13
 3497 63552 8
 3498 39725 5
 3499 55622 7
 3500 143046 18
 3501 87428 11
 3502 79490 10
 3503 47700 6
 3504 79510 10
 3505 151088 19
 3506 103389 13
 3507 159080 20
 3508 111370 14
 3509 47736 6
 3510 63656 8
 3511 39790 5
 3512 127344 16
 3513 127360 16
 3514 39805 5
 3515 95544 12
 3516 23889 3
 3517 87604 11
 3518 135405 17
 3519 71694 9
 3520 23901 3
 3521 39840 5
 3522 111566 14
 3523 135490 17
 3524 63768 8
 3525 151468 19
 3526 135541 17
 3527 119610 15
 3528 23925 3
 3529 87736 11
 3530 119655 15
 3531 39890 5
 3532 111706 14
 3533 127680 16
 3534 23943 3
 3535 151658 19
 3536 103779 13
 3537 39920 5
 3538 135745 17
 3539 143748 18
 3540 119805 15
 3541 79880 10
 3542 127824 16
 3543 103870 13
 3544 55937 7
 3545 47952 6
 3546 7993 1
 3547 143892 18
 3548 103935 13
 3549 151924 19
 3550 159940 20
 3551 143964 18
 3552 159980 20
 3553 104000 13
 3554 96012 12
 3555 16004 2
 3556 64024 8
 3557 144072 18
 3558 72045 9
 3559 16012 2
 3560 56049 7
 3561 8008 1
 3562 136153 17
 3563 16020 2
 3564 120165 15
 3565 128192 16
 3566 120195 15
 3567 72126 9
 3568 144270 18
 3569 96192 12
 3570 48102 6
 3571 152342 19
 3572 120285 15
 3573 112280 14
 3574 56147 7
 3575 104286 13
 3576 32092 4
 3577 144432 18
 3578 120375 15
 3579 96312 12
 3580 152513 19
 3581 96336 12
 3582 80290 10
 3583 144540 18
 3584 88341 11
 3585 96384 12
 3586 152627 19
 3587 88374 11
 3588 112490 14
 3589 48216 6
 3590 56259 7
 3591 120570 15
 3592 160780 20
 3593 128640 16
 3594 136697 17
 3595 120630 15
 3596 72387 9
 3597 104572 13
 3598 8045 1
 3599 88506 11
 3600 24141 3
 3601 152912 19
 3602 88539 11
 3603 128800 16
 3604 128816 16
 3605 32208 4
 3606 80530 10
 3607 80540 10
 3608 112770 14
 3609 32224 4
 3610 80570 10
 3611 153102 19
 3612 64472 8
 3613 153140 19
 3614 16122 2
 3615 32248 4
 3616 80630 10
 3617 56448 7
 3618 56455 7
 3619 104858 13
 3620 24201 3
 3621 161360 20
 3622 72621 9
 3623 129120 16
 3624 56497 7
 3625 113008 14
 3626 153387 19
 3627 24222 3
 3628 40375 5
 3629 24228 3
 3630 113078 14
 3631 64624 8
 3632 153501 19
 3633 121200 15
 3634 80810 10
 3635 129312 16
 3636 96996 12
 3637 153596 19
 3638 129360 16
 3639 97032 12
 3640 161740 20
 3641 105144 13
 3642 24267 3
 3643 121350 15
 3644 145638 18
 3645 145656 18
 3646 64744 8
 3647 72846 9
 3648 80950 10
 3649 56672 7
 3650 64776 8
 3651 145764 18
 3652 113386 14
 3653 153900 19
 3654 137717 17
 3655 40510 5
 3656 89133 11
 3657 162080 20
 3658 64840 8
 3659 137802 17
 3660 89177 11
 3661 129728 16
 3662 145962 18
 3663 16220 2
 3664 105443 13
 3665 113568 14
 3666 162260 20
 3667 32456 4
 3668 56805 7
 3669 81160 10
 3670 8117 1
 3671 32472 4
 3672 48714 6
 3673 146160 18
 3674 105573 13
 3675 40610 5
 3676 113722 14
 3677 73116 9
 3678 8125 1
 3679 130016 16
 3680 81270 10
 3681 16256 2
 3682 32516 4
 3683 162600 20
 3684 65048 8
 3685 73188 9
 3686 48798 6
 3687 162680 20
 3688 146430 18
 3689 162720 20
 3690 113918 14
 3691 40690 5
 3692 56973 7
 3693 97680 12
 3694 56987 7
 3695 24426 3
 3696 114002 14
 3697 122160 15
 3698 97740 12
 3699 40730 5
 3700 138499 17
 3701 40740 5
 3702 122235 15
 3703 97800 12
 3704 146718 18
 3705 40760 5
 3706 48918 6
 3707 122310 15
 3708 73395 9
 3709 122340 15
 3710 73413 9
 3711 146844 18
 3712 138703 17
 3713 106080 13
 3714 155059 19
 3715 163240 20
 3716 130608 16
 3717 24492 3
 3718 40825 5
 3719 130656 16
 3720 147006 18
 3721 89848 11
 3722 106197 13
 3723 81700 10
 3724 98052 12
 3725 81720 10
 3726 24519 3
 3727 57218 7
 3728 65400 8
 3729 8176 1
 3730 139009 17
 3731 114492 14
 3732 114506 14
 3733 32720 4
 3734 16362 2
 3735 49092 6
 3736 155477 19
 3737 40920 5
 3738 114590 14
 3739 49116 6
 3740 114618 14
 3741 73692 9
 3742 98268 12
 3743 139230 17
 3744 8191 1
 3745 114688 14
 3746 90123 11
 3747 49164 6
 3748 114730 14
 3749 90156 11
 3750 90167 11
 3751 122970 15
 3752 73791 9
 3753 8200 1
 3754 147618 18
 3755 164040 20
 3756 147654 18
 3757 57428 7
 3758 106665 13
 3759 131296 16
 3760 155933 19
 3761 90288 11
 3762 147762 18
 3763 147780 18
 3764 82110 10
 3765 24636 3
 3766 98556 12
 3767 106782 13
 3768 8215 1
 3769 32864 4
 3770 147906 18
 3771 139706 17
 3772 16438 2
 3773 32880 4
 3774 106873 13
 3775 41110 5
 3776 41115 5
 3777 123360 15
 3778 106925 13
 3779 115164 14
 3780 41135 5
 3781 115192 14
 3782 98748 12
 3783 8230 1
 3784 139927 17
 3785 164640 20
 3786 8233 1
 3787 131744 16
 3788 32940 4
 3789 74124 9
 3790 107081 13
 3791 131808 16
 3792 57673 7
 3793 140080 17
 3794 148338 18
 3795 74178 9
 3796 131888 16
 3797 123660 15
 3798 90695 11
 3799 49476 6
 3800 107211 13
 3801 148464 18
 3802 8249 1
 3803 66000 8
 3804 123765 15
 3805 41260 5
 3806 66024 8
 3807 107302 13
 3808 123825 15
 3809 123840 15
 3810 165140 20
 3811 90838 11
 3812 82590 10
 3813 33040 4
 3814 90871 11
 3815 99144 12
 3816 33052 4
 3817 24792 3
 3818 115710 14
 3819 148788 18
 3820 99204 12
 3821 74412 9
 3822 157111 19
 3823 24810 3
 3824 124065 15
 3825 33088 4
 3826 33092 4
 3827 165480 20
 3828 115850 14
 3829 148968 18
 3830 115878 14
 3831 165560 20
 3832 140743 17
 3833 74520 9
 3834 82810 10
 3835 8282 1
 3836 16566 2
 3837 107692 13
 3838 91135 11
 3839 107718 13
 3840 8287 1
 3841 107744 13
 3842 8289 1
 3843 99480 12
 3844 66328 8
 3845 49752 6
 3846 116102 14
 3847 24882 3
 3848 165900 20
 3849 24888 3
 3850 107861 13
 3851 141066 17
 3852 157681 19
 3853 157700 19
 3854 49806 6
 3855 66416 8
 3856 66424 8
 3857 124560 15
 3858 41525 5
 3859 124590 15
 3860 149526 18
 3861 149544 18
 3862 24927 3
 3863 58170 7
 3864 166220 20
 3865 108056 13
 3866 157947 19
 3867 24942 3
 3868 133040 16
 3869 124740 15
 3870 116438 14
 3871 49908 6
 3872 141423 17
 3873 33280 4
 3874 166420 20
 3875 116508 14
 3876 74907 9
 3877 41620 5
 3878 83250 10
 3879 133216 16
 3880 149886 18
 3881 116592 14
 3882 124935 15
 3883 149940 18
 3884 108303 13
 3885 8332 1
 3886 83330 10
 3887 16668 2
 3888 125025 15
 3889 41680 5
 3890 125055 15
 3891 133408 16
 3892 58373 7
 3893 50040 6
 3894 158479 19
 3895 83420 10
 3896 141831 17
 3897 66752 8
 3898 141865 17
 3899 66768 8
 3900 116858 14
 3901 33392 4
 3902 16698 2
 3903 16700 2
 3904 133616 16
 3905 150336 18
 3906 91883 11
 3907 8354 1
 3908 50130 6
 3909 125340 15
 3910 50142 6
 3911 58506 7
 3912 25077 3
 3913 83600 10
 3914 158859 19
 3915 108706 13
 3916 133808 16
 3917 25092 3
 3918 66920 8
 3919 83660 10
 3920 66936 8
 3921 58576 7
 3922 66952 8
 3923 58590 7
 3924 41855 5
 3925 133952 16
 3926 50238 6
 3927 25122 3
 3928 58625 7
 3929 83760 10
 3930 159163 19
 3931 108914 13
 3932 134064 16
 3933 92180 11
 3934 8381 1
 3935 142494 17
 3936 75447 9
 3937 159296 19
 3938 25155 3
 3939 8386 1
 3940 92257 11
 3941 16776 2
 3942 16778 2
 3943 159410 19
 3944 151038 18
 3945 117488 14
 3946 109109 13
 3947 109122 13
 3948 83950 10
 3949 125940 15
 3950 50382 6
 3951 67184 8
 3952 167980 20
 3953 25200 3
 3954 67208 8
 3955 134432 16
 3956 8403 1
 3957 142868 17
 3958 151290 18
 3959 168120 20
 3960 134512 16
 3961 50448 6
 3962 75681 9
 3963 67280 8
 3964 58877 7
 3965 109356 13
 3966 92543 11
 3967 159866 19
 3968 168300 20
 3969 67328 8
 3970 109421 13
 3971 33672 4
 3972 143123 17
 3973 126300 15
 3974 151578 18
 3975 25266 3
 3976 92653 11
 3977 92664 11
 3978 16850 2
 3979 117964 14
 3980 92697 11
 3981 126420 15
 3982 8429 1
 3983 143310 17
 3984 134896 16
 3985 101184 12
 3986 42165 5
 3987 16868 2
 3988 101220 12
 3989 16872 2
 3990 67496 8
 3991 75942 9
 3992 75951 9
 3993 160360 19
 3994 160379 19
 3995 50652 6
 3996 16886 2
 3997 160436 19
 3998 143565 17
 3999 8446 1
 4000 135152 16
 4001 126720 15
 4002 135184 16
 4003 101400 12
 4004 59157 7
 4005 126780 15
 4006 59171 7
 4007 126810 15
 4008 67640 8
 4009 118384 14
 4010 143769 17
 4011 118412 14
 4012 67672 8
 4013 16920 2
 4014 109993 13
 4015 169240 20
 4016 126945 15
 4017 143888 17
 4018 16930 2
 4019 152388 18
 4020 16934 2
 4021 76212 9
 4022 8469 1
 4023 127050 15
 4024 50826 6
 4025 76248 9
 4026 84730 10
 4027 8474 1
 4028 161025 19
 4029 8476 1
 4030 93247 11
 4031 152604 18
 4032 135664 16
 4033 118720 14
 4034 101772 12
 4035 152676 18
 4036 118762 14
 4037 110292 13
 4038 8485 1
 4039 16972 2
 4040 76383 9
 4041 16976 2
 4042 8489 1
 4043 84900 10
 4044 50946 6
 4045 93412 11
 4046 16986 2
 4047 67952 8
 4048 50970 6
 4049 135936 16
 4050 76473 9
 4051 169960 20
 4052 169980 20
 4053 144500 17
 4054 25503 3
 4055 102024 12
 4056 144551 17
 4057 127560 15
 4058 170100 20
 4059 8506 1
 4060 17014 2
 4061 110604 13
 4062 110617 13
 4063 110630 13
 4064 119154 14
 4065 8512 1
 4066 76617 9
 4067 161766 19
 4068 76635 9
 4069 76644 9
 4070 17034 2
 4071 59626 7
 4072 8519 1
 4073 25560 3
 4074 34084 4
 4075 93742 11
 4076 161937 19
 4077 59668 7
 4078 85250 10
 4079 93786 11
 4080 162013 19
 4081 34112 4
 4082 119406 14
 4083 119420 14
 4084 127965 15
 4085 59724 7
 4086 110929 13
 4087 153612 18
 4088 17070 2
 4089 59752 7
 4090 162203 19
 4091 136608 16
 4092 85390 10
 4093 128100 15
 4094 170820 20
 4095 162298 19
 4096 119602 14
 4097 119616 14
 4098 102540 12
 4099 136736 16
 4100 111111 13
 4101 59836 7
 4102 17098 2
 4103 136800 16
 4104 85510 10
 4105 17104 2
 4106 51318 6
 4107 42770 5
 4108 94105 11
 4109 34224 4
 4110 154026 18
 4111 136928 16
 4112 145503 17
 4113 85600 10
 4114 154098 18
 4115 154116 18
 4116 77067 9
 4117 128460 15
 4118 162735 19
 4119 77094 9
 4120 162773 19
 4121 154224 18
 4122 145673 17
 4123 77130 9
 4124 102852 12
 4125 162868 19
 4126 162887 19
 4127 34296 4
 4128 145775 17
 4129 51456 6
 4130 171540 20
 4131 128670 15
 4132 154422 18
 4133 60060 7
 4134 34324 4
 4135 111566 13
 4136 163077 19
 4137 17168 2
 4138 85850 10
 4139 111618 13
 4140 25761 3
 4141 137408 16
 4142 154602 18
 4143 137440 16
 4144 94501 11
 4145 128880 15
 4146 103116 12
 4147 34376 4
 4148 68760 8
 4149 171920 20
 4150 103164 12
 4151 154764 18
 4152 77391 9
 4153 120400 14
 4154 94611 11
 4155 86020 10
 4156 25809 3
 4157 129060 15
 4158 17210 2
 4159 51636 6
 4160 68856 8
 4161 86080 10
 4162 51654 6
 4163 86100 10
 4164 94721 11
 4165 129180 15
 4166 51678 6
 4167 155052 18
 4168 8615 1
 4169 155088 18
 4170 112021 13
 4171 137888 16
 4172 43095 5
 4173 77580 9
 4174 112073 13
 4175 86220 10
 4176 112099 13
 4177 43120 5
 4178 8625 1
 4179 69008 8
 4180 146659 17
 4181 112164 13
 4182 69032 8
 4183 17260 2
 4184 60417 7
 4185 86320 10
 4186 112229 13
 4187 146778 17
 4188 94985 11
 4189 172720 20
 4190 146829 17
 4191 86380 10
 4192 86390 10
 4193 25920 3
 4194 172820 20
 4195 129630 15
 4196 172860 20
 4197 121016 14
 4198 25935 3
 4199 155628 18
 4200 86470 10
 4201 77832 9
 4202 112437 13
 4203 103800 12
 4204 164369 19
 4205 103824 12
 4206 103836 12
 4207 8654 1
 4208 173100 20
 4209 121184 14
 4210 8657 1
 4211 77922 9
 4212 121226 14
 4213 173200 20
 4214 25983 3
 4215 155916 18
 4216 103956 12
 4217 112632 13
 4218 77985 9
 4219 77994 9
 4220 156006 18
 4221 138688 16
 4222 95359 11
 4223 164730 19
 4224 164749 19
 4225 60704 7
 4226 156114 18
 4227 138784 16
 4228 147475 17
 4229 60732 7
 4230 34708 4
 4231 156204 18
 4232 8679 1
 4233 130200 15
 4234 8681 1
 4235 17364 2
 4236 43415 5
 4237 147628 17
 4238 138960 16
 4239 156348 18
 4240 121618 14
 4241 104256 12
 4242 147713 17
 4243 130350 15
 4244 26073 3
 4245 165148 19
 4246 34772 4
 4247 156492 18
 4248 165205 19
 4249 95656 11
 4250 26091 3
 4251 156564 18
 4252 139184 16
 4253 52200 6
 4254 104412 12
 4255 17404 2
 4256 104436 12
 4257 165376 19
 4258 139280 16
 4259 95766 11
 4260 139312 16
 4261 165452 19
 4262 8709 1
 4263 87100 10
 4264 60977 7
 4265 43560 5
 4266 52278 6
 4267 17428 2
 4268 34860 4
 4269 17432 2
 4270 17434 2
 4271 156924 18
 4272 130785 15
 4273 78480 9
 4274 87210 10
 4275 26166 3
 4276 148291 17
 4277 52344 6
 4278 69800 8
 4279 17452 2
 4280 104724 12
 4281 122192 14
 4282 78561 9
 4283 104760 12
 4284 104772 12
 4285 96052 11
 4286 96063 11
 4287 69872 8
 4288 96085 11
 4289 96096 11
 4290 17474 2
 4291 174760 20
 4292 34956 4
 4293 26220 3
 4294 69928 8
 4295 52452 6
 4296 104916 12
 4297 69952 8
 4298 174900 20
 4299 174920 20
 4300 104964 12
 4301 17496 2
 4302 26247 3
 4303 26250 3
 4304 26253 3
 4305 157536 18
 4306 17506 2
 4307 140064 16
 4308 148835 17
 4309 61292 7
 4310 35028 4
 4311 113854 13
 4312 78831 9
 4313 131400 15
 4314 70088 8
 4315 105144 12
 4316 26289 3
 4317 140224 16
 4318 52590 6
 4319 8766 1
 4320 43835 5
 4321 131520 15
 4322 52614 6
 4323 96470 11
 4324 52626 6
 4325 131580 15
 4326 105276 12
 4327 149158 17
 4328 70200 8
 4329 78984 9
 4330 114101 13
 4331 140448 16
 4332 17558 2
 4333 131700 15
 4334 166839 19
 4335 8782 1
 4336 79047 9
 4337 8784 1
 4338 43925 5
 4339 175720 20
 4340 140592 16
 4341 43940 5
 4342 35156 4
 4343 140640 16
 4344 35164 4
 4345 43960 5
 4346 79137 9
 4347 8794 1
 4348 35180 4
 4349 105552 12
 4350 35188 4
 4351 175960 20
 4352 87990 10
 4353 167200 19
 4354 88010 10
 4355 8802 1
 4356 44015 5
 4357 114452 13
 4358 88050 10
 4359 123284 14
 4360 96877 11
 4361 35232 4
 4362 158562 18
 4363 70480 8
 4364 44055 5
 4365 149804 17
 4366 114569 13
 4367 52884 6
 4368 52890 6
 4369 141056 16
 4370 149889 17
 4371 79362 9
 4372 79371 9
 4373 52920 6
 4374 97031 11
 4375 114686 13
 4376 44115 5
 4377 123536 14
 4378 114725 13
 4379 61782 7
 4380 52962 6
 4381 70624 8
 4382 105948 12
 4383 70640 8
 4384 105972 12
 4385 88320 10
 4386 141328 16
 4387 150178 17
 4388 70680 8
 4389 8836 1
 4390 159066 18
 4391 97218 11
 4392 159102 18
 4393 106080 12
 4394 26523 3
 4395 114946 13
 4396 114959 13
 4397 132660 15
 4398 150365 17
 4399 97306 11
 4400 132705 15
 4401 123872 14
 4402 150433 17
 4403 97350 11
 4404 106212 12
 4405 141632 16
 4406 26559 3
 4407 61978 7
 4408 159390 18
 4409 44280 5
 4410 150569 17
 4411 8858 1
 4412 44295 5
 4413 62020 7
 4414 150637 17
 4415 168378 19
 4416 115219 13
 4417 177280 20
 4418 79785 9
 4419 79794 9
 4420 53202 6
 4421 150756 17
 4422 133035 15
 4423 168530 19
 4424 124194 14
 4425 44360 5
 4426 115349 13
 4427 26622 3
 4428 115375 13
 4429 79884 9
 4430 97647 11
 4431 35512 4
 4432 177580 20
 4433 150960 17
 4434 53286 6
 4435 88820 10
 4436 62181 7
 4437 142144 16
 4438 97735 11
 4439 115518 13
 4440 133305 15
 4441 44440 5
 4442 35556 4
 4443 88900 10
 4444 88910 10
 4445 88920 10
 4446 142288 16
 4447 62258 7
 4448 17790 2
88960