474
 1 8058 17
 2 2375 5
 3 8092 17
 4 9063 19
 5 2390 5
 6 9580 20
 7 960 2
 8 1443 3
 9 3856 8
 10 483 1
 11 9680 20
 12 4365 9
 13 4374 9
 14 7305 15
 15 9272 19
 16 978 2
 17 9800 20
 18 7856 16
 19 5412 11
 20 9860 20
 21 494 1
 22 5940 12
 23 7440 15
 24 9443 19
 25 6972 14
 26 9980 20
 27 2500 5
 28 3507 7
 29 9036 18
 30 503 1
 31 4536 9
 32 2525 5
 33 5566 11
 34 2028 4
 35 5080 10
 36 1018 2
 37 2040 4
 38 7154 14
 39 8704 17
 40 5643 11
 41 9766 19
 42 9270 18
 43 5160 10
 44 6204 12
 45 9842 19
 46 9342 18
 47 8840 17
 48 6252 12
 49 4176 8
 50 8891 17
 51 524 1
 52 5250 10
 53 2104 4
 54 4743 9
 55 4224 8
 56 3703 7
 57 10070 19
 58 6903 13
 59 532 1
 60 10660 20
 61 2670 5
 62 9095 17
 63 4824 9
 64 5907 11
 65 5918 11
 66 2156 4
 67 5400 10
 68 5410 10
 69 1626 3
 70 8688 16
 71 9248 17
 72 2725 5
 73 3276 6
 74 6017 11
 75 2192 4
 76 6039 11
 77 6600 12
 78 11020 20
 79 1104 2
 80 7189 13
 81 4986 9
 82 9990 18
 83 3336 6
 84 9469 17
 85 2790 5
 86 5031 9
 87 7840 14
 88 3927 7
 89 8992 16
 90 3378 6
 91 10716 19
 92 5650 10
 93 6792 12
 94 7938 14
 95 4544 8
 96 1707 3
 97 7980 14
 98 10849 19
 99 1716 3
 100 4584 8
 101 5166 9
 102 9200 16
 103 11520 20
 104 5193 9
 105 578 1
 106 5790 10
 107 11600 20
 108 1162 2
 109 1746 3
 110 7579 13
 111 584 1
 112 585 1
 113 7032 12
 114 9979 17
 115 10584 18
 116 1767 3
 117 1180 2
 118 3546 6
 119 11840 20
 120 10081 17
 121 11286 19
 122 4760 8
 123 1192 2
 124 7164 12
 125 11362 19
 126 11980 20
 127 7200 12
 128 10818 18
 129 9030 15
 130 2412 4
 131 6644 11
 132 7865 13
 133 6666 11
 134 1821 3
 135 1216 2
 136 1827 3
 137 10980 18
 138 10387 17
 139 7344 12
 140 11034 18
 141 614 1
 142 9840 16
 143 11704 19
 144 6787 11
 145 3090 5
 146 8047 13
 147 9300 15
 148 4968 8
 149 622 1
 150 4361 7
 151 4992 8
 152 8750 14
 153 5008 8
 154 3762 6
 155 6908 11
 156 629 1
 157 7560 12
 158 1893 3
 159 5056 8
 160 10128 16
 161 5706 9
 162 12700 20
 163 1908 3
 164 3822 6
 165 7018 11
 166 5751 9
 167 8960 14
 168 12179 19
 169 4494 7
 170 10288 16
 171 11592 18
 172 1290 2
 173 5814 9
 174 7764 12
 175 8424 13
 176 10384 16
 177 11050 17
 178 4557 7
 179 1304 2
 180 7183 11
 181 5886 9
 182 11790 18
 183 9840 15
 184 11169 17
 185 9212 14
 186 8567 13
 187 1320 2
 188 11898 18
 189 10592 16
 190 663 1
 191 2656 4
 192 1995 3
 193 6660 10
 194 10672 16
 195 10020 15
 196 669 1
 197 10720 16
 198 10065 15
 199 8736 13
 200 10768 16
 201 10784 16
 202 1350 2
 203 10816 16
 204 1354 2
 205 9492 14
 206 9506 14
 207 10200 15
 208 4767 7
 209 12276 18
 210 9562 14
 211 4104 6
 212 4795 7
 213 10976 16
 214 7557 11
 215 9632 14
 216 4134 6
 217 3450 5
 218 5528 8
 219 6920 10
 220 12474 18
 221 11104 16
 222 9730 14
 223 6960 10
 224 9061 13
 225 3490 5
 226 10485 15
 227 4900 7
 228 12618 18
 229 1404 2
 230 1406 2
 231 10560 15
 232 7755 11
 233 1412 2
 234 707 1
 235 1416 2
 236 12053 17
 237 11360 16
 238 6399 9
 239 9968 14
 240 7843 11
 241 2856 4
 242 6435 9
 243 1432 2
 244 3585 5
 245 11488 16
 246 10785 15
 247 4320 6
 248 9373 13
 249 5054 7
 250 9399 13
 251 7240 10
 252 13050 18
 253 7260 10
 254 1454 2
 255 10192 14
 256 14580 20
 257 7300 10
 258 9503 13
 259 7320 10
 260 10262 14
 261 8074 11
 262 735 1
 263 7360 10
 264 10318 14
 265 8118 11
 266 739 1
 267 11100 15
 268 4446 6
 269 11872 16
 270 2972 4
 271 4464 6
 272 10430 14
 273 5222 7
 274 11205 15
 275 8228 11
 276 14980 20
 277 9750 13
 278 10514 14
 279 6016 8
 280 7530 10
 281 3016 4
 282 7550 10
 283 12852 17
 284 12112 16
 285 15160 20
 286 3036 4
 287 12920 17
 288 3044 4
 289 12954 17
 290 5341 7
 291 10696 14
 292 7650 10
 293 6128 8
 294 4602 6
 295 9984 13
 296 13073 17
 297 4620 6
 298 13878 18
 299 6948 9
 300 2319 3
 301 13158 17
 302 11625 15
 303 1552 2
 304 10101 13
 305 1556 2
 306 10127 13
 307 10140 13
 308 4686 6
 309 10166 13
 310 4698 6
 311 14896 19
 312 15700 20
 313 14148 18
 314 14166 18
 315 3940 5
 316 6312 8
 317 14220 18
 318 5537 7
 319 2376 3
 320 6344 8
 321 14292 18
 322 5565 7
 323 15920 20
 324 3188 4
 325 7980 10
 326 11186 14
 327 7200 9
 328 4005 5
 329 14436 18
 330 14454 18
 331 8040 10
 332 9660 12
 333 14508 18
 334 8070 10
 335 9696 12
 336 8899 11
 337 2430 3
 338 8110 10
 339 1624 2
 340 15447 19
 341 10582 13
 342 14670 18
 343 4080 5
 344 14706 18
 345 8180 10
 346 9828 12
 347 4100 5
 348 1642 2
 349 9042 11
 350 3292 4
 351 2472 3
 352 13200 16
 353 826 1
 354 4962 6
 355 13248 16
 356 3316 4
 357 3320 4
 358 4986 6
 359 16640 20
 360 6664 8
 361 15012 18
 362 12525 15
 363 6688 8
 364 1674 2
 365 6704 8
 366 8390 10
 367 14280 17
 368 15979 19
 369 6736 8
 370 16860 20
 371 844 1
 372 845 1
 373 3384 4
 374 1694 2
 375 2544 3
 376 7641 9
 377 11050 13
 378 4255 5
 379 11076 13
 380 15354 18
 381 3416 4
 382 7695 9
 383 7704 9
 384 9427 11
 385 2574 3
 386 6013 7
 387 8600 10
 388 3444 4
 389 862 1
 390 8630 10
 391 15552 18
 392 13840 16
 393 17320 20
 394 5202 6
 395 6076 7
 396 8690 10
 397 870 1
 398 7839 9
 399 7848 9
 400 13968 16
 401 1748 2
 402 7875 9
 403 7008 8
 404 12278 14
 405 16682 19
 406 13185 15
 407 13200 15
 408 7929 9
 409 11466 13
 410 12362 14
 411 15912 18
 412 12390 14
 413 9746 11
 414 7096 8
 415 14208 16
 416 8001 9
 417 16910 19
 418 11583 13
 419 16948 19
 420 8037 9
 421 8940 10
 422 14320 16
 423 9856 11
 424 11661 13
 425 10776 12
 426 10788 12
 427 12600 14
 428 4505 5
 429 13530 15
 430 3612 4
 431 2712 3
 432 9955 11
 433 906 1
 434 15419 17
 435 16344 18
 436 1818 2
 437 9100 10
 438 9110 10
 439 7296 8
 440 1826 2
 441 12796 14
 442 7320 8
 443 9160 10
 444 15589 17
 445 10098 11
 446 3676 4
 447 9200 10
 448 13815 15
 449 6454 7
 450 6461 7
 451 2772 3
 452 3700 4
 453 13890 15
 454 2781 3
 455 14848 16
 456 12077 13
 457 1860 2
 458 18620 20
 459 932 1
 460 8397 9
 461 8406 9
 462 14025 15
 463 16848 18
 464 13118 14
 465 4690 5
 466 1878 2
 467 6580 7
 468 10351 11
 469 10362 11
 470 15088 16
 471 944 1
 472 18900 20
 473 14190 15
 474 11364 12
8532