5116
 1 92088 18
 2 86989 17
 3 15354 3
 4 15357 3
 5 102400 20
 6 46089 9
 7 76830 15
 8 61476 12
 9 15372 3
 10 97375 19
 11 46134 9
 12 92286 18
 13 56408 11
 14 97451 19
 15 71820 14
 16 10262 2
 17 35924 7
 18 102660 20
 19 30804 6
 20 46215 9
 21 35952 7
 22 15411 3
 23 51380 10
 24 5139 1
 25 51400 10
 26 15423 3
 27 61704 12
 28 51430 10
 29 41152 8
 30 56595 11
 31 61752 12
 32 51470 10
 33 46332 9
 34 5149 1
 35 15450 3
 36 25755 5
 37 103040 20
 38 10306 2
 39 77310 15
 40 56705 11
 41 20624 4
 42 46413 9
 43 82528 16
 44 25795 5
 45 92880 18
 46 30966 6
 47 30972 6
 48 87771 17
 49 25820 5
 50 61980 12
 51 25830 5
 52 31002 6
 53 10336 2
 54 5169 1
 55 62040 12
 56 31026 6
 57 77580 15
 58 15519 3
 59 103480 20
 60 82800 16
 61 56936 11
 62 77655 15
 63 51780 10
 64 103580 20
 65 77700 15
 66 77715 15
 67 15546 3
 68 51830 10
 69 98496 19
 70 88145 17
 71 57046 11
 72 51870 10
 73 103760 20
 74 25945 5
 75 51900 10
 76 5191 1
 77 93456 18
 78 25965 5
 79 88298 17
 80 20780 4
 81 57156 11
 82 5197 1
 83 36386 7
 84 98781 19
 85 31200 6
 86 20804 4
 87 52020 10
 88 83248 16
 89 72856 14
 90 20820 4
 91 67678 13
 92 57277 11
 93 26040 5
 94 46881 9
 95 26050 5
 96 93798 18
 97 57332 11
 98 62556 12
 99 72996 14
 100 104300 20
 101 83456 16
 102 5217 1
 103 78270 15
 104 52190 10
 105 67860 13
 106 31326 6
 107 31332 6
 108 10446 2
 109 62688 12
 110 15675 3
 111 67938 13
 112 26135 5
 113 15684 3
 114 62748 12
 115 20920 4
 116 10462 2
 117 47088 9
 118 88961 17
 119 78510 15
 120 26175 5
 121 26180 5
 122 26185 5
 123 52380 10
 124 94302 18
 125 20960 4
 126 26205 5
 127 15726 3
 128 73402 14
 129 83904 16
 130 15735 3
 131 26230 5
 132 57717 11
 133 36736 7
 134 78735 15
 135 52500 10
 136 5251 1
 137 31512 6
 138 15759 3
 139 84064 16
 140 47295 9
 141 89352 17
 142 52570 10
 143 36806 7
 144 15777 3
 145 42080 8
 146 36827 7
 147 68406 13
 148 57893 11
 149 63168 12
 150 78975 15
 151 10532 2
 152 31602 6
 153 79020 15
 154 42152 8
 155 36890 7
 156 36897 7
 157 52720 10
 158 94914 18
 159 42192 8
 160 26375 5
 161 79140 15
 162 73878 14
 163 42224 8
 164 15837 3
 165 52800 10
 166 26405 5
 167 68666 13
 168 100377 19
 169 79260 15
 170 95130 18
 171 52860 10
 172 42296 8
 173 105760 20
 174 100491 19
 175 105800 20
 176 58201 11
 177 95256 18
 178 10586 2
 179 84704 16
 180 21180 4
 181 47664 9
 182 58267 11
 183 79470 15
 184 74186 14
 185 31800 6
 186 37107 7
 187 37114 7
 188 106060 20
 189 53040 10
 190 58355 11
 191 90202 17
 192 31842 6
 193 47772 9
 194 37163 7
 195 21240 4
 196 15933 3
 197 79680 15
 198 37191 7
 199 63768 12
 200 90355 17
 201 90372 17
 202 47853 9
 203 63816 12
 204 42552 8
 205 101080 19
 206 37247 7
 207 42576 8
 208 37261 7
 209 21296 4
 210 106500 20
 211 47934 9
 212 31962 6
 213 101232 19
 214 5329 1
 215 5330 1
 216 21324 4
 217 26660 5
 218 37331 7
 219 10668 2
 220 5335 1
 221 42688 8
 222 74718 14
 223 42704 8
 224 53390 10
 225 64080 12
 226 42728 8
 227 90814 17
 228 37401 7
 229 10688 2
 230 64140 12
 231 69498 13
 232 32082 6
 233 32088 6
 234 21396 4
 235 53500 10
 236 37457 7
 237 58872 11
 238 37471 7
 239 58894 11
 240 64260 12
 241 53560 10
 242 69641 13
 243 91086 17
 244 21436 4
 245 21440 4
 246 26805 5
 247 37534 7
 248 32178 6
 249 96552 18
 250 10730 2
 251 16098 3
 252 21468 4
 253 59048 11
 254 107380 20
 255 102030 19
 256 107420 20
 257 69836 13
 258 26865 5
 259 16122 3
 260 26875 5
 261 75264 14
 262 64524 12
 263 75292 14
 264 75306 14
 265 48420 9
 266 80715 15
 267 107640 20
 268 16149 3
 269 80760 15
 270 102315 19
 271 75404 14
 272 21548 4
 273 16164 3
 274 80835 15
 275 70070 13
 276 75474 14
 277 5392 1
 278 59323 11
 279 37758 7
 280 10790 2
 281 5396 1
 282 5397 1
 283 53980 10
 284 16197 3
 285 37800 7
 286 10802 2
 287 86432 16
 288 43224 8
 289 27020 5
 290 64860 12
 291 43248 8
 292 75698 14
 293 48672 9
 294 91953 17
 295 5410 1
 296 43288 8
 297 48708 9
 298 97434 18
 299 16242 3
 300 75810 14
 301 5416 1
 302 21668 4
 303 102942 19
 304 108380 20
 305 37940 7
 306 43368 8
 307 16266 3
 308 75922 14
 309 65088 12
 310 97650 18
 311 75964 14
 312 59697 11
 313 10856 2
 314 10858 2
 315 21720 4
 316 27155 5
 317 92344 17
 318 59763 11
 319 16302 3
 320 32610 6
 321 21744 4
 322 43496 8
 323 43504 8
 324 43512 8
 325 43520 8
 326 97938 18
 327 16326 3
 328 87088 16
 329 38108 7
 330 10890 2
 331 27230 5
 332 10894 2
 333 54480 10
 334 5449 1
 335 38150 7
 336 65412 12
 337 92684 17
 338 76342 14
 339 59994 11
 340 92735 17
 341 5456 1
 342 103683 19
 343 103702 19
 344 27295 5
 345 32760 6
 346 27305 5
 347 21848 4
 348 32778 6
 349 32784 6
 350 60115 11
 351 38262 7
 352 109340 20
 353 5468 1
 354 49221 9
 355 10940 2
 356 71123 13
 357 38304 7
 358 43784 8
 359 82110 15
 360 21900 4
 361 21904 4
 362 82155 15
 363 32868 6
 364 10958 2
 365 65760 12
 366 98658 18
 367 71266 13
 368 65796 12
 369 38388 7
 370 76790 14
 371 10972 2
 372 65844 12
 373 54880 10
 374 10978 2
 375 54900 10
 376 27455 5
 377 109840 20
 378 76902 14
 379 60434 11
 380 5495 1
 381 21984 4
 382 21988 4
 383 82470 15
 384 32994 6
 385 88000 16
 386 88016 16
 387 22008 4
 388 5503 1
 389 82560 15
 390 55050 10
 391 27530 5
 392 93619 17
 393 49572 9
 394 77126 14
 395 110200 20
 396 77154 14
 397 88192 16
 398 71669 13
 399 66168 12
 400 104785 19
 401 5516 1
 402 11034 2
 403 55180 10
 404 88304 16
 405 11040 2
 406 99378 18
 407 11044 2
 408 82845 15
 409 16572 3
 410 99450 18
 411 104994 19
 412 66324 12
 413 55280 10
 414 60819 11
 415 82950 15
 416 71903 13
 417 55320 10
 418 105127 19
 419 38738 7
 420 44280 8
 421 49824 9
 422 5537 1
 423 71994 13
 424 22156 4
 425 27700 5
 426 5541 1
 427 60962 11
 428 60973 11
 429 55440 10
 430 11090 2
 431 44368 8
 432 99846 18
 433 94316 17
 434 38843 7
 435 27750 5
 436 11102 2
 437 88832 16
 438 49977 9
 439 16662 3
 440 105545 19
 441 50004 9
 442 61127 11
 443 105602 19
 444 55590 10
 445 44480 8
 446 111220 20
 447 16686 3
 448 16689 3
 449 111280 20
 450 100170 18
 451 55660 10
 452 94639 17
 453 72384 13
 454 66828 12
 455 66840 12
 456 105849 19
 457 105868 19
 458 94741 17
 459 89184 16
 460 105925 19
 461 11152 2
 462 44616 8
 463 89248 16
 464 33474 6
 465 27900 5
 466 106039 19
 467 111640 20
 468 94911 17
 469 50256 9
 470 39095 7
 471 22344 4
 472 5587 1
 473 78232 14
 474 72657 13
 475 95030 17
 476 55910 10
 477 111840 20
 478 89488 16
 479 89504 16
 480 50355 9
 481 22384 4
 482 11194 2
 483 22392 4
 484 67188 12
 485 44800 8
 486 100818 18
 487 5602 1
 488 84045 15
 489 16812 3
 490 67260 12
 491 44848 8
 492 78498 14
 493 56080 10
 494 5609 1
 495 33660 6
 496 67332 12
 497 11224 2
 498 84195 15
 499 89824 16
 500 5615 1
 501 61776 11
 502 112340 20
 503 50562 9
 504 50571 9
 505 22480 4
 506 95557 17
 507 89952 16
 508 61853 11
 509 112480 20
 510 50625 9
 511 16878 3
 512 101286 18
 513 50652 9
 514 45032 8
 515 67560 12
 516 112620 20
 517 73216 13
 518 112660 20
 519 33804 6
 520 16905 3
 521 56360 10
 522 107103 19
 523 95846 17
 524 101502 18
 525 22560 4
 526 90256 16
 527 84630 15
 528 33858 6
 529 101592 18
 530 16935 3
 531 5646 1
 532 62117 11
 533 73424 13
 534 62139 11
 535 79100 14
 536 73463 13
 537 90432 16
 538 113060 20
 539 73502 13
 540 39585 7
 541 11312 2
 542 22628 4
 543 11316 2
 544 113180 20
 545 16980 3
 546 33966 6
 547 5662 1
 548 67956 12
 549 67968 12
 550 73645 13
 551 56660 10
 552 90672 16
 553 34008 6
 554 107711 19
 555 45360 8
 556 45368 8
 557 113440 20
 558 17019 3
 559 113480 20
 560 56750 10
 561 45408 8
 562 51093 9
 563 90848 16
 564 11358 2
 565 28400 5
 566 5681 1
 567 28410 5
 568 28415 5
 569 51156 9
 570 102330 18
 571 17058 3
 572 108053 19
 573 5688 1
 574 22756 4
 575 73970 13
 576 22764 4
 577 102456 18
 578 79702 14
 579 28470 5
 580 45560 8
 581 11392 2
 582 22788 4
 583 96866 17
 584 113980 20
 585 102600 18
 586 5701 1
 587 28510 5
 588 39921 7
 589 85560 15
 590 62755 11
 591 79884 14
 592 45656 8
 593 39956 7
 594 17127 3
 595 91360 16
 596 108509 19
 597 79968 14
 598 51417 9
 599 91424 16
 600 5715 1
 601 22864 4
 602 51453 9
 603 108642 19
 604 74347 13
 605 5720 1
 606 17163 3
 607 34332 6
 608 11446 2
 609 34344 6
 610 45800 8
 611 40082 7
 612 34362 6
 613 57280 10
 614 91664 16
 615 74490 13
 616 63041 11
 617 57320 10
 618 91728 16
 619 63074 11
 620 11470 2
 621 91776 16
 622 63107 11
 623 74594 13
 624 28695 5
 625 17220 3
 626 40187 7
 627 63162 11
 628 103374 18
 629 80416 14
 630 57450 10
 631 80444 14
 632 91952 16
 633 40236 7
 634 57490 10
 635 97750 17
 636 46008 8
 637 51768 9
 638 80542 14
 639 40278 7
 640 115100 20
 641 115120 20
 642 51813 9
 643 46064 8
 644 97903 17
 645 17280 3
 646 34566 6
 647 92192 16
 648 97971 17
 649 5764 1
 650 103770 18
 651 69192 12
 652 5767 1
 653 46144 8
 654 34614 6
 655 46160 8
 656 109649 19
 657 23088 4
 658 40411 7
 659 86610 15
 660 109725 19
 661 115520 20
 662 51993 9
 663 11556 2
 664 69348 12
 665 80920 14
 666 86715 15
 667 98294 17
 668 80962 14
 669 28920 5
 670 11570 2
 671 57860 10
 672 104166 18
 673 109972 19
 674 5789 1
 675 46320 8
 676 17373 3
 677 69504 12
 678 46344 8
 679 69528 12
 680 115900 20
 681 98532 17
 682 57970 10
 683 110162 19
 684 115980 20
 685 87000 15
 686 81214 14
 687 5802 1
 688 29015 5
 689 58040 10
 690 98685 17
 691 29030 5
 692 40649 7
 693 110352 19
 694 104562 18
 695 110390 19
 696 17433 3
 697 17436 3
 698 29065 5
 699 63954 11
 700 52335 9
 701 29080 5
 702 11634 2
 703 40726 7
 704 98923 17
 705 52380 9
 706 81494 14
 707 46576 8
 708 58230 10
 709 75712 13
 710 64075 11
 711 23304 4
 712 75751 13
 713 34968 6
 714 75777 13
 715 34980 6
 716 17493 3
 717 34992 6
 718 64163 11
 719 17502 3
 720 93360 16
 721 64196 11
 722 11674 2
 723 105084 18
 724 110941 19
 725 105120 18
 726 17523 3
 727 52578 9
 728 75959 13
 729 11688 2
 730 87675 15
 731 93536 16
 732 93552 16
 733 64328 11
 734 76037 13
 735 23400 4
 736 111169 19
 737 17556 3
 738 117060 20
 739 11708 2
 740 40985 7
 741 23424 4
 742 87855 15
 743 99586 17
 744 35154 6
 745 64460 11
 746 64471 11
 747 111378 19
 748 87945 15
 749 58640 10
 750 46920 8
 751 105588 18
 752 58670 10
 753 76284 13
 754 111511 19
 755 29350 5
 756 117420 20
 757 88080 15
 758 117460 20
 759 41118 7
 760 82250 14
 761 94016 16
 762 70524 12
 763 23512 4
 764 117580 20
 765 99960 17
 766 11762 2
 767 41174 7
 768 111777 19
 769 76492 13
 770 41195 7
 771 58860 10
 772 47096 8
 773 76544 13
 774 88335 15
 775 41230 7
 776 23564 4
 777 47136 8
 778 94288 16
 779 35364 6
 780 23580 4
 781 88440 15
 782 23588 4
 783 35388 6
 784 117980 20
 785 17700 3
 786 100317 17
 787 23608 4
 788 106254 18
 789 100368 17
 790 94480 16
 791 82684 14
 792 82698 14
 793 5908 1
 794 94544 16
 795 94560 16
 796 23644 4
 797 59120 10
 798 100521 17
 799 47312 8
 800 82810 14
 801 17748 3
 802 5917 1
 803 53262 9
 804 100623 17
 805 59200 10
 806 118420 20
 807 35532 6
 808 35538 6
 809 112556 19
 810 82950 14
 811 100742 17
 812 106686 18
 813 35568 6
 814 71148 12
 815 47440 8
 816 5931 1
 817 100844 17
 818 65263 11
 819 59340 10
 820 65285 11
 821 35616 6
 822 35622 6
 823 65318 11
 824 59390 10
 825 41580 7
 826 83174 14
 827 71304 12
 828 118860 20
 829 35664 6
 830 107010 18
 831 107028 18
 832 35682 6
 833 17844 3
 834 11898 2
 835 35700 6
 836 113069 19
 837 95232 16
 838 83342 14
 839 113126 19
 840 77415 13
 841 17868 3
 842 95312 16
 843 53622 9
 844 41713 7
 845 17880 3
 846 65571 11
 847 101354 17
 848 83482 14
 849 65604 11
 850 47720 8
 851 11932 2
 852 113373 19
 853 35808 6
 854 23876 4
 855 107460 18
 856 107478 18
 857 95552 16
 858 59730 10
 859 35844 6
 860 113525 19
 861 41832 7
 862 5977 1
 863 107604 18
 864 95664 16
 865 23920 4
 866 95696 16
 867 71784 12
 868 59830 10
 869 119680 20
 870 113715 19
 871 101762 17
 872 47896 8
 873 113772 19
 874 101813 17
 875 17970 3
 876 17973 3
 877 65912 11
 878 41951 7
 879 41958 7
 880 119900 20
 881 119920 20
 882 77961 13
 883 77974 13
 884 5999 1
 885 96000 16
 886 84014 14
 887 36012 6
 888 42021 7
 889 60040 10
 890 96080 16
 891 60060 10
 892 60070 10
 893 24032 4
 894 6009 1
 895 102170 17
 896 6011 1
 897 102204 17
 898 108234 18
 899 36084 6
 900 48120 8
 901 114304 19
 902 6017 1
 903 24072 4
 904 114361 19
 905 84280 14
 906 6021 1
 907 18066 3
 908 108414 18
 909 120480 20
 910 96400 16
 911 66286 11
 912 78351 13
 913 96448 16
 914 36174 6
 915 66330 11
 916 24124 4
 917 48256 8
 918 36198 6
 919 114646 19
 920 90525 15
 921 66396 11
 922 36222 6
 923 30190 5
 924 36234 6
 925 60400 10
 926 96656 16
 927 96672 16
 928 108774 18
 929 36264 6
 930 78585 13
 931 54414 9
 932 60470 10
 933 72576 12
 934 66539 11
 935 36300 6
 936 108918 18
 937 90780 15
 938 66583 11
 939 18162 3
 940 115045 19
 941 60560 10
 942 18171 3
 943 72696 12
 944 96944 16
 945 54540 9
 946 18183 3
 947 48496 8
 948 72756 12
 949 48512 8
 950 78845 13
 951 48528 8
 952 115273 19
 953 109224 18
 954 54621 9
 955 18210 3
 956 54639 9
 957 24288 4
 958 18219 3
 959 48592 8
 960 42525 7
 961 42532 7
 962 85078 14
 963 103326 17
 964 115501 19
 965 109440 18
 966 109458 18
 967 54738 9
 968 85162 14
 969 103428 17
 970 121700 20
 971 12172 2
 972 109566 18
 973 121760 20
 974 60890 10
 975 18270 3
 976 12182 2
 977 121840 20
 978 42651 7
 979 79222 13
 980 103615 17
 981 73152 12
 982 91455 15
 983 30490 5
 984 85386 14
 985 42700 7
 986 48808 8
 987 12204 2
 988 42721 7
 989 97664 16
 990 30525 5
 991 54954 9
 992 48856 8
 993 67188 11
 994 91635 15
 995 122200 20
 996 91665 15
 997 6112 1
 998 67243 11
 999 79482 13
 1000 85610 14
 1001 42812 7
 1002 97872 16
 1003 116242 19
 1004 61190 10
 1005 104040 17
 1006 36726 6
 1007 73464 12
 1008 104091 17
 1009 116356 19
 1010 36750 6
 1011 24504 4
 1012 79651 13
 1013 36768 6
 1014 98064 16
 1015 116470 19
 1016 6131 1
 1017 85848 14
 1018 49064 8
 1019 79742 13
 1020 122700 20
 1021 30680 5
 1022 30685 5
 1023 67518 11
 1024 24556 4
 1025 116660 19
 1026 85974 14
 1027 110556 18
 1028 73716 12
 1029 43008 7
 1030 61450 10
 1031 110628 18
 1032 122940 20
 1033 73776 12
 1034 30745 5
 1035 67650 11
 1036 116869 19
 1037 116888 19
 1038 92295 15
 1039 116926 19
 1040 116945 19
 1041 80028 13
 1042 12314 2
 1043 36948 6
 1044 6159 1
 1045 67760 11
 1046 110898 18
 1047 80106 13
 1048 12326 2
 1049 110952 18
 1050 49320 8
 1051 80158 13
 1052 86338 14
 1053 92520 15
 1054 80197 13
 1055 37020 6
 1056 24684 4
 1057 12344 2
 1058 49384 8
 1059 86436 14
 1060 49400 8
 1061 55584 9
 1062 80301 13
 1063 49424 8
 1064 86506 14
 1065 74160 12
 1066 86534 14
 1067 105094 17
 1068 30915 5
 1069 49472 8
 1070 61850 10
 1071 80418 13
 1072 98992 16
 1073 24752 4
 1074 6189 1
 1075 49520 8
 1076 43337 7
 1077 123840 20
 1078 30965 5
 1079 43358 7
 1080 68145 11
 1081 49568 8
 1082 99152 16
 1083 117762 19
 1084 86786 14
 1085 31000 5
 1086 43407 7
 1087 49616 8
 1088 18609 3
 1089 55836 9
 1090 49640 8
 1091 31030 5
 1092 117933 19
 1093 49664 8
 1094 124180 20
 1095 111780 18
 1096 105587 17
 1097 6212 1
 1098 93195 15
 1099 55926 9
 1100 62150 10
 1101 99456 16
 1102 105689 17
 1103 62180 10
 1104 118161 19
 1105 12440 2
 1106 99536 16
 1107 12444 2
 1108 87122 14
 1109 112032 18
 1110 37350 6
 1111 56034 9
 1112 56043 9
 1113 74736 12
 1114 105893 17
 1115 99680 16
 1116 56079 9
 1117 68552 11
 1118 68563 11
 1119 124680 20
 1120 24940 4
 1121 62360 10
 1122 93555 15
 1123 99808 16
 1124 106063 17
 1125 106080 17
 1126 24964 4
 1127 87388 14
 1128 112374 18
 1129 62440 10
 1130 99920 16
 1131 12492 2
 1132 99952 16
 1133 56232 9
 1134 49992 8
 1135 68750 11
 1136 75012 12
 1137 81276 13
 1138 100048 16
 1139 75048 12
 1140 68805 11
 1141 93840 15
 1142 18771 3
 1143 25032 4
 1144 68849 11
 1145 68860 11
 1146 6261 1
 1147 62620 10
 1148 50104 8
 1149 112752 18
 1150 37590 6
 1151 125320 20
 1152 56403 9
 1153 43876 7
 1154 43883 7
 1155 37620 6
 1156 62710 10
 1157 100352 16
 1158 50184 8
 1159 81562 13
 1160 106675 17
 1161 106692 17
 1162 12554 2
 1163 6278 1
 1164 31395 5
 1165 81640 13
 1166 113058 18
 1167 113076 18
 1168 31415 5
 1169 31420 5
 1170 62850 10
 1171 50288 8
 1172 69157 11
 1173 50304 8
 1174 100624 16
 1175 18870 3
 1176 12582 2
 1177 81796 13
 1178 44051 7
 1179 25176 4
 1180 88130 14
 1181 94440 15
 1182 107049 17
 1183 37788 6
 1184 94485 15
 1185 37800 6
 1186 75612 12
 1187 113436 18
 1188 31515 5
 1189 6304 1
 1190 88270 14
 1191 107202 17
 1192 25228 4
 1193 100928 16
 1194 82017 13
 1195 82030 13
 1196 100976 16
 1197 94680 15
 1198 75756 12
 1199 126280 20
 1200 101040 16
 1201 50528 8
 1202 82121 13
 1203 126360 20
 1204 101104 16
 1205 12640 2
 1206 18963 3
 1207 31610 5
 1208 18969 3
 1209 31620 5
 1210 107525 17
 1211 31630 5
 1212 37962 6
 1213 88592 14
 1214 113922 18
 1215 88620 14
 1216 12662 2
 1217 25328 4
 1218 50664 8
 1219 126680 20
 1220 57015 9
 1221 31680 5
 1222 69707 11
 1223 114084 18
 1224 19017 3
 1225 101440 16
 1226 44387 7
 1227 120498 19
 1228 25372 4
 1229 6344 1
 1230 114210 18
 1231 69806 11
 1232 50776 8
 1233 69828 11
 1234 101584 16
 1235 44450 7
 1236 63510 10
 1237 127040 20
 1238 6353 1
 1239 31770 5
 1240 44485 7
 1241 82628 13
 1242 57213 9
 1243 108086 17
 1244 38154 6
 1245 57240 9
 1246 89054 14
 1247 89068 14
 1248 6363 1
 1249 57276 9
 1250 108205 17
 1251 82758 13
 1252 38202 6
 1253 95520 15
 1254 127380 20
 1255 50960 8
 1256 6371 1
 1257 70092 11
 1258 101968 16
 1259 82862 13
 1260 76500 12
 1261 31880 5
 1262 51016 8
 1263 102048 16
 1264 70169 11
 1265 102080 16
 1266 89334 14
 1267 95730 15
 1268 12766 2
 1269 31920 5
 1270 76620 12
 1271 121334 19
 1272 83031 13
 1273 70268 11
 1274 108613 17
 1275 6390 1
 1276 57519 9
 1277 70312 11
 1278 51144 8
 1279 51152 8
 1280 25580 4
 1281 51168 8
 1282 12794 2
 1283 44786 7
 1284 121581 19
 1285 83200 13
 1286 32005 5
 1287 70422 11
 1288 6403 1
 1289 115272 18
 1290 70455 11
 1291 12812 2
 1292 51256 8
 1293 128160 20
 1294 70499 11
 1295 76920 12
 1296 6411 1
 1297 83356 13
 1298 115434 18
 1299 32070 5
 1300 128300 20
 1301 102656 16
 1302 70587 11
 1303 96270 15
 1304 25676 4
 1305 6420 1
 1306 51368 8
 1307 12844 2
 1308 77076 12
 1309 64240 10
 1310 83525 13
 1311 89964 14
 1312 122113 19
 1313 89992 14
 1314 83577 13
 1315 38580 6
 1316 32155 5
 1317 90048 14
 1318 12866 2
 1319 109378 17
 1320 128700 20
 1321 51488 8
 1322 38622 6
 1323 57942 9
 1324 128780 20
 1325 64400 10
 1326 64410 10
 1327 103072 16
 1328 115974 18
 1329 115992 18
 1330 51560 8
 1331 32230 5
 1332 12894 2
 1333 6448 1
 1334 45143 7
 1335 116100 18
 1336 70961 11
 1337 83876 13
 1338 51624 8
 1339 96810 15
 1340 90370 14
 1341 129120 20
 1342 83941 13
 1343 109786 17
 1344 6459 1
 1345 45220 7
 1346 77532 12
 1347 96930 15
 1348 38778 6
 1349 122816 19
 1350 77580 12
 1351 129320 20
 1352 71137 11
 1353 109956 17
 1354 77628 12
 1355 38820 6
 1356 12942 2
 1357 12944 2
 1358 84149 13
 1359 58266 9
 1360 19425 3
 1361 58284 9
 1362 97155 15
 1363 51824 8
 1364 12958 2
 1365 90720 14
 1366 103696 16
 1367 45374 7
 1368 38898 6
 1369 110228 17
 1370 58365 9
 1371 45402 7
 1372 71357 11
 1373 32440 5
 1374 19467 3
 1375 38940 6
 1376 116838 18
 1377 12984 2
 1378 71423 11
 1379 110398 17
 1380 51960 8
 1381 129920 20
 1382 58473 9
 1383 6498 1
 1384 77988 12
 1385 39000 6
 1386 19503 3
 1387 58518 9
 1388 45521 7
 1389 32520 5
 1390 130100 20
 1391 78072 12
 1392 91098 14
 1393 97620 15
 1394 52072 8
 1395 52080 8
 1396 91154 14
 1397 52096 8
 1398 91182 14
 1399 26056 4
 1400 19545 3
 1401 97740 15
 1402 65170 10
 1403 104288 16
 1404 52152 8
 1405 26080 4
 1406 6521 1
 1407 58698 9
 1408 84799 13
 1409 117432 18
 1410 91350 14
 1411 6526 1
 1412 13054 2
 1413 124032 19
 1414 52232 8
 1415 19590 3
 1416 45717 7
 1417 111044 17
 1418 84929 13
 1419 91476 14
 1420 52280 8
 1421 13072 2
 1422 45759 7
 1423 6538 1
 1424 45773 7
 1425 78480 12
 1426 124279 19
 1427 26168 4
 1428 71973 11
 1429 58896 9
 1430 52360 8
 1431 104736 16
 1432 19641 3
 1433 6548 1
 1434 104784 16
 1435 111350 17
 1436 32755 5
 1437 19656 3
 1438 117954 18
 1439 78648 12
 1440 98325 15
 1441 52448 8
 1442 131140 20
 1443 131160 20
 1444 124621 19
 1445 98400 15
 1446 13122 2
 1447 19686 3
 1448 39378 6
 1449 98460 15
 1450 98475 15
 1451 91924 14
 1452 19701 3
 1453 105088 16
 1454 39414 6
 1455 78840 12
 1456 59139 9
 1457 72292 11
 1458 65730 10
 1459 124906 19
 1460 118350 18
 1461 39456 6
 1462 85501 13
 1463 78936 12
 1464 26316 4
 1465 19740 3
 1466 105296 16
 1467 72402 11
 1468 72413 11
 1469 98760 15
 1470 59265 9
 1471 125134 19
 1472 72457 11
 1473 79056 12
 1474 131780 20
 1475 85670 13
 1476 79092 12
 1477 92288 14
 1478 92302 14
 1479 125286 19
 1480 125305 19
 1481 72556 11
 1482 39582 6
 1483 65980 10
 1484 46193 7
 1485 105600 16
 1486 112217 17
 1487 26408 4
 1488 59427 9
 1489 79248 12
 1490 26420 4
 1491 118908 18
 1492 52856 8
 1493 132160 20
 1494 85917 13
 1495 59490 9
 1496 85943 13
 1497 125628 19
 1498 66130 10
 1499 125666 19
 1500 66150 10
 1501 33080 5
 1502 39702 6
 1503 72798 11
 1504 13238 2
 1505 86060 13
 1506 119178 18
 1507 13244 2
 1508 86099 13
 1509 39744 6
 1510 53000 8
 1511 6626 1
 1512 79524 12
 1513 125932 19
 1514 92806 14
 1515 119340 18
 1516 66310 10
 1517 66320 10
 1518 126027 19
 1519 112778 17
 1520 92890 14
 1521 126084 19
 1522 66370 10
 1523 59742 9
 1524 53112 8
 1525 99600 15
 1526 6641 1
 1527 119556 18
 1528 59787 9
 1529 13288 2
 1530 6645 1
 1531 132920 20
 1532 99705 15
 1533 113016 17
 1534 126331 19
 1535 46550 7
 1536 39906 6
 1537 79824 12
 1538 133060 20
 1539 66540 10
 1540 99825 15
 1541 126464 19
 1542 119826 18
 1543 73238 11
 1544 59931 9
 1545 119880 18
 1546 53288 8
 1547 93268 14
 1548 119934 18
 1549 86632 13
 1550 119970 18
 1551 93324 14
 1552 126673 19
 1553 46676 7
 1554 126711 19
 1555 26680 4
 1556 20013 3
 1557 106752 16
 1558 40038 6
 1559 93436 14
 1560 26700 4
 1561 93464 14
 1562 113509 17
 1563 133560 20
 1564 80148 12
 1565 26720 4
 1566 40086 6
 1567 13364 2
 1568 46781 7
 1569 113628 17
 1570 73535 11
 1571 113662 17
 1572 100305 15
 1573 127072 19
 1574 107024 16
 1575 80280 12
 1576 26764 4
 1577 26768 4
 1578 100395 15
 1579 26776 4
 1580 40170 6
 1581 53568 8
 1582 26788 4
 1583 6698 1
 1584 87087 13
 1585 46900 7
 1586 13402 2
 1587 53616 8
 1588 53624 8
 1589 13408 2
 1590 80460 12
 1591 114002 17
 1592 60363 9
 1593 20124 3
 1594 40254 6
 1595 80520 12
 1596 67110 10
 1597 127528 19
 1598 127547 19
 1599 6714 1
 1600 94010 14
 1601 100740 15
 1602 6717 1
 1603 114206 17
 1604 20157 3
 1605 100800 15
 1606 60489 9
 1607 20166 3
 1608 121014 18
 1609 107584 16
 1610 40350 6
 1611 121068 18
 1612 134540 20
 1613 20184 3
 1614 127851 19
 1615 107680 16
 1616 13462 2
 1617 33660 5
 1618 6733 1
 1619 134680 20
 1620 107760 16
 1621 67360 10
 1622 134740 20
 1623 53904 8
 1624 134780 20
 1625 33700 5
 1626 107856 16
 1627 107872 16
 1628 121374 18
 1629 40464 6
 1630 74195 11
 1631 40476 6
 1632 134940 20
 1633 20244 3
 1634 20247 3
 1635 67500 10
 1636 74261 11
 1637 54016 8
 1638 60777 9
 1639 20262 3
 1640 74305 11
 1641 128364 19
 1642 6757 1
 1643 114886 17
 1644 87867 13
 1645 114920 17
 1646 33805 5
 1647 20286 3
 1648 6763 1
 1649 101460 15
 1650 115005 17
 1651 128554 19
 1652 40602 6
 1653 54144 8
 1654 87997 13
 1655 101550 15
 1656 47397 7
 1657 27088 4
 1658 33865 5
 1659 6774 1
 1660 115175 17
 1661 108416 16
 1662 115209 17
 1663 67780 10
 1664 67790 10
 1665 74580 11
 1666 81372 12
 1667 122076 18
 1668 54264 8
 1669 128896 19
 1670 40710 6
 1671 67860 10
 1672 54296 8
 1673 95032 14
 1674 54312 8
 1675 61110 9
 1676 129029 19
 1677 54336 8
 1678 129067 19
 1679 129086 19
 1680 115515 17
 1681 122328 18
 1682 27188 4
 1683 67980 10
 1684 67990 10
 1685 61200 9
 1686 27204 4
 1687 74822 11
 1688 102045 15
 1689 6804 1
 1690 108880 16
 1691 102090 15
 1692 61263 9
 1693 13616 2
 1694 6809 1
 1695 27240 4
 1696 129409 19
 1697 6812 1
 1698 13626 2
 1699 34070 5
 1700 47705 7
 1701 81792 12
 1702 54536 8
 1703 129542 19
 1704 122742 18
 1705 115940 17
 1706 34105 5
 1707 75042 11
 1708 34115 5
 1709 102360 15
 1710 13650 2
 1711 13652 2
 1712 116059 17
 1713 13656 2
 1714 136580 20
 1715 88790 13
 1716 61479 9
 1717 129808 19
 1718 20499 3
 1719 129846 19
 1720 13670 2
 1721 116212 17
 1722 136740 20
 1723 6838 1
 1724 82068 12
 1725 68400 10
 1726 82092 12
 1727 129998 19
 1728 61587 9
 1729 6844 1
 1730 27380 4
 1731 20538 3
 1732 20541 3
 1733 75328 11
 1734 95886 14
 1735 61650 9
 1736 137020 20
 1737 34260 5
 1738 68530 10
 1739 61686 9
 1740 47985 7
 1741 82272 12
 1742 20571 3
 1743 130302 19
 1744 75449 11
 1745 54880 8
 1746 27444 4
 1747 89206 13
 1748 20589 3
 1749 61776 9
 1750 54920 8
 1751 116722 17
 1752 68670 10
 1753 109888 16
 1754 27476 4
 1755 123660 18
 1756 20613 3
 1757 34360 5
 1758 75603 11
 1759 61866 9
 1760 13750 2
 1761 96264 14
 1762 41262 6
 1763 41268 6
 1764 34395 5
 1765 123840 18
 1766 130739 19
 1767 34410 5
 1768 20649 3
 1769 27536 4
 1770 137700 20
 1771 6886 1
 1772 34435 5
 1773 75768 11
 1774 27556 4
 1775 110240 16
 1776 89583 13
 1777 55136 8
 1778 130967 19
 1779 68940 10
 1780 131005 19
 1781 117232 17
 1782 137940 20
 1783 89674 13
 1784 41394 6
 1785 6900 1
 1786 138020 20
 1787 20706 3
 1788 69030 10
 1789 96656 14
 1790 89765 13
 1791 110496 16
 1792 89791 13
 1793 27632 4
 1794 131271 19
 1795 89830 13
 1796 82932 12
 1797 82944 12
 1798 6913 1
 1799 27656 4
 1800 27660 4
 1801 34580 5
 1802 103755 15
 1803 6918 1
 1804 6919 1
 1805 13840 2
 1806 27684 4
 1807 27688 4
 1808 48461 7
 1809 62316 9
 1810 13850 2
 1811 6926 1
 1812 76197 11
 1813 131632 19
 1814 55432 8
 1815 90090 13
 1816 76241 11
 1817 41592 6
 1818 48531 7
 1819 90142 13
 1820 124830 18
 1821 6936 1
 1822 27748 4
 1823 62442 9
 1824 83268 12
 1825 41640 6
 1826 20823 3
 1827 41652 6
 1828 6943 1
 1829 138880 20
 1830 118065 17
 1831 111136 16
 1832 118099 17
 1833 97272 14
 1834 69490 10
 1835 90350 13
 1836 139020 20
 1837 48664 7
 1838 41718 6
 1839 104310 15
 1840 27820 4
 1841 90428 13
 1842 111312 16
 1843 111328 16
 1844 76549 11
 1845 6960 1
 1846 132259 19
 1847 62658 9
 1848 83556 12
 1849 48748 7
 1850 76615 11
 1851 34830 5
 1852 41802 6
 1853 118456 17
 1854 55752 8
 1855 76670 11
 1856 125478 18
 1857 27888 4
 1858 90649 13
 1859 139480 20
 1860 104625 15
 1861 76736 11
 1862 13954 2
 1863 69780 10
 1864 48853 7
 1865 139600 20
 1866 104715 15
 1867 13964 2
 1868 90779 13
 1869 41904 6
 1870 97790 14
 1871 139720 20
 1872 90831 13
 1873 13976 2
 1874 76879 11
 1875 83880 12
 1876 139820 20
 1877 34960 5
 1878 62937 9
 1879 62946 9
 1880 76945 11
 1881 55968 8
 1882 48979 7
 1883 41988 6
 1884 69990 10
 1885 105000 15
 1886 56008 8
 1887 77022 11
 1888 119051 17
 1889 98056 14
 1890 63045 9
 1891 133114 19
 1892 63063 9
 1893 70080 10
 1894 91117 13
 1895 56080 8
 1896 7011 1
 1897 35060 5
 1898 35065 5
 1899 7014 1
 1900 70150 10
 1901 119272 17
 1902 119289 17
 1903 21054 3
 1904 49133 7
 1905 70200 10
 1906 112336 16
 1907 49154 7
 1908 119391 17
 1909 63216 9
 1910 42150 6
 1911 126468 18
 1912 49189 7
 1913 70280 10
 1914 14058 2
 1915 42180 6
 1916 63279 9
 1917 126576 18
 1918 84396 12
 1919 140680 20
 1920 105525 15
 1921 98504 14
 1922 56296 8
 1923 56304 8
 1924 14078 2
 1925 56320 8
 1926 21123 3
 1927 98588 14
 1928 49301 7
 1929 28176 4
 1930 105675 15
 1931 112736 16
 1932 91611 13
 1933 91624 13
 1934 35245 5
 1935 14100 2
 1936 98714 14
 1937 91676 13
 1938 141060 20
 1939 70540 10
 1940 141100 20
 1941 14112 2
 1942 91741 13
 1943 134102 19
 1944 141180 20
 1945 56480 8
 1946 84732 12
 1947 84744 12
 1948 49441 7
 1949 35320 5
 1950 134235 19
 1951 77726 11
 1952 28268 4
 1953 91884 13
 1954 35345 5
 1955 113120 16
 1956 14142 2
 1957 120224 17
 1958 42438 6
 1959 134406 19
 1960 63675 9
 1961 77836 11
 1962 99078 14
 1963 113248 16
 1964 141580 20
 1965 7080 1
 1966 120377 17
 1967 42492 6
 1968 49581 7
 1969 21252 3
 1970 99190 14
 1971 14172 2
 1972 70870 10
 1973 7088 1
 1974 56712 8
 1975 28360 4
 1976 85092 12
 1977 78012 11
 1978 113488 16
 1979 56752 8
 1980 28380 4
 1981 120632 17
 1982 56776 8
 1983 63882 9
 1984 28396 4
 1985 92300 13
 1986 56808 8
 1987 49714 7
 1988 78133 11
 1989 127872 18
 1990 99470 14
 1991 56848 8
 1992 106605 15
 1993 113728 16
 1994 63981 9
 1995 106650 15
 1996 71110 10
 1997 99568 14
 1998 142260 20
 1999 128052 18
 2000 113840 16
 2001 92508 13
 2002 7117 1
 2003 71180 10
 2004 49833 7
 2005 142400 20
 2006 106815 15
 2007 71220 10
 2008 71230 10
 2009 7124 1
 2010 135375 19
 2011 49882 7
 2012 49889 7
 2013 121176 17
 2014 64161 9
 2015 85560 12
 2016 92703 13
 2017 42792 6
 2018 21399 3
 2019 135546 19
 2020 135565 19
 2021 135584 19
 2022 142740 20
 2023 7138 1
 2024 142780 20
 2025 85680 12
 2026 107115 15
 2027 107130 15
 2028 92859 13
 2029 28576 4
 2030 107175 15
 2031 64314 9
 2032 28588 4
 2033 114368 16
 2034 28596 4
 2035 100100 14
 2036 121567 17
 2037 50064 7
 2038 78683 11
 2039 93002 13
 2040 50085 7
 2041 135964 19
 2042 50099 7
 2043 114528 16
 2044 50113 7
 2045 57280 8
 2046 143220 20
 2047 35810 5
 2048 107445 15
 2049 28656 4
 2050 21495 3
 2051 71660 10
 2052 50169 7
 2053 78848 11
 2054 121873 17
 2055 78870 11
 2056 21513 3
 2057 78892 11
 2058 143460 20
 2059 136306 19
 2060 107625 15
 2061 100464 14
 2062 86124 12
 2063 50246 7
 2064 143580 20
 2065 28720 4
 2066 129258 18
 2067 122094 17
 2068 21549 3
 2069 50288 7
 2070 21555 3
 2071 28744 4
 2072 50309 7
 2073 71880 10
 2074 64701 9
 2075 14380 2
 2076 93483 13
 2077 93496 13
 2078 21579 3
 2079 7194 1
 2080 100730 14
 2081 50372 7
 2082 7197 1
 2083 28792 4
 2084 64791 9
 2085 43200 6
 2086 144020 20
 2087 115232 16
 2088 144060 20
 2089 57632 8
 2090 93665 13
 2091 36030 5
 2092 43242 6
 2093 7208 1
 2094 36045 5
 2095 14420 2
 2096 79321 11
 2097 7212 1
 2098 14426 2
 2099 72140 10
 2100 72150 10
 2101 137104 19
 2102 64953 9
 2103 28872 4
 2104 108285 15
 2105 137180 19
 2106 101094 14
 2107 7222 1
 2108 79453 11
 2109 86688 12
 2110 115600 16
 2111 65034 9
 2112 144540 20
 2113 36140 5
 2114 137351 19
 2115 122910 17
 2116 72310 10
 2117 72320 10
 2118 79563 11
 2119 28936 4
 2120 21705 3
 2121 115776 16
 2122 115792 16
 2123 50666 7
 2124 144780 20
 2125 86880 12
 2126 130338 18
 2127 43452 6
 2128 79673 11
 2129 86928 12
 2130 94185 13
 2131 14492 2
 2132 137693 19
 2133 137712 19
 2134 137731 19
 2135 130500 18
 2136 101514 14
 2137 72520 10
 2138 87036 12
 2139 7254 1
 2140 79805 11
 2141 79816 11
 2142 137883 19
 2143 65322 9
 2144 21777 3
 2145 58080 8
 2146 94393 13
 2147 72620 10
 2148 50841 7
 2149 145280 20
 2150 36325 5
 2151 65394 9
 2152 58136 8
 2153 116288 16
 2154 130842 18
 2155 79970 11
 2156 58168 8
 2157 14544 2
 2158 43638 6
 2159 14548 2
 2160 50925 7
 2161 109140 15
 2162 7277 1
 2163 72780 10
 2164 14558 2
 2165 14560 2
 2166 65529 9
 2167 21846 3
 2168 145660 20
 2169 138396 19
 2170 29140 4
 2171 43716 6
 2172 7287 1
 2173 14576 2
 2174 80179 11
 2175 80190 11
 2176 145820 20
 2177 123964 17
 2178 102102 14
 2179 102116 14
 2180 124015 17
 2181 124032 17
 2182 43782 6
 2183 14596 2
 2184 7299 1
 2185 29200 4
 2186 102214 14
 2187 73020 10
 2188 87636 12
 2189 51128 7
 2190 73050 10
 2191 138814 19
 2192 51149 7
 2193 95004 13
 2194 43854 6
 2195 51170 7
 2196 146220 20
 2197 73120 10
 2198 87756 12
 2199 7314 1
 2200 65835 9
 2201 139004 19
 2202 131706 18
 2203 109770 15
 2204 14638 2
 2205 51240 7
 2206 43926 6
 2207 43932 6
 2208 139137 19
 2209 102536 14
 2210 80575 11
 2211 146520 20
 2212 117232 16
 2213 7328 1
 2214 131922 18
 2215 58640 8
 2216 51317 7
 2217 43992 6
 2218 131994 18
 2219 95342 13
 2220 95355 13
 2221 22008 3
 2222 14674 2
 2223 117408 16
 2224 14678 2
 2225 132120 18
 2226 88092 12
 2227 110130 15
 2228 66087 9
 2229 139536 19
 2230 51415 7
 2231 95498 13
 2232 51429 7
 2233 29392 4
 2234 132282 18
 2235 29400 4
 2236 132318 18
 2237 7352 1
 2238 80883 11
 2239 110310 15
 2240 139745 19
 2241 66204 9
 2242 80927 11
 2243 22074 3
 2244 73590 10
 2245 7360 1
 2246 88332 12
 2247 66258 9
 2248 66267 9
 2249 7364 1
 2250 73650 10
 2251 81026 11
 2252 132606 18
 2253 51576 7
 2254 110535 15
 2255 81070 11
 2256 29484 4
 2257 58976 8
 2258 14746 2
 2259 95862 13
 2260 132750 18
 2261 95888 13
 2262 88524 12
 2263 7378 1
 2264 36895 5
 2265 36900 5
 2266 73810 10
 2267 88584 12
 2268 36915 5
 2269 95992 13
 2270 103390 14
 2271 14772 2
 2272 22161 3
 2273 103432 14
 2274 29556 4
 2275 66510 9
 2276 118256 16
 2277 29568 4
 2278 125681 17
 2279 81334 11
 2280 133110 18
 2281 44376 6
 2282 14794 2
 2283 110970 15
 2284 29596 4
 2285 7400 1
 2286 140619 19
 2287 7402 1
 2288 133254 18
 2289 103656 14
 2290 66645 9
 2291 140714 19
 2292 22221 3
 2293 96304 13
 2294 7409 1
 2295 111150 15
 2296 22233 3
 2297 81532 11
 2298 81543 11
 2299 74140 10
 2300 96395 13
 2301 88992 12
 2302 37085 5
 2303 44508 6
 2304 118704 16
 2305 59360 8
 2306 37105 5
 2307 148440 20
 2308 126191 17
 2309 118784 16
 2310 44550 6
 2311 81686 11
 2312 96551 13
 2313 141132 19
 2314 141151 19
 2315 133740 18
 2316 44586 6
 2317 7432 1
 2318 7433 1
 2319 14868 2
 2320 111525 15
 2321 104104 14
 2322 22311 3
 2323 44628 6
 2324 141341 19
 2325 133920 18
 2326 119056 16
 2327 148840 20
 2328 37215 5
 2329 148880 20
 2330 14890 2
 2331 89352 12
 2332 134046 18
 2333 52136 7
 2334 104286 14
 2335 14900 2
 2336 149020 20
 2337 52164 7
 2338 89436 12
 2339 22362 3
 2340 59640 8
 2341 134208 18
 2342 14914 2
 2343 67122 9
 2344 59672 8
 2345 29840 4
 2346 119376 16
 2347 7462 1
 2348 149260 20
 2349 149280 20
 2350 119440 16
 2351 37330 5
 2352 104538 14
 2353 104552 14
 2354 82159 11
 2355 141930 19
 2356 104594 14
 2357 104608 14
 2358 74730 10
 2359 37370 5
 2360 29900 4
 2361 74760 10
 2362 67293 9
 2363 59824 8
 2364 142101 19
 2365 37400 5
 2366 142139 19
 2367 104748 14
 2368 29932 4
 2369 97292 13
 2370 89820 12
 2371 22458 3
 2372 67383 9
 2373 89856 12
 2374 97357 13
 2375 7490 1
 2376 97383 13
 2377 29968 4
 2378 29972 4
 2379 22482 3
 2380 112425 15
 2381 29984 4
 2382 7497 1
 2383 74980 10
 2384 44994 6
 2385 75000 10
 2386 135018 18
 2387 15004 2
 2388 112545 15
 2389 112560 15
 2390 82555 11
 2391 52542 7
 2392 67563 9
 2393 142652 19
 2394 82599 11
 2395 150200 20
 2396 120176 16
 2397 45072 6
 2398 52591 7
 2399 67626 9
 2400 142785 19
 2401 127772 17
 2402 52619 7
 2403 37590 5
 2404 120304 16
 2405 135360 18
 2406 30084 4
 2407 15044 2
 2408 120368 16
 2409 135432 18
 2410 120400 16
 2411 142994 19
 2412 60216 8
 2413 75280 10
 2414 22587 3
 2415 112950 15
 2416 75310 10
 2417 67788 9
 2418 97929 13
 2419 120544 16
 2420 150700 20
 2421 37680 5
 2422 30148 4
 2423 128146 17
 2424 37695 5
 2425 37700 5
 2426 143279 19
 2427 113130 15
 2428 120688 16
 2429 15088 2
 2430 22635 3
 2431 120736 16
 2432 120752 16
 2433 135864 18
 2434 120784 16
 2435 75500 10
 2436 105714 14
 2437 75520 10
 2438 37765 5
 2439 128418 17
 2440 105770 14
 2441 75560 10
 2442 98241 13
 2443 120928 16
 2444 7559 1
 2445 22680 3
 2446 68049 9
 2447 7562 1
 2448 75630 10
 2449 113460 15
 2450 52955 7
 2451 45396 6
 2452 30268 4
 2453 52976 7
 2454 151380 20
 2455 98410 13
 2456 52997 7
 2457 45432 6
 2458 98449 13
 2459 98462 13
 2460 98475 13
 2461 121216 16
 2462 113655 15
 2463 143982 19
 2464 128843 17
 2465 136440 18
 2466 121296 16
 2467 151640 20
 2468 144077 19
 2469 128928 17
 2470 91020 12
 2471 22758 3
 2472 136566 18
 2473 75880 10
 2474 30356 4
 2475 136620 18
 2476 7591 1
 2477 121472 16
 2478 144267 19
 2479 98722 13
 2480 91140 12
 2481 60768 8
 2482 60776 8
 2483 121568 16
 2484 37995 5
 2485 76000 10
 2486 30404 4
 2487 98826 13
 2488 129251 17
 2489 60832 8
 2490 76050 10
 2491 106484 14
 2492 38035 5
 2493 144552 19
 2494 144571 19
 2495 15220 2
 2496 38055 5
 2497 30448 4
 2498 121808 16
 2499 22842 3
 2500 45690 6
 2501 99008 13
 2502 7617 1
 2503 68562 9
 2504 22857 3
 2505 45720 6
 2506 106694 14
 2507 121952 16
 2508 22869 3
 2509 15248 2
 2510 114375 15
 2511 137268 18
 2512 30508 4
 2513 106792 14
 2514 106806 14
 2515 114450 15
 2516 114465 15
 2517 91584 12
 2518 129761 17
 2519 30536 4
 2520 30540 4
 2521 137448 18
 2522 7637 1
 2523 84018 11
 2524 53473 7
 2525 145160 19
 2526 129897 17
 2527 53494 7
 2528 22929 3
 2529 68796 9
 2530 38225 5
 2531 30584 4
 2532 15294 2
 2533 68832 9
 2534 68841 9
 2535 45900 6
 2536 137718 18
 2537 137736 18
 2538 145407 19
 2539 130118 17
 2540 61240 8
 2541 22968 3
 2542 122512 16
 2543 153160 20
 2544 53613 7
 2545 76600 10
 2546 38305 5
 2547 107268 14
 2548 61304 8
 2549 22992 3
 2550 145635 19
 2551 122656 16
 2552 15334 2
 2553 84348 11
 2554 99697 13
 2555 145730 19
 2556 145749 19
 2557 61376 8
 2558 30692 4
 2559 38370 5
 2560 23025 3
 2561 69084 9
 2562 46062 6
 2563 145882 19
 2564 99827 13
 2565 130560 17
 2566 69129 9
 2567 46092 6
 2568 76830 10
 2569 84524 11
 2570 122960 16
 2571 122976 16
 2572 115305 15
 2573 23064 3
 2574 153780 20
 2575 23070 3
 2576 46146 6
 2577 38460 5
 2578 107702 14
 2579 153880 20
 2580 30780 4
 2581 7696 1
 2582 138546 18
 2583 130866 17
 2584 84689 11
 2585 107800 14
 2586 30804 4
 2587 77020 10
 2588 38515 5
 2589 146376 19
 2590 15410 2
 2591 146414 19
 2592 23121 3
 2593 46248 6
 2594 138762 18
 2595 38550 5
 2596 138798 18
 2597 15424 2
 2598 77130 10
 2599 23142 3
 2600 123440 16
 2601 61728 8
 2602 7717 1
 2603 115770 15
 2604 46314 6
 2605 38600 5
 2606 15442 2
 2607 100386 13
 2608 61784 8
 2609 100412 13
 2610 77250 10
 2611 92712 12
 2612 77270 10
 2613 85008 11
 2614 92748 12
 2615 131410 17
 2616 61848 8
 2617 108248 14
 2618 131461 17
 2619 54138 7
 2620 54145 7
 2621 77360 10
 2622 69633 9
 2623 147022 19
 2624 92868 12
 2625 46440 6
 2626 30964 4
 2627 77420 10
 2628 69687 9
 2629 77440 10
 2630 38725 5
 2631 54222 7
 2632 7747 1
 2633 139464 18
 2634 23247 3
 2635 155000 20
 2636 77510 10
 2637 155040 20
 2638 124048 16
 2639 108556 14
 2640 77550 10
 2641 116340 15
 2642 77570 10
 2643 93096 12
 2644 54313 7
 2645 15520 2
 2646 155220 20
 2647 7762 1
 2648 108682 14
 2649 15528 2
 2650 77650 10
 2651 108724 14
 2652 62136 8
 2653 124288 16
 2654 15538 2
 2655 101010 13
 2656 132107 17
 2657 108808 14
 2658 85503 11
 2659 139932 18
 2660 139950 18
 2661 132192 17
 2662 85547 11
 2663 31112 4
 2664 132243 17
 2665 124480 16
 2666 70029 9
 2667 46692 6
 2668 108962 14
 2669 70056 9
 2670 70065 9
 2671 70074 9
 2672 132379 17
 2673 85668 11
 2674 109046 14
 2675 54530 7
 2676 62328 8
 2677 46752 6
 2678 148067 19
 2679 155880 20
 2680 155900 20
 2681 124736 16
 2682 155940 20
 2683 116970 15
 2684 31196 4
 2685 109200 14
 2686 78010 10
 2687 15604 2
 2688 93636 12
 2689 148276 19
 2690 15610 2
 2691 132702 17
 2692 156140 20
 2693 15616 2
 2694 85899 11
 2695 31240 4
 2696 148409 19
 2697 132804 17
 2698 140634 18
 2699 132838 17
 2700 62520 8
 2701 117240 15
 2702 85987 11
 2703 140724 18
 2704 86009 11
 2705 132940 17
 2706 62568 8
 2707 109508 14
 2708 132991 17
 2709 133008 17
 2710 140850 18
 2711 78260 10
 2712 101751 13
 2713 117420 15
 2714 78290 10
 2715 109620 14
 2716 140958 18
 2717 70488 9
 2718 125328 16
 2719 94008 12
 2720 148865 19
 2721 86196 11
 2722 94044 12
 2723 78380 10
 2724 141102 18
 2725 78400 10
 2726 141138 18
 2727 47052 6
 2728 54901 7
 2729 78440 10
 2730 117675 15
 2731 101998 13
 2732 86317 11
 2733 133416 17
 2734 31396 4
 2735 117750 15
 2736 54957 7
 2737 94224 12
 2738 70677 9
 2739 149226 19
 2740 15710 2
 2741 78560 10
 2742 39285 5
 2743 141444 18
 2744 62872 8
 2745 39300 5
 2746 62888 8
 2747 94344 12
 2748 78630 10
 2749 70776 9
 2750 47190 6
 2751 110124 14
 2752 133739 17
 2753 94416 12
 2754 102297 13
 2755 55090 7
 2756 118065 15
 2757 15744 2
 2758 133841 17
 2759 7874 1
 2760 126000 16
 2761 63008 8
 2762 55139 7
 2763 39390 5
 2764 102427 13
 2765 94560 12
 2766 31524 4
 2767 102466 13
 2768 134011 17
 2769 78840 10
 2770 118275 15
 2771 134062 17
 2772 94644 12
 2773 157760 20
 2774 78890 10
 2775 39450 5
 2776 86801 11
 2777 15784 2
 2778 78930 10
 2779 31576 4
 2780 63160 8
 2781 47376 6
 2782 110558 14
 2783 7898 1
 2784 94788 12
 2785 7900 1
 2786 102713 13
 2787 31608 4
 2788 31612 4
 2789 79040 10
 2790 71145 9
 2791 118590 15
 2792 55349 7
 2793 15816 2
 2794 126544 16
 2795 31640 4
 2796 134487 17
 2797 23736 3
 2798 126608 16
 2799 134538 17
 2800 94980 12
 2801 158320 20
 2802 158340 20
 2803 126688 16
 2804 142542 18
 2805 158400 20
 2806 142578 18
 2807 23766 3
 2808 15846 2
 2809 79240 10
 2810 7925 1
 2811 55482 7
 2812 118905 15
 2813 95136 12
 2814 150651 19
 2815 158600 20
 2816 103103 13
 2817 150708 19
 2818 79330 10
 2819 87274 11
 2820 150765 19
 2821 47616 6
 2822 150803 19
 2823 7938 1
 2824 55573 7
 2825 7940 1
 2826 23823 3
 2827 95304 12
 2828 79430 10
 2829 55608 7
 2830 63560 8
 2831 95352 12
 2832 7947 1
 2833 31792 4
 2834 63592 8
 2835 15900 2
 2836 79510 10
 2837 135184 17
 2838 31812 4
 2839 151126 19
 2840 71595 9
 2841 143208 18
 2842 151183 19
 2843 95496 12
 2844 71631 9
 2845 55720 7
 2846 31844 4
 2847 15924 2
 2848 95556 12
 2849 7964 1
 2850 55755 7
 2851 79660 10
 2852 119505 15
 2853 103584 13
 2854 119535 15
 2855 31880 4
 2856 119565 15
 2857 111608 14
 2858 87703 11
 2859 23922 3
 2860 103675 13
 2861 143568 18
 2862 47862 6
 2863 63824 8
 2864 151601 19
 2865 119700 15
 2866 15962 2
 2867 95784 12
 2868 103779 13
 2869 151696 19
 2870 127760 16
 2871 135762 17
 2872 39935 5
 2873 23964 3
 2874 47934 6
 2875 7990 1
 2876 135847 17
 2877 135864 17
 2878 143874 18
 2879 31976 4
 2880 119925 15
 2881 63968 8
 2882 71973 9
 2883 47988 6
 2884 143982 18
 2885 120000 15
 2886 112014 14
 2887 160040 20
 2888 8003 1
 2889 32016 4
 2890 72045 9
 2891 160120 20
 2892 16014 2
 2893 56056 7
 2894 24027 3
 2895 96120 12
 2896 24033 3
 2897 32048 4
 2898 152247 19
 2899 56098 7
 2900 24045 3
 2901 16032 2
 2902 144306 18
 2903 88198 11
 2904 56133 7
 2905 56140 7
 2906 152399 19
 2907 120330 15
 2908 72207 9
 2909 56168 7
 2910 136425 17
 2911 80260 10
 2912 128432 16
 2913 24084 3
 2914 136493 17
 2915 24090 3
 2916 112434 14
 2917 96384 12
 2918 64264 8
 2919 56238 7
 2920 80350 10
 2921 64288 8
 2922 136629 17
 2923 80380 10
 2924 56273 7
 2925 120600 15
 2926 24123 3
 2927 160840 20
 2928 152817 19
 2929 128704 16
 2930 24135 3
 2931 96552 12
 2932 152893 19
 2933 112672 14
 2934 64392 8
 2935 161000 20
 2936 104663 13
 2937 8052 1
 2938 56371 7
 2939 40270 5
 2940 8055 1
 2941 64448 8
 2942 16114 2
 2943 32232 4
 2944 48354 6
 2945 137020 17
 2946 64488 8
 2947 80620 10
 2948 88693 11
 2949 80640 10
 2950 16130 2
 2951 72594 9
 2952 16134 2
 2953 112952 14
 2954 104897 13
 2955 137190 17
 2956 16142 2
 2957 153368 19
 2958 8073 1
 2959 72666 9
 2960 129200 16
 2961 129216 16
 2962 16154 2
 2963 113092 14
 2964 113106 14
 2965 16160 2
 2966 56567 7
 2967 64656 8
 2968 153577 19
 2969 145512 18
 2970 24255 3
 2971 16172 2
 2972 64696 8
 2973 80880 10
 2974 121335 15
 2975 97080 12
 2976 64728 8
 2977 121380 15
 2978 129488 16
 2979 113316 14
 2980 97140 12
 2981 145728 18
 2982 145746 18
 2983 16196 2
 2984 145782 18
 2985 121500 15
 2986 16202 2
 2987 113428 14
 2988 16206 2
 2989 72936 9
 2990 105365 13
 2991 105378 13
 2992 137819 17
 2993 129728 16
 2994 64872 8
 2995 16220 2
 2996 105443 13
 2997 32448 4
 2998 113582 14
 2999 32456 4
 3000 97380 12
 3001 48696 6
 3002 121755 15
 3003 24354 3
 3004 121785 15
 3005 121800 15
 3006 73089 9
 3007 40610 5
 3008 154337 19
 3009 40620 5
 3010 65000 8
 3011 32504 4
 3012 16254 2
 3013 48768 6
 3014 73161 9
 3015 162600 20
 3016 138227 17
 3017 89452 11
 3018 24399 3
 3019 162680 20
 3020 16270 2
 3021 65088 8
 3022 138329 17
 3023 105794 13
 3024 113946 14
 3025 40700 5
 3026 48846 6
 3027 32568 4
 3028 81430 10
 3029 89584 11
 3030 24435 3
 3031 97752 12
 3032 162940 20
 3033 89628 11
 3034 48894 6
 3035 57050 7
 3036 146718 18
 3037 105976 13
 3038 130448 16
 3039 154926 19
 3040 81550 10
 3041 114184 14
 3042 57099 7
 3043 48948 6
 3044 16318 2
 3045 8160 1
 3046 122415 15
 3047 65296 8
 3048 146934 18
 3049 8164 1
 3050 106145 13
 3051 89826 11
 3052 155173 19
 3053 138856 17
 3054 147042 18
 3055 155230 19
 3056 138907 17
 3057 98064 12
 3058 89903 11
 3059 73566 9
 3060 138975 17
 3061 98112 12
 3062 8177 1
 3063 16356 2
 3064 163580 20
 3065 24540 3
 3066 163620 20
 3067 81820 10
 3068 32732 4
 3069 106392 13
 3070 155515 19
 3071 98232 12
 3072 81870 10
 3073 73692 9
 3074 40945 5
 3075 163800 20
 3076 57337 7
 3077 73728 9
 3078 32772 4
 3079 32776 4
 3080 8195 1
 3081 122940 15
 3082 106561 13
 3083 32792 4
 3084 40995 5
 3085 90200 11
 3086 49206 6
 3087 24606 3
 3088 123045 15
 3089 90244 11
 3090 41025 5
 3091 8206 1
 3092 155933 19
 3093 32832 4
 3094 24627 3
 3095 57470 7
 3096 164220 20
 3097 73908 9
 3098 73917 9
 3099 139638 17
 3100 131440 16
 3101 90376 11
 3102 41085 5
 3103 156142 19
 3104 139723 17
 3105 49320 6
 3106 57547 7
 3107 98664 12
 3108 131568 16
 3109 164480 20
 3110 139825 17
 3111 49356 6
 3112 41135 5
 3113 82280 10
 3114 32916 4
 3115 98760 12
 3116 74079 9
 3117 82320 10
 3118 107029 13
 3119 65872 8
 3120 98820 12
 3121 156484 19
 3122 164740 20
 3123 156522 19
 3124 131824 16
 3125 82400 10
 3126 148338 18
 3127 49452 6
 3128 57701 7
 3129 115416 14
 3130 156655 19
 3131 98952 12
 3132 8247 1
 3133 164960 20
 3134 115486 14
 3135 115500 14
 3136 140267 17
 3137 123780 15
 3138 33012 4
 3139 115556 14
 3140 107315 13
 3141 24768 3
 3142 41285 5
 3143 90838 11
 3144 107367 13
 3145 107380 13
 3146 8261 1
 3147 41310 5
 3148 148734 18
 3149 140488 17
 3150 107445 13
 3151 140522 17
 3152 41335 5
 3153 82680 10
 3154 82690 10
 3155 157130 19
 3156 66168 8
 3157 57904 7
 3158 33092 4
 3159 16548 2
 3160 33100 4
 3161 165520 20
 3162 33108 4
 3163 132448 16
 3164 66232 8
 3165 16560 2
 3166 74529 9
 3167 24846 3
 3168 107679 13
 3169 49704 6
 3170 157415 19
 3171 33144 4
 3172 124305 15
 3173 91168 11
 3174 124335 15
 3175 41450 5
 3176 157529 19
 3177 74628 9
 3178 107809 13
 3179 41470 5
 3180 132720 16
 3181 91256 11
 3182 116158 14
 3183 49788 6
 3184 132784 16
 3185 132800 16
 3186 16602 2
 3187 16604 2
 3188 58121 7
 3189 66432 8
 3190 157795 19
 3191 107978 13
 3192 132912 16
 3193 24924 3
 3194 99708 12
 3195 124650 15
 3196 91421 11
 3197 33248 4
 3198 41565 5
 3199 66512 8
 3200 116410 14
 3201 8316 1
 3202 49902 6
 3203 166360 20
 3204 74871 9
 3205 124800 15
 3206 166420 20
 3207 133152 16
 3208 16646 2
 3209 24972 3
 3210 124875 15
 3211 33304 4
 3212 74943 9
 3213 66624 8
 3214 41645 5
 3215 124950 15
 3216 116634 14
 3217 74988 9
 3218 74997 9
 3219 166680 20
 3220 50010 6
 3221 41680 5
 3222 100044 12
 3223 8338 1
 3224 108407 13
 3225 133440 16
 3226 50046 6
 3227 41710 5
 3228 75087 9
 3229 150192 18
 3230 66760 8
 3231 108498 13
 3232 8347 1
 3233 158612 19
 3234 58443 7
 3235 25050 3
 3236 50106 6
 3237 125280 15
 3238 25059 3
 3239 8354 1
 3240 91905 11
 3241 108628 13
 3242 50142 6
 3243 83580 10
 3244 150462 18
 3245 108680 13
 3246 33444 4
 3247 117068 14
 3248 150534 18
 3249 16728 2
 3250 142205 17
 3251 117124 14
 3252 50202 6
 3253 16736 2
 3254 50214 6
 3255 41850 5
 3256 108823 13
 3257 8372 1
 3258 92103 11
 3259 150732 18
 3260 41875 5
 3261 75384 9
 3262 125655 15
 3263 25134 3
 3264 58653 7
 3265 150840 18
 3266 125715 15
 3267 67056 8
 3268 58681 7
 3269 67072 8
 3270 150930 18
 3271 67088 8
 3272 125805 15
 3273 58716 7
 3274 100668 12
 3275 125850 15
 3276 33564 4
 3277 50352 6
 3278 109109 13
 3279 75546 9
 3280 41975 5
 3281 92356 11
 3282 117558 14
 3283 25194 3
 3284 83990 10
 3285 8400 1
 3286 75609 9
 3287 42010 5
 3288 142851 17
 3289 42020 5
 3290 8405 1
 3291 109278 13
 3292 134512 16
 3293 168160 20
 3294 151362 18
 3295 75690 9
 3296 92521 11
 3297 100944 12
 3298 67304 8
 3299 109382 13
 3300 159885 19
 3301 84160 10
 3302 16834 2
 3303 16836 2
 3304 126285 15
 3305 50520 6
 3306 8421 1
 3307 33688 4
 3308 33692 4
 3309 134784 16
 3310 8425 1
 3311 58982 7
 3312 168540 20
 3313 160132 19
 3314 101148 12
 3315 67440 8
 3316 151758 18
 3317 84320 10
 3318 101196 12
 3319 143378 17
 3320 75915 9
 3321 84360 10
 3322 109681 13
 3323 67504 8
 3324 75951 9
 3325 101280 12
 3326 160379 19
 3327 168840 20
 3328 135088 16
 3329 25332 3
 3330 109785 13
 3331 59122 7
 3332 8447 1
 3333 59136 7
 3334 33796 4
 3335 169000 20
 3336 50706 6
 3337 118328 14
 3338 169060 20
 3339 42270 5
 3340 42275 5
 3341 109928 13
 3342 101484 12
 3343 59206 7
 3344 93049 11
 3345 25380 3
 3346 93071 11
 3347 143854 17
 3348 8463 1
 3349 118496 14
 3350 16930 2
 3351 42330 5
 3352 59269 7
 3353 101616 12
 3354 42345 5
 3355 84700 10
 3356 144007 17
 3357 110136 13
 3358 33892 4
 3359 135584 16
 3360 135600 16
 3361 127140 15
 3362 135632 16
 3363 152604 18
 3364 16958 2
 3365 67840 8
 3366 33924 4
 3367 50892 6
 3368 110279 13
 3369 118776 14
 3370 93335 11
 3371 59402 7
 3372 33948 4
 3373 16976 2
 3374 84890 10
 3375 84900 10
 3376 76419 9
 3377 118888 14
 3378 169860 20
 3379 118916 14
 3380 84950 10
 3381 25488 3
 3382 67976 8
 3383 67984 8
 3384 144483 17
 3385 136000 16
 3386 102012 12
 3387 136032 16
 3388 59521 7
 3389 76536 9
 3390 161595 19
 3391 42530 5
 3392 119098 14
 3393 93588 11
 3394 127635 15
 3395 127650 15
 3396 119154 14
 3397 93632 11
 3398 170260 20
 3399 8514 1
 3400 93665 11
 3401 59612 7
 3402 161823 19
 3403 153324 18
 3404 17038 2
 3405 51120 6
 3406 170420 20
 3407 17044 2
 3408 68184 8
 3409 25572 3
 3410 127875 15
 3411 25578 3
 3412 110851 13
 3413 136448 16
 3414 162051 19
 3415 25590 3
 3416 170620 20
 3417 34128 4
 3418 145061 17
 3419 59738 7
 3420 162165 19
 3421 153648 18
 3422 17074 2
 3423 59766 7
 3424 76851 9
 3425 170800 20
 3426 51246 6
 3427 8542 1
 3428 153774 18
 3429 17088 2
 3430 68360 8
 3431 17092 2
 3432 145299 17
 3433 51288 6
 3434 128235 15
 3435 162450 19
 3436 171020 20
 3437 76968 9
 3438 111189 13
 3439 128310 15
 3440 42775 5
 3441 17112 2
 3442 34228 4
 3443 59906 7
 3444 94149 11
 3445 136960 16
 3446 59927 7
 3447 85620 10
 3448 111319 13
 3449 145588 17
 3450 34260 4
 3451 85660 10
 3452 111371 13
 3453 42840 5
 3454 102828 12
 3455 77130 9
 3456 42855 5
 3457 102864 12
 3458 128595 15
 3459 137184 16
 3460 102900 12
 3461 77184 9
 3462 111501 13
 3463 34312 4
 3464 8579 1
 3465 60060 7
 3466 51486 6
 3467 34328 4
 3468 77247 9
 3469 154512 18
 3470 51510 6
 3471 94446 11
 3472 85870 10
 3473 68704 8
 3474 103068 12
 3475 146030 17
 3476 146047 17
 3477 128880 15
 3478 42965 5
 3479 17188 2
 3480 42975 5
 3481 25788 3
 3482 51582 6
 3483 25794 3
 3484 85990 10
 3485 129000 15
 3486 154818 18
 3487 25806 3
 3488 77427 9
 3489 51624 6
 3490 137680 16
 3491 17212 2
 3492 163533 19
 3493 163552 19
 3494 8609 1
 3495 8610 1
 3496 94721 11
 3497 120568 14
 3498 172260 20
 3499 146438 17
 3500 77535 9
 3501 112008 13
 3502 103404 12
 3503 120652 14
 3504 155142 18
 3505 103440 12
 3506 68968 8
 3507 146574 17
 3508 137968 16
 3509 43120 5
 3510 51750 6
 3511 60382 7
 3512 43135 5
 3513 86280 10
 3514 120806 14
 3515 86300 10
 3516 77679 9
 3517 51792 6
 3518 86330 10
 3519 51804 6
 3520 155430 18
 3521 155448 18
 3522 34548 4
 3523 86380 10
 3524 25917 3
 3525 86400 10
 3526 51846 6
 3527 103704 12
 3528 121002 14
 3529 129660 15
 3530 77805 9
 3531 129690 15
 3532 43235 5
 3533 25944 3
 3534 95139 11
 3535 103800 12
 3536 103812 12
 3537 147084 17
 3538 34612 4
 3539 112502 13
 3540 43275 5
 3541 69248 8
 3542 155826 18
 3543 121212 14
 3544 95249 11
 3545 60620 7
 3546 69288 8
 3547 95282 11
 3548 8663 1
 3549 60648 7
 3550 138640 16
 3551 43330 5
 3552 52002 6
 3553 17336 2
 3554 147373 17
 3555 130050 15
 3556 164749 19
 3557 17344 2
 3558 130095 15
 3559 43370 5
 3560 164825 19
 3561 156168 18
 3562 60739 7
 3563 147526 17
 3564 156222 18
 3565 52080 6
 3566 173620 20
 3567 60774 7
 3568 34732 4
 3569 147628 17
 3570 156330 18
 3571 165034 19
 3572 173740 20
 3573 34752 4
 3574 8689 1
 3575 147730 17
 3576 69528 8
 3577 86920 10
 3578 8693 1
 3579 86940 10
 3580 26085 3
 3581 104352 12
 3582 113061 13
 3583 86980 10
 3584 34796 4
 3585 8700 1
 3586 174020 20
 3587 113126 13
 3588 104436 12
 3589 17408 2
 3590 113165 13
 3591 26118 3
 3592 95777 11
 3593 95788 11
 3594 78381 9
 3595 104520 12
 3596 156798 18
 3597 95832 11
 3598 78417 9
 3599 156852 18
 3600 69720 8
 3601 95876 11
 3602 17434 2
 3603 26154 3
 3604 174380 20
 3605 34880 4
 3606 17442 2
 3607 139552 16
 3608 52338 6
 3609 130860 15
 3610 113425 13
 3611 69808 8
 3612 8727 1
 3613 8728 1
 3614 69832 8
 3615 34920 4
 3616 61117 7
 3617 157176 18
 3618 104796 12
 3619 26202 3
 3620 17470 2
 3621 104832 12
 3622 113581 13
 3623 131070 15
 3624 26217 3
 3625 8740 1
 3626 8741 1
 3627 87420 10
 3628 166117 19
 3629 61208 7
 3630 78705 9
 3631 52476 6
 3632 8747 1
 3633 131220 15
 3634 122486 14
 3635 35000 4
 3636 140016 16
 3637 52512 6
 3638 140048 16
 3639 35016 4
 3640 140080 16
 3641 78804 9
 3642 8757 1
 3643 87580 10
 3644 113867 13
 3645 96360 11
 3646 96371 11
 3647 78858 9
 3648 113919 13
 3649 17528 2
 3650 140240 16
 3651 96426 11
 3652 166573 19
 3653 8768 1
 3654 140304 16
 3655 166630 19
 3656 78939 9
 3657 26316 3
 3658 87730 10
 3659 105288 12
 3660 26325 3
 3661 17552 2
 3662 17554 2
 3663 122892 14
 3664 61453 7
 3665 17560 2
 3666 149277 17
 3667 17564 2
 3668 131745 15
 3669 61488 7
 3670 140560 16
 3671 158148 18
 3672 26361 3
 3673 70304 8
 3674 87890 10
 3675 8790 1
 3676 61537 7
 3677 175840 20
 3678 87930 10
 3679 79146 9
 3680 35180 4
 3681 123144 14
 3682 79173 9
 3683 8798 1
 3684 17598 2
 3685 105600 12
 3686 8801 1
 3687 35208 4
 3688 70424 8
 3689 132060 15
 3690 26415 3
 3691 123284 14
 3692 96877 11
 3693 8808 1
 3694 35236 4
 3695 35240 4
 3696 140976 16
 3697 52872 6
 3698 17626 2
 3699 79326 9
 3700 70520 8
 3701 105792 12
 3702 96987 11
 3703 17636 2
 3704 44095 5
 3705 114660 13
 3706 44105 5
 3707 114686 13
 3708 44115 5
 3709 97064 11
 3710 132375 15
 3711 44130 5
 3712 52962 6
 3713 158904 18
 3714 61803 7
 3715 97130 11
 3716 132465 15
 3717 44160 5
 3718 114829 13
 3719 26502 3
 3720 88350 10
 3721 44180 5
 3722 53022 6
 3723 70704 8
 3724 132585 15
 3725 114920 13
 3726 61887 7
 3727 35368 4
 3728 176860 20
 3729 168036 19
 3730 61915 7
 3731 123844 14
 3732 61929 7
 3733 132720 15
 3734 44245 5
 3735 123900 14
 3736 8851 1
 3737 177040 20
 3738 106236 12
 3739 106248 12
 3740 8855 1
 3741 61992 7
 3742 106284 12
 3743 150586 17
 3744 124026 14
 3745 70880 8
 3746 62027 7
 3747 70896 8
 3748 17726 2
 3749 168416 19
 3750 97515 11
 3751 97526 11
 3752 17734 2
 3753 62076 7
 3754 115297 13
 3755 53220 6
 3756 141936 16
 3757 53232 6
 3758 141968 16
 3759 177480 20
 3760 97625 11
 3761 79884 9
 3762 62139 7
 3763 124292 14
 3764 62153 7
 3765 88800 10
 3766 26643 3
 3767 88820 10
 3768 88830 10
 3769 168796 19
 3770 53310 6
 3771 115518 13
 3772 79983 9
 3773 17776 2
 3774 71112 8
 3775 177800 20
 3776 142256 16
 3777 142272 16
 3778 124502 14
 3779 142304 16
 3780 8895 1
 3781 151232 17
 3782 8897 1
 3783 53388 6
 3784 8899 1
 3785 53400 6
 3786 80109 9
 3787 80118 9
 3788 80127 9
 3789 62328 7
 3790 124670 14
 3791 80154 9
 3792 169233 19
 3793 106896 12
 3794 106908 12
 3795 53460 6
 3796 8911 1
 3797 26736 3
 3798 160434 18
 3799 26742 3
 3800 160470 18
 3801 98076 11
 3802 160506 18
 3803 98098 11
 3804 151623 17
 3805 142720 16
 3806 142736 16
 3807 35688 4
 3808 107076 12
 3809 107088 12
 3810 116025 13
 3811 89260 10
 3812 89270 10
 3813 35712 4
 3814 35716 4
 3815 178600 20
 3816 26793 3
 3817 80388 9
 3818 26799 3
 3819 62538 7
 3820 142960 16
 3821 116168 13
 3822 8937 1
 3823 71504 8
 3824 89390 10
 3825 134100 15
 3826 107292 12
 3827 116246 13
 3828 178860 20
 3829 35776 4
 3830 107340 12
 3831 35784 4
 3832 143152 16
 3833 98428 11
 3834 44745 5
 3835 53700 6
 3836 161118 18
 3837 62664 7
 3838 71624 8
 3839 125356 14
 3840 62685 7
 3841 80604 9
 3842 170183 19
 3843 80622 9
 3844 179180 20
 3845 80640 9
 3846 143376 16
 3847 44810 5
 3848 17926 2
 3849 80676 9
 3850 53790 6
 3851 71728 8
 3852 8967 1
 3853 26904 3
 3854 26907 3
 3855 134550 15
 3856 8971 1
 3857 179440 20
 3858 71784 8
 3859 170506 19
 3860 35900 4
 3861 134640 15
 3862 125678 14
 3863 26934 3
 3864 44895 5
 3865 125720 14
 3866 17962 2
 3867 26946 3
 3868 35932 4
 3869 89840 10
 3870 89850 10
 3871 80874 9
 3872 89870 10
 3873 152796 17
 3874 179780 20
 3875 17980 2
 3876 125874 14
 3877 26976 3
 3878 116909 13
 3879 152898 17
 3880 134925 15
 3881 53976 6
 3882 26991 3
 3883 53988 6
 3884 62993 7
 3885 72000 8
 3886 135015 15
 3887 108024 12
 3888 54018 6
 3889 18008 2
 3890 9005 1
 3891 144096 16
 3892 36028 4
 3893 144128 16
 3894 90090 10
 3895 45050 5
 3896 9011 1
 3897 72096 8
 3898 144208 16
 3899 162252 18
 3900 117195 13
 3901 117208 13
 3902 180340 20
 3903 126252 14
 3904 126266 14
 3905 18040 2
 3906 99231 11
 3907 54132 6
 3908 45115 5
 3909 36096 4
 3910 18050 2
 3911 45130 5
 3912 135405 15
 3913 135420 15
 3914 117377 13
 3915 108360 12
 3916 117403 13
 3917 108384 12
 3918 99363 11
 3919 108408 12
 3920 162630 18
 3921 27108 3
 3922 63259 7
 3923 27114 3
 3924 180780 20
 3925 9040 1
 3926 72328 8
 3927 81378 9
 3928 63301 7
 3929 180880 20
 3930 126630 14
 3931 45230 5
 3932 126658 14
 3933 153816 17
 3934 81441 9
 3935 27150 3
 3936 108612 12
 3937 18104 2
 3938 90530 10
 3939 54324 6
 3940 63385 7
 3941 63392 7
 3942 27171 3
 3943 135870 15
 3944 172121 19
 3945 163080 18
 3946 63427 7
 3947 172178 19
 3948 54378 6
 3949 172216 19
 3950 117845 13
 3951 63462 7
 3952 9067 1
 3953 36272 4
 3954 99759 11
 3955 99770 11
 3956 126994 14
 3957 36288 4
 3958 145168 16
 3959 54444 6
 3960 136125 15
 3961 154292 17
 3962 72616 8
 3963 163404 18
 3964 145264 16
 3965 18160 2
 3966 154377 17
 3967 99902 11
 3968 90830 10
 3969 63588 7
 3970 154445 17
 3971 172634 19
 3972 72696 8
 3973 99968 11
 3974 18178 2
 3975 27270 3
 3976 145456 16
 3977 154564 17
 3978 72744 8
 3979 90940 10
 3980 127330 14
 3981 63672 7
 3982 9097 1
 3983 118274 13
 3984 136485 15
 3985 54600 6
 3986 91010 10
 3987 109224 12
 3988 163854 18
 3989 118352 13
 3990 154785 17
 3991 27318 3
 3992 109284 12
 3993 173052 19
 3994 109308 12
 3995 154870 17
 3996 18222 2
 3997 109344 12
 3998 27339 3
 3999 145824 16
 4000 136725 15
 4001 18232 2
 4002 18234 2
 4003 155006 17
 4004 91190 10
 4005 63840 7
 4006 91210 10
 4007 63854 7
 4008 45615 5
 4009 182480 20
 4010 54750 6
 4011 109512 12
 4012 18254 2
 4013 164304 18
 4014 9129 1
 4015 18260 2
 4016 100441 11
 4017 9132 1
 4018 54798 6
 4019 73072 8
 4020 9135 1
 4021 54816 6
 4022 164466 18
 4023 100518 11
 4024 182780 20
 4025 45700 5
 4026 91410 10
 4027 54852 6
 4028 173717 19
 4029 64008 7
 4030 18290 2
 4031 109752 12
 4032 36588 4
 4033 9148 1
 4034 109788 12
 4035 109800 12
 4036 64057 7
 4037 82368 9
 4038 18306 2
 4039 9154 1
 4040 91550 10
 4041 45780 5
 4042 27471 3
 4043 73264 8
 4044 45795 5
 4045 183200 20
 4046 9161 1
 4047 91620 10
 4048 109956 12
 4049 82476 9
 4050 109980 12
 4051 27498 3
 4052 27501 3
 4053 64176 7
 4054 110028 12
 4055 110040 12
 4056 45855 5
 4057 91720 10
 4058 27519 3
 4059 9174 1
 4060 55050 6
 4061 146816 16
 4062 45885 5
 4063 110136 12
 4064 100969 11
 4065 36720 4
 4066 119353 13
 4067 36728 4
 4068 27549 3
 4069 137760 15
 4070 165330 18
 4071 64302 7
 4072 27561 3
 4073 45940 5
 4074 73512 8
 4075 91900 10
 4076 73528 8
 4077 82728 9
 4078 73544 8
 4079 174686 19
 4080 110340 12
 4081 91960 10
 4082 82773 9
 4083 119574 13
 4084 9199 1
 4085 165600 18
 4086 110412 12
 4087 119626 13
 4088 92030 10
 4089 9204 1
 4090 9205 1
 4091 101266 11
 4092 156519 17
 4093 82872 9
 4094 119717 13
 4095 138150 15
 4096 46055 5
 4097 128968 14
 4098 119769 13
 4099 64498 7
 4100 147440 16
 4101 184320 20
 4102 73736 8
 4103 36872 4
 4104 73752 8
 4105 82980 9
 4106 165978 18
 4107 92220 10
 4108 138345 15
 4109 147584 16
 4110 129150 14
 4111 138390 15
 4112 64589 7
 4113 55368 6
 4114 73832 8
 4115 9230 1
 4116 46155 5
 4117 64624 7
 4118 73864 8
 4119 156978 17
 4120 166230 18
 4121 92360 10
 4122 73896 8
 4123 184760 20
 4124 110868 12
 4125 157080 17
 4126 55446 6
 4127 120146 13
 4128 55458 6
 4129 166392 18
 4130 92450 10
 4131 27738 3
 4132 73976 8
 4133 110976 12
 4134 110988 12
 4135 18500 2
 4136 83259 9
 4137 74016 8
 4138 27759 3
 4139 9254 1
 4140 9255 1
 4141 111072 12
 4142 18514 2
 4143 46290 5
 4144 55554 6
 4145 111120 12
 4146 148176 16
 4147 74096 8
 4148 64841 7
 4149 55584 6
 4150 138975 15
 4151 83394 9
 4152 111204 12
 4153 129752 14
 4154 37076 4
 4155 74160 8
 4156 37084 4
 4157 176168 19
 4158 37092 4
 4159 129836 14
 4160 55650 6
 4161 9276 1
 4162 157709 17
 4163 167004 18
 4164 64953 7
 4165 27840 3
 4166 157777 17
 4167 64974 7
 4168 55698 6
 4169 157828 17
 4170 9285 1
 4171 83574 9
 4172 148592 16
 4173 74304 8
 4174 83601 9
 4175 111480 12
 4176 157947 17
 4177 130088 14
 4178 46465 5
 4179 185880 20
 4180 130130 14
 4181 176624 19
 4182 55782 6
 4183 176662 19
 4184 65093 7
 4185 27900 3
 4186 65107 7
 4187 186040 20
 4188 55818 6
 4189 93040 10
 4190 186100 20
 4191 83754 9
 4192 46535 5
 4193 102388 11
 4194 102399 11
 4195 27930 3
 4196 102421 11
 4197 65184 7
 4198 83817 9
 4199 93140 10
 4200 121095 13
 4201 177004 19
 4202 37268 4
 4203 158406 17
 4204 186380 20
 4205 9320 1
 4206 18642 2
 4207 177118 19
 4208 102553 11
 4209 130536 14
 4210 121225 13
 4211 186520 20
 4212 111924 12
 4213 18656 2
 4214 121277 13
 4215 121290 13
 4216 83979 9
 4217 55992 6
 4218 9333 1
 4219 186680 20
 4220 65345 7
 4221 168048 18
 4222 9337 1
 4223 158746 17
 4224 168102 18
 4225 18680 2
 4226 93410 10
 4227 46710 5
 4228 65401 7
 4229 9344 1
 4230 158865 17
 4231 177574 19
 4232 102817 11
 4233 102828 11
 4234 121537 13
 4235 177650 19
 4236 130914 14
 4237 177688 19
 4238 159001 17
 4239 56124 6
 4240 46775 5
 4241 37424 4
 4242 140355 15
 4243 65506 7
 4244 112308 12
 4245 177840 19
 4246 93610 10
 4247 131068 14
 4248 112356 12
 4249 187280 20
 4250 149840 16
 4251 131124 14
 4252 65569 7
 4253 112416 12
 4254 103059 11
 4255 9370 1
 4256 140565 15
 4257 65604 7
 4258 131222 14
 4259 9374 1
 4260 37500 4
 4261 28128 3
 4262 46885 5
 4263 187560 20
 4264 28137 3
 4265 46900 5
 4266 159477 17
 4267 18764 2
 4268 178277 19
 4269 75072 8
 4270 131390 14
 4271 103246 11
 4272 168966 18
 4273 56328 6
 4274 18778 2
 4275 46950 5
 4276 56346 6
 4277 178448 19
 4278 46965 5
 4279 169092 18
 4280 65765 7
 4281 75168 8
 4282 75176 8
 4283 159766 17
 4284 169182 18
 4285 150400 16
 4286 131614 14
 4287 37608 4
 4288 159851 17
 4289 141060 15
 4290 84645 9
 4291 84654 9
 4292 150512 16
 4293 9408 1
 4294 112908 12
 4295 169380 18
 4296 141165 15
 4297 141180 15
 4298 169434 18
 4299 18828 2
 4300 131810 14
 4301 160072 17
 4302 188340 20
 4303 160106 17
 4304 9419 1
 4305 160140 17
 4306 75368 8
 4307 65954 7
 4308 75384 8
 4309 28272 3
 4310 188500 20
 4311 37704 4
 4312 188540 20
 4313 75424 8
 4314 141435 15
 4315 169740 18
 4316 66017 7
 4317 66024 7
 4318 47165 5
 4319 132076 14
 4320 18870 2
 4321 75488 8
 4322 179303 19
 4323 66066 7
 4324 56634 6
 4325 169920 18
 4326 9441 1
 4327 75536 8
 4328 56658 6
 4329 188880 20
 4330 151120 16
 4331 113352 12
 4332 9447 1
 4333 113376 12
 4334 103939 11
 4335 18900 2
 4336 113412 12
 4337 56712 6
 4338 170154 18
 4339 37816 4
 4340 104005 11
 4341 170208 18
 4342 47285 5
 4343 56748 6
 4344 18918 2
 4345 151360 16
 4346 141915 15
 4347 170316 18
 4348 151408 16
 4349 160888 17
 4350 113580 12
 4351 151456 16
 4352 47335 5
 4353 113616 12
 4354 66283 7
 4355 104170 11
 4356 151536 16
 4357 56832 6
 4358 123149 13
 4359 180006 19
 4360 104225 11
 4361 28428 3
 4362 18954 2
 4363 132692 14
 4364 189580 20
 4365 66360 7
 4366 142215 15
 4367 75856 8
 4368 56898 6
 4369 151744 16
 4370 189700 20
 4371 75888 8
 4372 9487 1
 4373 28464 3
 4374 189780 20
 4375 18980 2
 4376 9491 1
 4377 132888 14
 4378 161381 17
 4379 37976 4
 4380 75960 8
 4381 189920 20
 4382 94970 10
 4383 47490 5
 4384 151984 16
 4385 95000 10
 4386 9501 1
 4387 123526 13
 4388 9503 1
 4389 47520 5
 4390 57030 6
 4391 57036 6
 4392 190140 20
 4393 28524 3
 4394 19018 2
 4395 19020 2
 4396 76088 8
 4397 104632 11
 4398 123669 13
 4399 57084 6
 4400 114180 12
 4401 180804 19
 4402 57102 6
 4403 19036 2
 4404 19038 2
 4405 152320 16
 4406 152336 16
 4407 190440 20
 4408 114276 12
 4409 142860 15
 4410 171450 18
 4411 9526 1
 4412 181013 19
 4413 66696 7
 4414 28587 3
 4415 190600 20
 4416 162027 17
 4417 19064 2
 4418 114396 12
 4419 66738 7
 4420 57210 6
 4421 85824 9
 4422 114444 12
 4423 47690 5
 4424 171702 18
 4425 66780 7
 4426 190820 20
 4427 181298 19
 4428 85887 9
 4429 162248 17
 4430 181355 19
 4431 143190 15
 4432 171846 18
 4433 66836 7
 4434 28647 3
 4435 133700 14
 4436 57306 6
 4437 181488 19
 4438 124189 13
 4439 66878 7
 4440 105105 11
 4441 105116 11
 4442 57342 6
 4443 124254 13
 4444 28677 3
 4445 105160 11
 4446 143415 15
 4447 152992 16
 4448 191260 20
 4449 124332 13
 4450 162605 17
 4451 9566 1
 4452 133938 14
 4453 95680 10
 4454 9569 1
 4455 95700 10
 4456 105281 11
 4457 172296 18
 4458 76584 8
 4459 191480 20
 4460 76600 8
 4461 95760 10
 4462 172386 18
 4463 134092 14
 4464 191580 20
 4465 76640 8
 4466 86229 9
 4467 19164 2
 4468 57498 6
 4469 124592 13
 4470 67095 7
 4471 124618 13
 4472 172566 18
 4473 162996 17
 4474 182191 19
 4475 57540 6
 4476 28773 3
 4477 134288 14
 4478 124709 13
 4479 105534 11
 4480 153520 16
 4481 115152 12
 4482 163149 17
 4483 134372 14
 4484 134386 14
 4485 28800 3
 4486 48005 5
 4487 124826 13
 4488 48015 5
 4489 153664 16
 4490 105655 11
 4491 144090 15
 4492 124891 13
 4493 172944 18
 4494 182571 19
 4495 67270 7
 4496 105721 11
 4497 28836 3
 4498 57678 6
 4499 182666 19
 4500 115380 12
 4501 144240 15
 4502 125021 13
 4503 67326 7
 4504 9619 1
 4505 96200 10
 4506 115452 12
 4507 86598 9
 4508 86607 9
 4509 173232 18
 4510 77000 8
 4511 57756 6
 4512 134778 14
 4513 182932 19
 4514 57774 6
 4515 105930 11
 4516 96310 10
 4517 115584 12
 4518 86697 9
 4519 28902 3
 4520 38540 4
 4521 57816 6
 4522 67459 7
 4523 57828 6
 4524 77112 8
 4525 115680 12
 4526 57846 6
 4527 154272 16
 4528 9643 1
 4529 77152 8
 4530 115740 12
 4531 96460 10
 4532 163999 17
 4533 48240 5
 4534 144735 15
 4535 77200 8
 4536 28953 3
 4537 173736 18
 4538 164101 17
 4539 38616 4
 4540 183445 19
 4541 115872 12
 4542 144855 15
 4543 115896 12
 4544 86931 9
 4545 57960 6
 4546 57966 6
 4547 67634 7
 4548 183597 19
 4549 19328 2
 4550 57990 6
 4551 183654 19
 4552 125671 13
 4553 67676 7
 4554 87021 9
 4555 67690 7
 4556 9671 1
 4557 58032 6
 4558 87057 9
 4559 154784 16
 4560 193500 20
 4561 9676 1
 4562 125801 13
 4563 116136 12
 4564 48395 5
 4565 77440 8
 4566 87129 9
 4567 19364 2
 4568 135562 14
 4569 67788 7
 4570 96850 10
 4571 19372 2
 4572 87183 9
 4573 19376 2
 4574 96890 10
 4575 9690 1
 4576 155056 16
 4577 145380 15
 4578 126009 13
 4579 164798 17
 4580 184205 19
 4581 116352 12
 4582 67879 7
 4583 193960 20
 4584 67893 7
 4585 19400 2
 4586 106711 11
 4587 58212 6
 4588 155248 16
 4589 145560 15
 4590 116460 12
 4591 67942 7
 4592 155312 16
 4593 9708 1
 4594 58254 6
 4595 87390 9
 4596 155376 16
 4597 155392 16
 4598 97130 10
 4599 67998 7
 4600 126295 13
 4601 29148 3
 4602 174906 18
 4603 19436 2
 4604 77752 8
 4605 68040 7
 4606 58326 6
 4607 97220 10
 4608 145845 15
 4609 58344 6
 4610 116700 12
 4611 9726 1
 4612 106997 11
 4613 87552 9
 4614 77832 8
 4615 136220 14
 4616 175158 18
 4617 68124 7
 4618 68131 7
 4619 175212 18
 4620 38940 4
 4621 68152 7
 4622 97370 10
 4623 194760 20
 4624 146085 15
 4625 19480 2
 4626 29223 3
 4627 136388 14
 4628 165631 17
 4629 29232 3
 4630 77960 8
 4631 19492 2
 4632 48735 5
 4633 165716 17
 4634 146235 15
 4635 165750 17
 4636 126763 13
 4637 126776 13
 4638 175554 18
 4639 78032 8
 4640 117060 12
 4641 19512 2
 4642 97570 10
 4643 48790 5
 4644 19518 2
 4645 39040 4
 4646 185459 19
 4647 78096 8
 4648 68341 7
 4649 165988 17
 4650 48825 5
 4651 48830 5
 4652 136738 14
 4653 87912 9
 4654 68383 7
 4655 117240 12
 4656 97710 10
 4657 195440 20
 4658 87957 9
 4659 136836 14
 4660 39100 4
 4661 156416 16
 4662 107547 11
 4663 58668 6
 4664 48895 5
 4665 117360 12
 4666 176058 18
 4667 97820 10
 4668 127179 13
 4669 166328 17
 4670 39140 4
 4671 68502 7
 4672 195740 20
 4673 166396 17
 4674 97890 10
 4675 48950 5
 4676 107701 11
 4677 166464 17
 4678 156688 16
 4679 39176 4
 4680 176310 18
 4681 146940 15
 4682 88173 9
 4683 19596 2
 4684 78392 8
 4685 29400 3
 4686 49005 5
 4687 137228 14
 4688 39212 4
 4689 137256 14
 4690 29415 3
 4691 68642 7
 4692 29421 3
 4693 127504 13
 4694 39236 4
 4695 58860 6
 4696 107921 11
 4697 166804 17
 4698 176634 18
 4699 58884 6
 4700 157040 16
 4701 9816 1
 4702 68719 7
 4703 166906 17
 4704 147285 15
 4705 29460 3
 4706 137494 14
 4707 9822 1
 4708 58938 6
 4709 49120 5
 4710 98250 10
 4711 98260 10
 4712 19654 2
 4713 39312 4
 4714 147435 15
 4715 167110 17
 4716 117972 12
 4717 39328 4
 4718 19666 2
 4719 49170 5
 4720 137690 14
 4721 196720 20
 4722 108207 11
 4723 177084 18
 4724 98390 10
 4725 118080 12
 4726 88569 9
 4727 127946 13
 4728 157488 16
 4729 177192 18
 4730 157520 16
 4731 108306 11
 4732 29541 3
 4733 19696 2
 4734 68943 7
 4735 19700 2
 4736 197020 20
 4737 128076 13
 4738 49265 5
 4739 59124 6
 4740 197100 20
 4741 49280 5
 4742 98570 10
 4743 167586 17
 4744 29577 3
 4745 108460 11
 4746 138054 14
 4747 187378 19
 4748 19726 2
 4749 98640 10
 4750 157840 16
 4751 167722 17
 4752 187473 19
 4753 78944 8
 4754 197380 20
 4755 177660 18
 4756 177678 18
 4757 29616 3
 4758 177714 18
 4759 167858 17
 4760 9875 1
 4761 128388 13
 4762 197540 20
 4763 98780 10
 4764 29637 3
 4765 128440 13
 4766 88929 9
 4767 9882 1
 4768 98830 10
 4769 128492 13
 4770 148275 15
 4771 197720 20
 4772 39548 4
 4773 148320 15
 4774 128557 13
 4775 29670 3
 4776 168147 17
 4777 108812 11
 4778 138502 14
 4779 29682 3
 4780 69265 7
 4781 128648 13
 4782 168249 17
 4783 19796 2
 4784 79192 8
 4785 79200 8
 4786 118812 12
 4787 178236 18
 4788 118836 12
 4789 89136 9
 4790 158480 16
 4791 89154 9
 4792 178326 18
 4793 29724 3
 4794 148635 15
 4795 29730 3
 4796 29733 3
 4797 19824 2
 4798 39652 4
 4799 59484 6
 4800 118980 12
 4801 118992 12
 4802 69419 7
 4803 138852 14
 4804 109109 11
 4805 119040 12
 4806 59526 6
 4807 168674 17
 4808 109153 11
 4809 109164 11
 4810 138950 14
 4811 19852 2
 4812 29781 3
 4813 99280 10
 4814 178722 18
 4815 59580 6
 4816 148965 15
 4817 119184 12
 4818 89397 9
 4819 69538 7
 4820 129155 13
 4821 79488 8
 4822 119244 12
 4823 178884 18
 4824 99390 10
 4825 168980 17
 4826 99410 10
 4827 188898 19
 4828 178974 18
 4829 178992 18
 4830 9945 1
 4831 188974 19
 4832 169099 17
 4833 19896 2
 4834 89541 9
 4835 199000 20
 4836 59706 6
 4837 89568 9
 4838 149295 15
 4839 9954 1
 4840 89595 9
 4841 109516 11
 4842 19914 2
 4843 179244 18
 4844 149385 15
 4845 169320 17
 4846 69727 7
 4847 199240 20
 4848 139482 14
 4849 159424 16
 4850 99650 10
 4851 9966 1
 4852 139538 14
 4853 89712 9
 4854 29907 3
 4855 119640 12
 4856 59826 6
 4857 189468 19
 4858 9973 1
 4859 49870 5
 4860 169575 17
 4861 119712 12
 4862 109747 11
 4863 149670 15
 4864 79832 8
 4865 69860 7
 4866 149715 15
 4867 19964 2
 4868 89847 9
 4869 89856 9
 4870 99850 10
 4871 19972 2
 4872 119844 12
 4873 29964 3
 4874 199780 20
 4875 79920 8
 4876 69937 7
 4877 149880 15
 4878 189867 19
 4879 99940 10
 4880 79960 8
 4881 39984 4
 4882 119964 12
 4883 59988 6
 4884 129987 13
 4885 90000 9
 4886 10001 1
 4887 80016 8
 4888 160048 16
 4889 90036 9
 4890 130065 13
 4891 150090 15
 4892 180126 18
 4893 140112 14
 4894 40036 4
 4895 170170 17
 4896 130143 13
 4897 200240 20
 4898 140182 14
 4899 70098 7
 4900 140210 14
 4901 130208 13
 4902 30051 3
 4903 150270 15
 4904 100190 10
 4905 180360 18
 4906 180378 18
 4907 180396 18
 4908 20046 2
 4909 170408 17
 4910 160400 16
 4911 40104 4
 4912 190513 19
 4913 130364 13
 4914 20058 2
 4915 190570 19
 4916 110341 11
 4917 50160 5
 4918 50165 5
 4919 50170 5
 4920 170595 17
 4921 100360 10
 4922 30111 3
 4923 80304 8
 4924 60234 6
 4925 190760 19
 4926 90369 9
 4927 80336 8
 4928 120516 12
 4929 70308 7
 4930 110495 11
 4931 120552 12
 4932 120564 12
 4933 140672 14
 4934 100490 10
 4935 140700 14
 4936 160816 16
 4937 160832 16
 4938 180954 18
 4939 100540 10
 4940 160880 16
 4941 110616 11
 4942 10057 1
 4943 170986 17
 4944 201180 20
 4945 80480 8
 4946 90549 9
 4947 110682 11
 4948 10063 1
 4949 120768 12
 4950 181170 18
 4951 191254 19
 4952 10067 1
 4953 100680 10
 4954 161104 16
 4955 181260 18
 4956 181278 18
 4957 90648 9
 4958 181314 18
 4959 70518 7
 4960 141050 14
 4961 60456 6
 4962 201540 20
 4963 171326 17
 4964 100790 10
 4965 201600 20
 4966 171377 17
 4967 191558 19
 4968 131079 13
 4969 10084 1
 4970 50425 5
 4971 151290 15
 4972 30261 3
 4973 50440 5
 4974 110979 11
 4975 121080 12
 4976 90819 9
 4977 70644 7
 4978 40372 4
 4979 60564 6
 4980 111045 11
 4981 90864 9
 4982 111067 11
 4983 80784 8
 4984 40396 4
 4985 171700 17
 4986 141414 14
 4987 101020 10
 4988 141442 14
 4989 121248 12
 4990 101050 10
 4991 10106 1
 4992 121284 12
 4993 202160 20
 4994 20218 2
 4995 70770 7
 4996 141554 14
 4997 141568 14
 4998 40452 4
 4999 192166 19
 5000 202300 20
 5001 70812 7
 5002 10117 1
 5003 151770 15
 5004 60714 6
 5005 172040 17
 5006 111331 11
 5007 10122 1
 5008 141722 14
 5009 60744 6
 5010 60750 6
 5011 40504 4
 5012 141778 14
 5013 30384 3
 5014 182322 18
 5015 101300 10
 5016 141834 14
 5017 50660 5
 5018 202660 20
 5019 131742 13
 5020 162160 16
 5021 50680 5
 5022 70959 7
 5023 141932 14
 5024 111529 11
 5025 182520 18
 5026 202820 20
 5027 202840 20
 5028 142002 14
 5029 101440 10
 5030 162320 16
 5031 142044 14
 5032 131911 13
 5033 162368 16
 5034 152235 15
 5035 50750 5
 5036 20302 2
 5037 172584 17
 5038 50765 5
 5039 192926 19
 5040 121860 12
 5041 101560 10
 5042 192983 19
 5043 132054 13
 5044 60954 6
 5045 182880 18
 5046 193059 19
 5047 172754 17
 5048 121956 12
 5049 10164 1
 5050 182970 18
 5051 91494 9
 5052 132171 13
 5053 10168 1
 5054 50845 5
 5055 132210 13
 5056 162736 16
 5057 172924 17
 5058 203460 20
 5059 152610 15
 5060 101750 10
 5061 10176 1
 5062 142478 14
 5063 101780 10
 5064 173043 17
 5065 20360 2
 5066 203620 20
 5067 203640 20
 5068 101830 10
 5069 91656 9
 5070 193515 19
 5071 20372 2
 5072 132431 13
 5073 81504 8
 5074 101890 10
 5075 101900 10
 5076 112101 11
 5077 30576 3
 5078 101930 10
 5079 183492 18
 5080 152925 15
 5081 91764 9
 5082 163152 16
 5083 81584 8
 5084 50995 5
 5085 20400 2
 5086 193819 19
 5087 153030 15
 5088 10203 1
 5089 61224 6
 5090 30615 3
 5091 204120 20
 5092 173519 17
 5093 40832 4
 5094 81672 8
 5095 142940 14
 5096 30633 3
 5097 40848 4
 5098 10213 1
 5099 153210 15
 5100 194085 19
 5101 91944 9
 5102 102170 10
 5103 132834 13
 5104 194161 19
 5105 132860 13
 5106 102210 10
 5107 122664 12
 5108 153345 15
 5109 102240 10
 5110 153375 15
 5111 163616 16
 5112 143178 14
 5113 71596 7
 5114 184122 18
 5115 143220 14
 5116 71617 7
30696