545
 1 5995 11
 2 7098 13
 3 3282 6
 4 1096 2
 5 7686 14
 6 9350 17
 7 4408 8
 8 7728 14
 9 2212 4
 10 6648 12
 11 7770 14
 12 1112 2
 13 4456 8
 14 6138 11
 15 2236 4
 16 3360 6
 17 6732 12
 18 3372 6
 19 2815 5
 20 2256 4
 21 5650 10
 22 9622 17
 23 6237 11
 24 7952 14
 25 5121 9
 26 2850 5
 27 2855 5
 28 7436 13
 29 11460 20
 30 1148 2
 31 11500 20
 32 8064 14
 33 2308 4
 34 1156 2
 35 4632 8
 36 2320 4
 37 9877 17
 38 2328 4
 39 4664 8
 40 8760 15
 41 10530 18
 42 2930 5
 43 4109 7
 44 8232 14
 45 10013 17
 46 1770 3
 47 5910 10
 48 11840 20
 49 11267 19
 50 7722 13
 51 4760 8
 52 5960 10
 53 8358 14
 54 10764 18
 55 4193 7
 56 9600 16
 57 601 1
 58 6020 10
 59 4221 7
 60 9664 16
 61 605 1
 62 12120 20
 63 11533 19
 64 7904 13
 65 7308 12
 66 4270 7
 67 7332 12
 68 4284 7
 69 2452 4
 70 12280 20
 71 9225 15
 72 12320 20
 73 12340 20
 74 8652 14
 75 8666 14
 76 9920 16
 77 4347 7
 78 11818 19
 79 5607 9
 80 9984 16
 81 1875 3
 82 4382 7
 83 627 1
 84 10048 16
 85 8806 14
 86 2520 4
 87 7572 12
 88 5688 9
 89 12027 19
 90 634 1
 91 12700 20
 92 12084 19
 93 5733 9
 94 8932 14
 95 11502 18
 96 12800 20
 97 7051 11
 98 10272 16
 99 7716 12
 100 5796 9
 101 645 1
 102 5168 8
 103 12940 20
 104 10368 16
 105 11682 18
 106 5200 8
 107 9114 14
 108 1956 3
 109 13060 20
 110 7848 12
 111 5240 8
 112 7872 12
 113 13140 20
 114 658 1
 115 4613 7
 116 7260 11
 117 11237 17
 118 7944 12
 119 7956 12
 120 10624 16
 121 6650 10
 122 666 1
 123 1334 2
 124 4676 7
 125 10704 16
 126 10050 15
 127 11407 17
 128 9408 14
 129 10768 16
 130 4718 7
 131 1350 2
 132 1352 2
 133 5416 8
 134 8136 12
 135 10864 16
 136 12240 18
 137 9534 14
 138 4774 7
 139 6147 9
 140 4104 6
 141 9590 14
 142 13034 19
 143 687 1
 144 12384 18
 145 6890 10
 146 13110 19
 147 691 1
 148 3460 5
 149 8316 12
 150 6246 9
 151 11120 16
 152 3480 5
 153 6970 10
 154 4188 6
 155 5592 8
 156 14000 20
 157 10515 15
 158 702 1
 159 4218 6
 160 13376 19
 161 8460 12
 162 706 1
 163 2121 3
 164 2124 3
 165 6381 9
 166 9230 13
 167 11376 16
 168 4272 6
 169 9269 13
 170 9996 14
 171 2860 4
 172 8592 12
 173 12189 17
 174 3590 5
 175 7909 11
 176 7920 11
 177 3605 5
 178 3610 5
 179 5784 8
 180 7240 10
 181 3625 5
 182 7260 10
 183 7270 10
 184 11648 16
 185 4374 6
 186 5840 8
 187 13889 19
 188 7320 10
 189 2199 3
 190 11744 16
 191 8820 12
 192 10304 14
 193 7370 10
 194 13284 18
 195 1478 2
 196 11100 15
 197 11856 16
 198 8162 11
 199 8173 11
 200 9672 13
 201 11175 15
 202 14920 20
 203 9711 13
 204 5984 8
 205 14231 19
 206 7500 10
 207 2253 3
 208 4512 6
 209 12048 16
 210 9802 13
 211 6795 9
 212 9828 13
 213 9084 12
 214 5306 7
 215 3795 5
 216 6080 8
 217 11415 15
 218 7620 10
 219 12208 16
 220 13752 18
 221 15300 20
 222 15320 20
 223 3835 5
 224 9984 13
 225 13842 18
 226 7700 10
 227 14649 19
 228 10036 13
 229 4638 6
 230 6966 9
 231 6975 9
 232 2328 3
 233 10101 13
 234 7780 10
 235 10127 13
 236 10140 13
 237 7810 10
 238 4692 6
 239 3132 4
 240 11760 15
 241 15700 20
 242 11004 14
 243 13379 17
 244 5516 7
 245 10257 13
 246 13430 17
 247 13447 17
 248 3960 5
 249 12688 16
 250 794 1
 251 11130 14
 252 6368 8
 253 10361 13
 254 11970 15
 255 2397 3
 256 12800 16
 257 16020 20
 258 4812 6
 259 7227 9
 260 13668 17
 261 2415 3
 262 2418 3
 263 16140 20
 264 7272 9
 265 6472 8
 266 4050 5
 267 13787 17
 268 9744 12
 269 15447 19
 270 13838 17
 271 4075 5
 272 816 1
 273 3268 4
 274 13906 17
 275 9828 12
 276 9020 11
 277 1642 2
 278 13152 16
 279 9876 12
 280 11536 14
 281 4125 5
 282 14042 17
 283 15713 19
 284 14076 17
 285 829 1
 286 7470 9
 287 12465 15
 288 14976 18
 289 15827 19
 290 1668 2
 291 16700 20
 292 13376 16
 293 8370 10
 294 12570 15
 295 1678 2
 296 2520 3
 297 15138 18
 298 14314 17
 299 15174 18
 300 1688 2
 301 13520 16
 302 2538 3
 303 4235 5
 304 2544 3
 305 11037 13
 306 11900 14
 307 5957 7
 308 7668 9
 309 13648 16
 310 17080 20
 311 6840 8
 312 3424 4
 313 15426 18
 314 6006 7
 315 12026 14
 316 12040 14
 317 6027 7
 318 862 1
 319 1726 2
 320 17280 20
 321 4325 5
 322 15588 18
 323 9537 11
 324 15624 18
 325 16511 19
 326 7830 9
 327 1742 2
 328 16568 19
 329 9603 11
 330 17480 20
 331 16625 19
 332 7884 9
 333 17540 20
 334 12292 14
 335 14943 17
 336 7920 9
 337 2643 3
 338 2646 3
 339 8830 10
 340 15912 18
 341 6195 7
 342 15948 18
 343 14192 16
 344 2664 3
 345 14224 16
 346 12460 14
 347 15147 17
 348 16056 18
 349 3572 4
 350 11622 13
 351 16110 18
 352 17920 20
 353 8073 9
 354 5388 6
 355 13485 15
 356 8100 9
 357 4505 5
 358 14432 16
 359 10836 12
 360 904 1
 361 9050 10
 362 14496 16
 363 15419 17
 364 5448 6
 365 10908 12
 366 3640 4
 367 14576 16
 368 16416 18
 369 8217 9
 370 1828 2
 371 18300 20
 372 15572 17
 373 15589 17
 374 7344 8
 375 11947 13
 376 8280 9
 377 16578 18
 378 1844 2
 379 923 1
 380 12012 13
 381 4625 5
 382 5556 6
 383 12051 13
 384 18560 20
 385 8361 9
 386 2790 3
 387 9310 10
 388 3728 4
 389 11196 12
 390 2802 3
 391 14960 16
 392 10296 11
 393 9370 10
 394 10318 11
 395 10329 11
 396 8460 9
 397 5646 6
 398 14130 15
 399 3772 4
 400 13216 14
 401 17010 18
 402 8514 9
 403 5682 6
 404 17064 18
 405 11388 12
 406 6650 7
 407 11412 12
 408 18088 19
 409 13342 14
 410 17172 18
 411 9550 10
 412 18164 19
 413 16269 17
 414 16286 17
 415 9590 10
 416 1920 2
 417 9610 10
 418 11544 12
 419 17334 18
 420 16388 17
 421 9650 10
 422 7728 8
 423 17406 18
 424 15488 16
 425 15504 16
 426 17460 18
 427 17478 18
 428 18468 19
 429 15568 16
 430 7792 8
 431 18525 19
 432 16592 17
 433 4885 5
 434 3912 4
 435 14685 15
 436 4900 5
 437 4905 5
 438 7856 8
 439 13762 14
 440 9840 10
 441 16745 17
 442 18734 19
 443 7896 8
 444 10868 11
 445 12857 13
 446 9900 10
 447 6937 7
 448 2976 3
 449 993 1
 450 6958 7
 451 13930 14
 452 17928 18
 453 4985 5
 454 8982 9
 455 2997 3
 456 17000 17
 457 9009 9
 458 13026 13
 459 10030 10
 460 18072 18
 461 7035 7
 462 9054 9
 463 17119 17
 464 11088 11
 465 8072 8
 466 12120 12
 467 19209 19
 468 20240 20
 469 4052 4
 470 6084 6
 471 12180 12
 472 14224 14
 473 20340 20
 474 3054 3
 475 11209 11
 476 5100 5
 477 13273 13
 478 6132 6
 479 15345 15
 480 11264 11
 481 17425 17
 482 4104 4
 483 1027 1
 484 14392 14
 485 16464 16
 486 20600 20
 487 12372 12
 488 10320 10
 489 10330 10
 490 10340 10
 491 12420 12
 492 12432 12
 493 1037 1
 494 7266 7
 495 8312 8
 496 13520 13
 497 13533 13
 498 10420 10
 499 7301 7
 500 5220 5
 501 14630 14
 502 12552 12
 503 8376 8
 504 2096 2
 505 12588 12
 506 10500 10
 507 8408 8
 508 12624 12
 509 6318 6
 510 5270 5
 511 4220 4
 512 19008 18
 513 5285 5
 514 17986 17
 515 20121 19
 516 8480 8
 517 21220 20
 518 20178 19
 519 9567 9
 520 5320 5
 521 15975 15
 522 17056 16
 523 12804 12
 524 7476 7
 525 4276 4
 526 4280 4
 527 7497 7
 528 7504 7
 529 19314 18
 530 13962 13
 531 3225 3
 532 18292 17
 533 4308 4
 534 8624 8
 535 11869 11
 536 4320 4
 537 12972 12
 538 4328 4
 539 19494 18
 540 20596 19
 541 15190 14
 542 7602 7
 543 3261 3
 544 8704 8
 545 2178 2
8720