5885
 1 100045 17
 2 11772 2
 3 100079 17
 4 64768 11
 5 82446 14
 6 111910 19
 7 23564 4
 8 88380 15
 9 29465 5
 10 94304 16
 11 117900 20
 12 5896 1
 13 112043 19
 14 29490 5
 15 64889 11
 16 35400 6
 17 70812 12
 18 23608 4
 19 35418 6
 20 47232 8
 21 59050 10
 22 76778 13
 23 112233 19
 24 11816 2
 25 5909 1
 26 82740 14
 27 47288 8
 28 59120 10
 29 94608 16
 30 17742 3
 31 65065 11
 32 82824 14
 33 112423 19
 34 5918 1
 35 53271 9
 36 41440 7
 37 47368 8
 38 94752 16
 39 88845 15
 40 82936 14
 41 17775 3
 42 65186 11
 43 112613 19
 44 35568 6
 45 47432 8
 46 47440 8
 47 100827 17
 48 112708 19
 49 41531 7
 50 41538 7
 51 35610 6
 52 106848 18
 53 100929 17
 54 100946 17
 55 95024 16
 56 35640 6
 57 112879 19
 58 83188 14
 59 95088 16
 60 41608 7
 61 77285 13
 62 11892 2
 63 23788 4
 64 17844 3
 65 83286 14
 66 53550 9
 67 95216 16
 68 107136 18
 69 5953 1
 70 5954 1
 71 29775 5
 72 107208 18
 73 101269 17
 74 119160 20
 75 65549 11
 76 71520 12
 77 41727 7
 78 77506 13
 79 11926 2
 80 89460 15
 81 113335 19
 82 17898 3
 83 119340 20
 84 53712 9
 85 77597 13
 86 35820 6
 87 107478 18
 88 113468 19
 89 47784 8
 90 119480 20
 91 47800 8
 92 53784 9
 93 59770 10
 94 35868 6
 95 89685 15
 96 53820 9
 97 113639 19
 98 89730 15
 99 77779 13
 100 113696 19
 101 23940 4
 102 47888 8
 103 77831 13
 104 77844 13
 105 59890 10
 106 107820 18
 107 113829 19
 108 107856 18
 109 71916 12
 110 65934 11
 111 107910 18
 112 11992 2
 113 119940 20
 114 113962 19
 115 71988 12
 116 54000 9
 117 12002 2
 118 84028 14
 119 48024 8
 120 66044 11
 121 18015 3
 122 12012 2
 123 6007 1
 124 84112 14
 125 96144 16
 126 102170 17
 127 12022 2
 128 54108 9
 129 66143 11
 130 42098 7
 131 102255 17
 132 60160 10
 133 96272 16
 134 48144 8
 135 84266 14
 136 54180 9
 137 42147 7
 138 120440 20
 139 6023 1
 140 78312 13
 141 12050 2
 142 78338 13
 143 96432 16
 144 42196 7
 145 108522 18
 146 12060 2
 147 60310 10
 148 6032 1
 149 24132 4
 150 66374 11
 151 102595 17
 152 84504 14
 153 72444 12
 154 36228 6
 155 102663 17
 156 18120 3
 157 18123 3
 158 48336 8
 159 12086 2
 160 96704 16
 161 60450 10
 162 60460 10
 163 60470 10
 164 102816 17
 165 108882 18
 166 84700 14
 167 36306 6
 168 84728 14
 169 60530 10
 170 30270 5
 171 84770 14
 172 6056 1
 173 96912 16
 174 24232 4
 175 30295 5
 176 121200 20
 177 78793 13
 178 30310 5
 179 103071 17
 180 30320 5
 181 84910 14
 182 109188 18
 183 6067 1
 184 36408 6
 185 24276 4
 186 97120 16
 187 121420 20
 188 115368 19
 189 121460 20
 190 91110 15
 191 72900 12
 192 121520 20
 193 6077 1
 194 60780 10
 195 66869 11
 196 42560 7
 197 36486 6
 198 97312 16
 199 60830 10
 200 24336 4
 201 12170 2
 202 91290 15
 203 42609 7
 204 85232 14
 205 79157 13
 206 12180 2
 207 36546 6
 208 36552 6
 209 60930 10
 210 42658 7
 211 24380 4
 212 73152 12
 213 36582 6
 214 121960 20
 215 42693 7
 216 61000 10
 217 18303 3
 218 122040 20
 219 97648 16
 220 91560 15
 221 36630 6
 222 61060 10
 223 109926 18
 224 30540 5
 225 36654 6
 226 30550 5
 227 36666 6
 228 67232 11
 229 85582 14
 230 42798 7
 231 48920 8
 232 18348 3
 233 97872 16
 234 24472 4
 235 116261 19
 236 61200 10
 237 110178 18
 238 67342 11
 239 116337 19
 240 36744 6
 241 12250 2
 242 42882 7
 243 67397 11
 244 91920 15
 245 116451 19
 246 61300 10
 247 42917 7
 248 42924 7
 249 55197 9
 250 24536 4
 251 98160 16
 252 36816 6
 253 42959 7
 254 98208 16
 255 85946 14
 256 116660 19
 257 6141 1
 258 18426 3
 259 122860 20
 260 73728 12
 261 73740 12
 262 6146 1
 263 98352 16
 264 92220 15
 265 55341 9
 266 73800 12
 267 73812 12
 268 73824 12
 269 30765 5
 270 92310 15
 271 110790 18
 272 6156 1
 273 110826 18
 274 18474 3
 275 12318 2
 276 6160 1
 277 12322 2
 278 104754 17
 279 80119 13
 280 86296 14
 281 49320 8
 282 80158 13
 283 30835 5
 284 12336 2
 285 123380 20
 286 80210 13
 287 98736 16
 288 37032 6
 289 61730 10
 290 67914 11
 291 92625 15
 292 104992 17
 293 98832 16
 294 55602 9
 295 86506 14
 296 6180 1
 297 67991 11
 298 24728 4
 299 49464 8
 300 98944 16
 301 12370 2
 302 117534 19
 303 111366 18
 304 86632 14
 305 24756 4
 306 18570 3
 307 24764 4
 308 80496 13
 309 86702 14
 310 18582 3
 311 99120 16
 312 24784 4
 313 74364 12
 314 74376 12
 315 74388 12
 316 68200 11
 317 62010 10
 318 111636 18
 319 43421 7
 320 80652 13
 321 62050 10
 322 37236 6
 323 68277 11
 324 117952 19
 325 12418 2
 326 117990 19
 327 12422 2
 328 49696 8
 329 124260 20
 330 118066 19
 331 124300 20
 332 6216 1
 333 105689 17
 334 118142 19
 335 74628 12
 336 80860 13
 337 87094 14
 338 31110 5
 339 24892 4
 340 24896 4
 341 124500 20
 342 6226 1
 343 99632 16
 344 93420 15
 345 24916 4
 346 99680 16
 347 74772 12
 348 99712 16
 349 43631 7
 350 18702 3
 351 24940 4
 352 12472 2
 353 118503 19
 354 6238 1
 355 106063 17
 356 37440 6
 357 43687 7
 358 24968 4
 359 99888 16
 360 43708 7
 361 12490 2
 362 87444 14
 363 43729 7
 364 87472 14
 365 37494 6
 366 37500 6
 367 12502 2
 368 106284 17
 369 75036 12
 370 68794 11
 371 6255 1
 372 75072 12
 373 93855 15
 374 12516 2
 375 75108 12
 376 87640 14
 377 43827 7
 378 68882 11
 379 37578 6
 380 6264 1
 381 106505 17
 382 31330 5
 383 50136 8
 384 112824 18
 385 43883 7
 386 12540 2
 387 106607 17
 388 56448 9
 389 12546 2
 390 75288 12
 391 50200 8
 392 100416 16
 393 6277 1
 394 31390 5
 395 12558 2
 396 31400 5
 397 37686 6
 398 43974 7
 399 43981 7
 400 81692 13
 401 100560 16
 402 75432 12
 403 88018 14
 404 81744 13
 405 69179 11
 406 106930 17
 407 18873 3
 408 113256 18
 409 106981 17
 410 69234 11
 411 69245 11
 412 125920 20
 413 119643 19
 414 56682 9
 415 31495 5
 416 94500 15
 417 69311 11
 418 31510 5
 419 18909 3
 420 12608 2
 421 63050 10
 422 25224 4
 423 37842 6
 424 56772 9
 425 113562 18
 426 44170 7
 427 44177 7
 428 113616 18
 429 63130 10
 430 50512 8
 431 113670 18
 432 120004 19
 433 18951 3
 434 88452 14
 435 50552 8
 436 31600 5
 437 94815 15
 438 56898 9
 439 107491 17
 440 94860 15
 441 75900 12
 442 75912 12
 443 37962 6
 444 101248 16
 445 37974 6
 446 69630 11
 447 126620 20
 448 44324 7
 449 101328 16
 450 82342 13
 451 114030 18
 452 63360 10
 453 25348 4
 454 12676 2
 455 63390 10
 456 19020 3
 457 114138 18
 458 57078 9
 459 63430 10
 460 82472 13
 461 50760 8
 462 44422 7
 463 120593 19
 464 101568 16
 465 101584 16
 466 101600 16
 467 76212 12
 468 76224 12
 469 101648 16
 470 76248 12
 471 69905 11
 472 108052 17
 473 38142 6
 474 38148 6
 475 19077 3
 476 114480 18
 477 50888 8
 478 89068 14
 479 12726 2
 480 89096 14
 481 38190 6
 482 120954 19
 483 114606 18
 484 44576 7
 485 101904 16
 486 89180 14
 487 6371 1
 488 6372 1
 489 57357 9
 490 19122 3
 491 63750 10
 492 95640 15
 493 31885 5
 494 95670 15
 495 76548 12
 496 76560 12
 497 19143 3
 498 51056 8
 499 127660 20
 500 31920 5
 501 108545 17
 502 44702 7
 503 121353 19
 504 121372 19
 505 89446 14
 506 83070 13
 507 95865 15
 508 70312 11
 509 121467 19
 510 38364 6
 511 57555 9
 512 89544 14
 513 25588 4
 514 121562 19
 515 12798 2
 516 115200 18
 517 76812 12
 518 64020 10
 519 64030 10
 520 19212 3
 521 6405 1
 522 76872 12
 523 96105 15
 524 64080 10
 525 89726 14
 526 64100 10
 527 108987 17
 528 109004 17
 529 38478 6
 530 44898 7
 531 109055 17
 532 109072 17
 533 109089 17
 534 44926 7
 535 70609 11
 536 115560 18
 537 19263 3
 538 89908 14
 539 89922 14
 540 19272 3
 541 44975 7
 542 89964 14
 543 122113 19
 544 57852 9
 545 115722 18
 546 102880 16
 547 109327 17
 548 6432 1
 549 90062 14
 550 115812 18
 551 128700 20
 552 83668 13
 553 12874 2
 554 96570 15
 555 90146 14
 556 19320 3
 557 57969 9
 558 103072 16
 559 12886 2
 560 109548 17
 561 51560 8
 562 122474 19
 563 32235 5
 564 64480 10
 565 96735 15
 566 64500 10
 567 70961 11
 568 122588 19
 569 90342 14
 570 51632 8
 571 38730 6
 572 83928 13
 573 45199 7
 574 71038 11
 575 96885 15
 576 12920 2
 577 58149 9
 578 84006 13
 579 19389 3
 580 90496 14
 581 12930 2
 582 129320 20
 583 38802 6
 584 109956 17
 585 12938 2
 586 45290 7
 587 122949 19
 588 122968 19
 589 97095 15
 590 123006 19
 591 45325 7
 592 25904 4
 593 123063 19
 594 32390 5
 595 64790 10
 596 97200 15
 597 38886 6
 598 58338 9
 599 12966 2
 600 103744 16
 601 110245 17
 602 77832 12
 603 123253 19
 604 71368 11
 605 97335 15
 606 123310 19
 607 97365 15
 608 32460 5
 609 103888 16
 610 51952 8
 611 97425 15
 612 58464 9
 613 51976 8
 614 58482 9
 615 58491 9
 616 19500 3
 617 123519 19
 618 19506 3
 619 97545 15
 620 117072 18
 621 39030 6
 622 91084 14
 623 13014 2
 624 91112 14
 625 117162 18
 626 104160 16
 627 65110 10
 628 32560 5
 629 19539 3
 630 71654 11
 631 130300 20
 632 58644 9
 633 26068 4
 634 91252 14
 635 65190 10
 636 58680 9
 637 110857 17
 638 117396 18
 639 97845 15
 640 78288 12
 641 84825 13
 642 117468 18
 643 39162 6
 644 19584 3
 645 97935 15
 646 65300 10
 647 111027 17
 648 117576 18
 649 26132 4
 650 98010 15
 651 65350 10
 652 98040 15
 653 71907 11
 654 117684 18
 655 19617 3
 656 78480 12
 657 13082 2
 658 111214 17
 659 130860 20
 660 124336 19
 661 58905 9
 662 117828 18
 663 39282 6
 664 98220 15
 665 45843 7
 666 98250 15
 667 85163 13
 668 58968 9
 669 45871 7
 670 39324 6
 671 78660 12
 672 32780 5
 673 124583 19
 674 85254 13
 675 98385 15
 676 65600 10
 677 111537 17
 678 91868 14
 679 111571 17
 680 131280 20
 681 26260 4
 682 52528 8
 683 118206 18
 684 32840 5
 685 13138 2
 686 26280 4
 687 52568 8
 688 111724 17
 689 6573 1
 690 124906 19
 691 46025 7
 692 124944 19
 693 98655 15
 694 6578 1
 695 59211 9
 696 19740 3
 697 59229 9
 698 78984 12
 699 78996 12
 700 118512 18
 701 85605 13
 702 59274 9
 703 85631 13
 704 39528 6
 705 6589 1
 706 118620 18
 707 65910 10
 708 39552 6
 709 46151 7
 710 118692 18
 711 85735 13
 712 118728 18
 713 13194 2
 714 125362 19
 715 6599 1
 716 125400 19
 717 118818 18
 718 46214 7
 719 132060 20
 720 33020 5
 721 79260 12
 722 52848 8
 723 105712 16
 724 92512 14
 725 112353 17
 726 6610 1
 727 33055 5
 728 66120 10
 729 125647 19
 730 46298 7
 731 125685 19
 732 39696 6
 733 86021 13
 734 46326 7
 735 26476 4
 736 79440 12
 737 125799 19
 738 125818 19
 739 6623 1
 740 105984 16
 741 125875 19
 742 13252 2
 743 46389 7
 744 125932 19
 745 66290 10
 746 6630 1
 747 53048 8
 748 92848 14
 749 92862 14
 750 66340 10
 751 66350 10
 752 33180 5
 753 59733 9
 754 132760 20
 755 66390 10
 756 59760 9
 757 86333 13
 758 66420 10
 759 6643 1
 760 59796 9
 761 39870 6
 762 53168 8
 763 59823 9
 764 113016 17
 765 59841 9
 766 26600 4
 767 73161 11
 768 46564 7
 769 133060 20
 770 113118 17
 771 119790 18
 772 46592 7
 773 46599 7
 774 19974 3
 775 53272 8
 776 53280 8
 777 53288 8
 778 46634 7
 779 66630 10
 780 113288 17
 781 53320 8
 782 13332 2
 783 100005 15
 784 106688 16
 785 60021 9
 786 93380 14
 787 53368 8
 788 86736 13
 789 133460 20
 790 113458 17
 791 40050 6
 792 93464 14
 793 106832 16
 794 53424 8
 795 113543 17
 796 66800 10
 797 80172 12
 798 66820 10
 799 33415 5
 800 46788 7
 801 100275 15
 802 66860 10
 803 60183 9
 804 86944 13
 805 53512 8
 806 86970 13
 807 6691 1
 808 120456 18
 809 46851 7
 810 40164 6
 811 120510 18
 812 100440 15
 813 40182 6
 814 107168 16
 815 113883 17
 816 53600 8
 817 127319 19
 818 53616 8
 819 107248 16
 820 73744 11
 821 73755 11
 822 40236 6
 823 33535 5
 824 107328 16
 825 40254 6
 826 46970 7
 827 67110 10
 828 6712 1
 829 60417 9
 830 114138 17
 831 6715 1
 832 6716 1
 833 80604 12
 834 13436 2
 835 60471 9
 836 80640 12
 837 53768 8
 838 127718 19
 839 80676 12
 840 107584 16
 841 121050 18
 842 47082 7
 843 127813 19
 844 67280 10
 845 53832 8
 846 127870 19
 847 13462 2
 848 47124 7
 849 87529 13
 850 127946 19
 851 101025 15
 852 94304 14
 853 60633 9
 854 121284 18
 855 60651 9
 856 94360 14
 857 114597 17
 858 53936 8
 859 40458 6
 860 40464 6
 861 67450 10
 862 128174 19
 863 128193 19
 864 107968 16
 865 80988 12
 866 101250 15
 867 33755 5
 868 20256 3
 869 114801 17
 870 33770 5
 871 60795 9
 872 94584 14
 873 6757 1
 874 74338 11
 875 6759 1
 876 13520 2
 877 128459 19
 878 128478 19
 879 20289 3
 880 81168 12
 881 74415 11
 882 121788 18
 883 20301 3
 884 40608 6
 885 6769 1
 886 88010 13
 887 101565 15
 888 6772 1
 889 88049 13
 890 67740 10
 891 135500 20
 892 121968 18
 893 54216 8
 894 101670 15
 895 54232 8
 896 81360 12
 897 61029 9
 898 13564 2
 899 61047 9
 900 108544 16
 901 67850 10
 902 101790 15
 903 27148 4
 904 101820 15
 905 33945 5
 906 122220 18
 907 33955 5
 908 95088 14
 909 88309 13
 910 95116 14
 911 88335 13
 912 129124 19
 913 81564 12
 914 20394 3
 915 108784 16
 916 68000 10
 917 27204 4
 918 61218 9
 919 129257 19
 920 136080 20
 921 47635 7
 922 81672 12
 923 129333 19
 924 34040 5
 925 108944 16
 926 20430 3
 927 61299 9
 928 115804 17
 929 109008 16
 930 102210 15
 931 109040 16
 932 47712 7
 933 34085 5
 934 115906 17
 935 6819 1
 936 129580 19
 937 109136 16
 938 88686 13
 939 102345 15
 940 75064 11
 941 47775 7
 942 34130 5
 943 27308 4
 944 116076 17
 945 136580 20
 946 47810 7
 947 40986 6
 948 75152 11
 949 81996 12
 950 54672 8
 951 82020 12
 952 123048 18
 953 88881 13
 954 34190 5
 955 95746 14
 956 82080 12
 957 129979 19
 958 109472 16
 959 13686 2
 960 75284 11
 961 13690 2
 962 34230 5
 963 68470 10
 964 95872 14
 965 54792 8
 966 116450 17
 967 130169 19
 968 41112 6
 969 75383 11
 970 13708 2
 971 116535 17
 972 95984 14
 973 6857 1
 974 13716 2
 975 54872 8
 976 13720 2
 977 102915 15
 978 61758 9
 979 123534 18
 980 116688 17
 981 137300 20
 982 123588 18
 983 96138 14
 984 103020 15
 985 116773 17
 986 54960 8
 987 48097 7
 988 96208 14
 989 130587 19
 990 116858 17
 991 48125 7
 992 82512 12
 993 27508 4
 994 103170 15
 995 6879 1
 996 61920 9
 997 34405 5
 998 82584 12
 999 55064 8
 1000 55072 8
 1001 27540 4
 1002 61974 9
 1003 20661 3
 1004 123984 18
 1005 75779 11
 1006 27560 4
 1007 82692 12
 1008 62028 9
 1009 13786 2
 1010 103410 15
 1011 41370 6
 1012 48272 7
 1013 131043 19
 1014 41388 6
 1015 131081 19
 1016 82800 12
 1017 131119 19
 1018 27608 4
 1019 13806 2
 1020 82848 12
 1021 131195 19
 1022 62154 9
 1023 89791 13
 1024 41448 6
 1025 89817 13
 1026 6910 1
 1027 48377 7
 1028 20736 3
 1029 34565 5
 1030 131366 19
 1031 62235 9
 1032 110656 16
 1033 34585 5
 1034 110688 16
 1035 27676 4
 1036 103800 15
 1037 83052 12
 1038 89986 13
 1039 27692 4
 1040 62316 9
 1041 34625 5
 1042 117742 17
 1043 34635 5
 1044 124704 18
 1045 138580 20
 1046 117810 17
 1047 110896 16
 1048 62388 9
 1049 6933 1
 1050 90142 13
 1051 6935 1
 1052 138720 20
 1053 41622 6
 1054 131822 19
 1055 6939 1
 1056 20820 3
 1057 90233 13
 1058 20826 3
 1059 27772 4
 1060 118048 17
 1061 138900 20
 1062 27784 4
 1063 97258 14
 1064 20844 3
 1065 34745 5
 1066 34750 5
 1067 118167 17
 1068 69520 10
 1069 83436 12
 1070 90402 13
 1071 76505 11
 1072 20868 3
 1073 27828 4
 1074 6958 1
 1075 97426 14
 1076 132240 19
 1077 132259 19
 1078 13924 2
 1079 6963 1
 1080 48748 7
 1081 13930 2
 1082 48762 7
 1083 69670 10
 1084 125424 18
 1085 90597 13
 1086 41820 6
 1087 125478 18
 1088 13944 2
 1089 111568 16
 1090 76714 11
 1091 13950 2
 1092 118592 17
 1093 125586 18
 1094 83736 12
 1095 83748 12
 1096 76780 11
 1097 6981 1
 1098 62838 9
 1099 118711 17
 1100 6984 1
 1101 6985 1
 1102 20958 3
 1103 6987 1
 1104 27952 4
 1105 41934 6
 1106 118830 17
 1107 125838 18
 1108 76912 11
 1109 90909 13
 1110 111904 16
 1111 34975 5
 1112 13992 2
 1113 139940 20
 1114 76978 11
 1115 125982 18
 1116 28000 4
 1117 133019 19
 1118 35010 5
 1119 84036 12
 1120 133076 19
 1121 91065 13
 1122 14012 2
 1123 112112 16
 1124 21024 3
 1125 77099 11
 1126 119170 17
 1127 84132 12
 1128 77132 11
 1129 28052 4
 1130 28056 4
 1131 35075 5
 1132 63144 9
 1133 56136 8
 1134 112288 16
 1135 98266 14
 1136 119340 17
 1137 140420 20
 1138 28088 4
 1139 49161 7
 1140 105360 15
 1141 63225 9
 1142 42156 6
 1143 133513 19
 1144 126504 18
 1145 84348 12
 1146 98420 14
 1147 112496 16
 1148 77352 11
 1149 133627 19
 1150 77374 11
 1151 49245 7
 1152 63324 9
 1153 42222 6
 1154 28152 4
 1155 63351 9
 1156 98560 14
 1157 140820 20
 1158 112672 16
 1159 35215 5
 1160 42264 6
 1161 28180 4
 1162 28184 4
 1163 91611 13
 1164 84576 12
 1165 35245 5
 1166 42300 6
 1167 126918 18
 1168 119884 17
 1169 42318 6
 1170 56432 8
 1171 21165 3
 1172 70560 10
 1173 112912 16
 1174 42348 6
 1175 14118 2
 1176 98840 14
 1177 42366 6
 1178 120054 17
 1179 113008 16
 1180 98896 14
 1181 28260 4
 1182 7066 1
 1183 120139 17
 1184 120156 17
 1185 134311 19
 1186 106050 15
 1187 56568 8
 1188 42432 6
 1189 113168 16
 1190 84888 12
 1191 21225 3
 1192 35380 5
 1193 42462 6
 1194 113248 16
 1195 49553 7
 1196 77880 11
 1197 49567 7
 1198 21246 3
 1199 77913 11
 1200 99176 14
 1201 28340 4
 1202 56688 8
 1203 35435 5
 1204 28352 4
 1205 70890 10
 1206 85080 12
 1207 21273 3
 1208 92196 13
 1209 7093 1
 1210 70940 10
 1211 85140 12
 1212 49672 7
 1213 28388 4
 1214 113568 16
 1215 14198 2
 1216 21300 3
 1217 21303 3
 1218 63918 9
 1219 63927 9
 1220 71040 10
 1221 78155 11
 1222 21318 3
 1223 56856 8
 1224 92404 13
 1225 106635 15
 1226 78210 11
 1227 49777 7
 1228 42672 6
 1229 106695 15
 1230 28456 4
 1231 64035 9
 1232 14232 2
 1233 56936 8
 1234 42708 6
 1235 106785 15
 1236 35600 5
 1237 64089 9
 1238 128196 18
 1239 71230 10
 1240 35620 5
 1241 106875 15
 1242 135394 19
 1243 135413 19
 1244 85536 12
 1245 78419 11
 1246 114080 16
 1247 57048 8
 1248 35660 5
 1249 49931 7
 1250 92742 13
 1251 28540 4
 1252 21408 3
 1253 99918 14
 1254 71380 10
 1255 57112 8
 1256 7140 1
 1257 42846 6
 1258 7142 1
 1259 50001 7
 1260 71440 10
 1261 142900 20
 1262 57168 8
 1263 50029 7
 1264 28592 4
 1265 42894 6
 1266 7150 1
 1267 7151 1
 1268 78672 11
 1269 57224 8
 1270 121618 17
 1271 78705 11
 1272 121652 17
 1273 78727 11
 1274 114528 16
 1275 100226 14
 1276 121720 17
 1277 107415 15
 1278 93106 13
 1279 28652 4
 1280 121788 17
 1281 114640 16
 1282 64494 9
 1283 21501 3
 1284 64512 9
 1285 129042 18
 1286 93210 13
 1287 93223 13
 1288 136268 19
 1289 28692 4
 1290 93262 13
 1291 86100 12
 1292 129168 18
 1293 100478 14
 1294 71780 10
 1295 100506 14
 1296 57440 8
 1297 100534 14
 1298 129276 18
 1299 14366 2
 1300 14368 2
 1301 57480 8
 1302 21558 3
 1303 93431 13
 1304 115008 16
 1305 50323 7
 1306 28760 4
 1307 35955 5
 1308 86304 12
 1309 107895 15
 1310 57552 8
 1311 64755 9
 1312 122332 17
 1313 136743 19
 1314 107970 15
 1315 122383 17
 1316 64800 9
 1317 21603 3
 1318 57616 8
 1319 79233 11
 1320 144080 20
 1321 100870 14
 1322 122502 17
 1323 100898 14
 1324 129744 18
 1325 93717 13
 1326 115360 16
 1327 28844 4
 1328 64908 9
 1329 36065 5
 1330 21642 3
 1331 28860 4
 1332 108240 15
 1333 86604 12
 1334 7218 1
 1335 137161 19
 1336 86640 12
 1337 137199 19
 1338 21666 3
 1339 65007 9
 1340 101136 14
 1341 21675 3
 1342 101164 14
 1343 7227 1
 1344 101192 14
 1345 130122 18
 1346 7230 1
 1347 43386 6
 1348 144640 20
 1349 72330 10
 1350 79574 11
 1351 115760 16
 1352 14472 2
 1353 36185 5
 1354 14476 2
 1355 94107 13
 1356 65160 9
 1357 50687 7
 1358 7242 1
 1359 86916 12
 1360 115904 16
 1361 14490 2
 1362 137674 19
 1363 108705 15
 1364 14496 2
 1365 108735 15
 1366 94250 13
 1367 43506 6
 1368 108780 15
 1369 87036 12
 1370 7254 1
 1371 14510 2
 1372 72560 10
 1373 79827 11
 1374 116128 16
 1375 72590 10
 1376 101640 14
 1377 116176 16
 1378 101668 14
 1379 79893 11
 1380 58112 8
 1381 50855 7
 1382 14532 2
 1383 14534 2
 1384 145360 20
 1385 130842 18
 1386 79970 11
 1387 58168 8
 1388 87264 12
 1389 87276 12
 1390 50918 7
 1391 116400 16
 1392 36380 5
 1393 101878 14
 1394 7278 1
 1395 36395 5
 1396 145600 20
 1397 138339 19
 1398 116512 16
 1399 87396 12
 1400 36420 5
 1401 116560 16
 1402 14572 2
 1403 65583 9
 1404 29152 4
 1405 72890 10
 1406 58320 8
 1407 80201 11
 1408 58336 8
 1409 87516 12
 1410 7294 1
 1411 116720 16
 1412 51072 7
 1413 94861 13
 1414 72980 10
 1415 145980 20
 1416 87600 12
 1417 58408 8
 1418 65718 9
 1419 51121 7
 1420 58432 8
 1421 43830 6
 1422 146120 20
 1423 116912 16
 1424 36540 5
 1425 43854 6
 1426 29240 4
 1427 102354 14
 1428 109680 15
 1429 7313 1
 1430 7314 1
 1431 80465 11
 1432 102424 14
 1433 117072 16
 1434 29272 4
 1435 58552 8
 1436 29280 4
 1437 65889 9
 1438 117152 16
 1439 95199 13
 1440 58592 8
 1441 73250 10
 1442 117216 16
 1443 65943 9
 1444 21984 3
 1445 29316 4
 1446 43980 6
 1447 139289 19
 1448 139308 19
 1449 73330 10
 1450 73340 10
 1451 124695 17
 1452 14672 2
 1453 88044 12
 1454 146760 20
 1455 51373 7
 1456 73400 10
 1457 95433 13
 1458 44052 6
 1459 132174 18
 1460 117504 16
 1461 80795 11
 1462 29384 4
 1463 14694 2
 1464 102872 14
 1465 22047 3
 1466 124950 17
 1467 7351 1
 1468 80872 11
 1469 14706 2
 1470 147080 20
 1471 58840 8
 1472 88272 12
 1473 14714 2
 1474 88296 12
 1475 88308 12
 1476 80960 11
 1477 95693 13
 1478 44172 6
 1479 110445 15
 1480 7364 1
 1481 29460 4
 1482 132588 18
 1483 139973 19
 1484 117888 16
 1485 51583 7
 1486 36850 5
 1487 103194 14
 1488 117952 16
 1489 147460 20
 1490 22122 3
 1491 118000 16
 1492 7376 1
 1493 36885 5
 1494 51646 7
 1495 29516 4
 1496 125460 17
 1497 118096 16
 1498 140258 19
 1499 59064 8
 1500 44304 6
 1501 147700 20
 1502 81246 11
 1503 73870 10
 1504 88656 12
 1505 103446 14
 1506 36950 5
 1507 36955 5
 1508 14784 2
 1509 103502 14
 1510 133092 18
 1511 81345 11
 1512 147920 20
 1513 14794 2
 1514 81378 11
 1515 140581 19
 1516 29600 4
 1517 51807 7
 1518 51814 7
 1519 133254 18
 1520 133272 18
 1521 125885 17
 1522 148120 20
 1523 118512 16
 1524 51856 7
 1525 7409 1
 1526 14820 2
 1527 7411 1
 1528 74120 10
 1529 66717 9
 1530 74140 10
 1531 118640 16
 1532 96408 13
 1533 96421 13
 1534 22254 3
 1535 111285 15
 1536 51940 7
 1537 37105 5
 1538 111330 15
 1539 89076 12
 1540 14848 2
 1541 111375 15
 1542 59408 8
 1543 141113 19
 1544 89136 12
 1545 7429 1
 1546 141170 19
 1547 74310 10
 1548 29728 4
 1549 89196 12
 1550 29736 4
 1551 74350 10
 1552 29744 4
 1553 59496 8
 1554 148760 20
 1555 126463 17
 1556 29760 4
 1557 96733 13
 1558 44652 6
 1559 141417 19
 1560 59552 8
 1561 74450 10
 1562 14892 2
 1563 141493 19
 1564 104272 14
 1565 119184 16
 1566 141550 19
 1567 96863 13
 1568 52164 7
 1569 14906 2
 1570 22362 3
 1571 141645 19
 1572 89472 12
 1573 82027 11
 1574 14916 2
 1575 96967 13
 1576 96980 13
 1577 134298 18
 1578 89544 12
 1579 119408 16
 1580 104496 14
 1581 29860 4
 1582 29864 4
 1583 82137 11
 1584 37340 5
 1585 134442 18
 1586 37350 5
 1587 119536 16
 1588 134496 18
 1589 74730 10
 1590 22422 3
 1591 142025 19
 1592 142044 19
 1593 29908 4
 1594 112170 15
 1595 149580 20
 1596 82280 11
 1597 14962 2
 1598 29928 4
 1599 44898 6
 1600 104776 14
 1601 142215 19
 1602 22458 3
 1603 74870 10
 1604 119808 16
 1605 134802 18
 1606 104860 14
 1607 119856 16
 1608 89904 12
 1609 104902 14
 1610 22482 3
 1611 134910 18
 1612 104944 14
 1613 112455 15
 1614 37490 5
 1615 14998 2
 1616 75000 10
 1617 135018 18
 1618 135036 18
 1619 30012 4
 1620 7504 1
 1621 112575 15
 1622 22518 3
 1623 135126 18
 1624 97604 13
 1625 142671 19
 1626 45060 6
 1627 90132 12
 1628 120192 16
 1629 90156 12
 1630 150280 20
 1631 82665 11
 1632 82676 11
 1633 15034 2
 1634 105252 14
 1635 37595 5
 1636 120320 16
 1637 120336 16
 1638 135396 18
 1639 15046 2
 1640 97812 13
 1641 120400 16
 1642 67734 9
 1643 15054 2
 1644 45168 6
 1645 135522 18
 1646 143070 19
 1647 112965 15
 1648 90384 12
 1649 52731 7
 1650 128078 17
 1651 67815 9
 1652 135648 18
 1653 52759 7
 1654 37690 5
 1655 52773 7
 1656 45240 6
 1657 113115 15
 1658 30168 4
 1659 90516 12
 1660 128248 17
 1661 82995 11
 1662 45276 6
 1663 98111 13
 1664 22644 3
 1665 90588 12
 1666 7550 1
 1667 7551 1
 1668 98176 13
 1669 120848 16
 1670 98202 13
 1671 135990 18
 1672 30224 4
 1673 143583 19
 1674 143602 19
 1675 143621 19
 1676 151200 20
 1677 90732 12
 1678 151240 20
 1679 143697 19
 1680 83204 11
 1681 128605 17
 1682 68094 9
 1683 121072 16
 1684 75680 10
 1685 60552 8
 1686 121120 16
 1687 128707 17
 1688 15144 2
 1689 15146 2
 1690 98462 13
 1691 113625 15
 1692 143944 19
 1693 121232 16
 1694 53046 7
 1695 121264 16
 1696 121280 16
 1697 22743 3
 1698 113730 15
 1699 136494 18
 1700 45504 6
 1701 83435 11
 1702 106204 14
 1703 68283 9
 1704 106232 14
 1705 68301 9
 1706 37950 5
 1707 75910 10
 1708 15184 2
 1709 53151 7
 1710 22782 3
 1711 75950 10
 1712 53172 7
 1713 15194 2
 1714 129166 17
 1715 45594 6
 1716 7600 1
 1717 136818 18
 1718 38010 5
 1719 83633 11
 1720 83644 11
 1721 121680 16
 1722 91272 12
 1723 45642 6
 1724 91296 12
 1725 38045 5
 1726 53270 7
 1727 38055 5
 1728 30448 4
 1729 98969 13
 1730 98982 13
 1731 60920 8
 1732 121856 16
 1733 152340 20
 1734 129506 17
 1735 152380 20
 1736 99060 13
 1737 144799 19
 1738 22866 3
 1739 91476 12
 1740 68616 9
 1741 137250 18
 1742 144894 19
 1743 106778 14
 1744 61024 8
 1745 152580 20
 1746 91560 12
 1747 137358 18
 1748 7632 1
 1749 15266 2
 1750 76340 10
 1751 83985 11
 1752 68724 9
 1753 7637 1
 1754 106932 14
 1755 129863 17
 1756 38200 5
 1757 15282 2
 1758 84062 11
 1759 68787 9
 1760 99372 13
 1761 76450 10
 1762 84106 11
 1763 30588 4
 1764 99424 13
 1765 45894 6
 1766 68850 9
 1767 45906 6
 1768 22956 3
 1769 153060 20
 1770 122464 16
 1771 107170 14
 1772 153120 20
 1773 68913 9
 1774 122528 16
 1775 7659 1
 1776 76600 10
 1777 84271 11
 1778 45972 6
 1779 7663 1
 1780 84304 11
 1781 137970 18
 1782 91992 12
 1783 46002 6
 1784 107352 14
 1785 30676 4
 1786 99710 13
 1787 92052 12
 1788 53704 7
 1789 69057 9
 1790 107436 14
 1791 76750 10
 1792 122816 16
 1793 38385 5
 1794 76780 10
 1795 15358 2
 1796 46080 6
 1797 115215 15
 1798 153640 20
 1799 61464 8
 1800 84524 11
 1801 61480 8
 1802 23058 3
 1803 107618 14
 1804 61504 8
 1805 46134 6
 1806 153800 20
 1807 84601 11
 1808 146148 19
 1809 146167 19
 1810 7694 1
 1811 30780 4
 1812 153920 20
 1813 61576 8
 1814 123168 16
 1815 123184 16
 1816 38500 5
 1817 115515 15
 1818 53914 7
 1819 123248 16
 1820 146376 19
 1821 123280 16
 1822 15412 2
 1823 123312 16
 1824 7708 1
 1825 115635 15
 1826 138780 18
 1827 123376 16
 1828 69408 9
 1829 146547 19
 1830 123424 16
 1831 38575 5
 1832 154320 20
 1833 131189 17
 1834 15436 2
 1835 54033 7
 1836 100360 13
 1837 138978 18
 1838 61776 8
 1839 77230 10
 1840 30896 4
 1841 139050 18
 1842 131342 17
 1843 100451 13
 1844 30912 4
 1845 38645 5
 1846 123680 16
 1847 38655 5
 1848 69588 9
 1849 92796 12
 1850 46404 6
 1851 100555 13
 1852 54152 7
 1853 54159 7
 1854 85118 11
 1855 154780 20
 1856 108360 14
 1857 100633 13
 1858 147098 19
 1859 30972 4
 1860 30976 4
 1861 85195 11
 1862 92952 12
 1863 116205 15
 1864 23244 3
 1865 154980 20
 1866 108500 14
 1867 31004 4
 1868 69768 9
 1869 15506 2
 1870 69786 9
 1871 77550 10
 1872 139608 18
 1873 77570 10
 1874 54306 7
 1875 147421 19
 1876 7760 1
 1877 147459 19
 1878 77620 10
 1879 85393 11
 1880 116460 15
 1881 139770 18
 1882 124256 16
 1883 108738 14
 1884 62144 8
 1885 93228 12
 1886 147630 19
 1887 124336 16
 1888 46632 6
 1889 69957 9
 1890 77740 10
 1891 101075 13
 1892 108864 14
 1893 46662 6
 1894 38890 5
 1895 31116 4
 1896 31120 4
 1897 7781 1
 1898 132294 17
 1899 155660 20
 1900 15568 2
 1901 7785 1
 1902 93432 12
 1903 23361 3
 1904 15576 2
 1905 31156 4
 1906 109060 14
 1907 101283 13
 1908 109088 14
 1909 7793 1
 1910 101322 13
 1911 140310 18
 1912 23388 3
 1913 124752 16
 1914 101374 13
 1915 23397 3
 1916 54600 7
 1917 101413 13
 1918 62416 8
 1919 39015 5
 1920 62432 8
 1921 62440 8
 1922 140508 18
 1923 70263 9
 1924 54656 7
 1925 93708 12
 1926 109340 14
 1927 93732 12
 1928 78120 10
 1929 46878 6
 1930 156280 20
 1931 62520 8
 1932 101608 13
 1933 15634 2
 1934 85998 11
 1935 62552 8
 1936 101660 13
 1937 31284 4
 1938 109508 14
 1939 62584 8
 1940 86064 11
 1941 86075 11
 1942 133042 17
 1943 148713 19
 1944 31312 4
 1945 46974 6
 1946 140940 18
 1947 140958 18
 1948 140976 18
 1949 46998 6
 1950 23502 3
 1951 39175 5
 1952 109704 14
 1953 54859 7
 1954 148922 19
 1955 78390 10
 1956 7840 1
 1957 31364 4
 1958 86262 11
 1959 54901 7
 1960 31376 4
 1961 125520 16
 1962 94152 12
 1963 15694 2
 1964 7848 1
 1965 94188 12
 1966 78500 10
 1967 47106 6
 1968 54964 7
 1969 94236 12
 1970 157080 20
 1971 109970 14
 1972 54992 7
 1973 78570 10
 1974 94296 12
 1975 157180 20
 1976 78600 10
 1977 86471 11
 1978 39310 5
 1979 117945 15
 1980 102232 13
 1981 102245 13
 1982 141588 18
 1983 86537 11
 1984 78680 10
 1985 78690 10
 1986 125920 16
 1987 141678 18
 1988 15744 2
 1989 55111 7
 1990 7874 1
 1991 15750 2
 1992 23628 3
 1993 23631 3
 1994 15756 2
 1995 23637 3
 1996 55160 7
 1997 15762 2
 1998 157640 20
 1999 86713 11
 2000 39420 5
 2001 157700 20
 2002 70974 9
 2003 63096 8
 2004 86768 11
 2005 63112 8
 2006 71010 9
 2007 39455 5
 2008 110488 14
 2009 94716 12
 2010 78940 10
 2011 134215 17
 2012 63168 8
 2013 78970 10
 2014 71082 9
 2015 31596 4
 2016 142200 18
 2017 39505 5
 2018 142236 18
 2019 110642 14
 2020 86944 11
 2021 126480 16
 2022 71154 9
 2023 102791 13
 2024 102804 13
 2025 86999 11
 2026 63280 8
 2027 158220 20
 2028 110768 14
 2029 63304 8
 2030 7914 1
 2031 158300 20
 2032 126656 16
 2033 31668 4
 2034 87098 11
 2035 118785 15
 2036 47520 6
 2037 134657 17
 2038 102986 13
 2039 158460 20
 2040 87164 11
 2041 110950 14
 2042 31704 4
 2043 134759 17
 2044 150632 19
 2045 71361 9
 2046 79300 10
 2047 134827 17
 2048 95184 12
 2049 118995 15
 2050 7934 1
 2051 103155 13
 2052 126976 16
 2053 150803 19
 2054 111132 14
 2055 127024 16
 2056 127040 16
 2057 7941 1
 2058 15884 2
 2059 7943 1
 2060 87384 11
 2061 23835 3
 2062 87406 11
 2063 135099 17
 2064 135116 17
 2065 127184 16
 2066 31800 4
 2067 119265 15
 2068 151088 19
 2069 127248 16
 2070 39770 5
 2071 95460 12
 2072 143208 18
 2073 151183 19
 2074 119370 15
 2075 71631 9
 2076 63680 8
 2077 63688 8
 2078 87582 11
 2079 39815 5
 2080 119460 15
 2081 31860 4
 2082 119490 15
 2083 127472 16
 2084 119520 15
 2085 111566 14
 2086 87670 11
 2087 95652 12
 2088 103636 13
 2089 103649 13
 2090 119610 15
 2091 23925 3
 2092 111664 14
 2093 119655 15
 2094 95736 12
 2095 15958 2
 2096 7980 1
 2097 159620 20
 2098 135694 17
 2099 23949 3
 2100 111776 14
 2101 15970 2
 2102 159720 20
 2103 103831 13
 2104 119820 15
 2105 95868 12
 2106 31960 4
 2107 39955 5
 2108 119880 15
 2109 95916 12
 2110 79940 10
 2111 127920 16
 2112 31984 4
 2113 111958 14
 2114 7998 1
 2115 63992 8
 2116 64000 8
 2117 40005 5
 2118 96024 12
 2119 32012 4
 2120 96048 12
 2121 24015 3
 2122 136102 17
 2123 24021 3
 2124 56056 7
 2125 16018 2
 2126 56070 7
 2127 160220 20
 2128 88132 11
 2129 32052 4
 2130 48084 6
 2131 104195 13
 2132 144288 18
 2133 96204 12
 2134 136306 17
 2135 56133 7
 2136 120300 15
 2137 32084 4
 2138 120330 15
 2139 112322 14
 2140 136408 17
 2141 80250 10
 2142 24078 3
 2143 136459 17
 2144 8028 1
 2145 160580 20
 2146 144540 18
 2147 24093 3
 2148 56224 7
 2149 96396 12
 2150 144612 18
 2151 112490 14
 2152 32144 4
 2153 112518 14
 2154 120570 15
 2155 144702 18
 2156 160800 20
 2157 80410 10
 2158 160840 20
 2159 136731 17
 2160 96528 12
 2161 112630 14
 2162 32184 4
 2163 24141 3
 2164 56336 7
 2165 80490 10
 2166 104650 13
 2167 112714 14
 2168 8052 1
 2169 72477 9
 2170 32216 4
 2171 16110 2
 2172 16112 2
 2173 104741 13
 2174 32232 4
 2175 24177 3
 2176 32240 4
 2177 40305 5
 2178 80620 10
 2179 88693 11
 2180 161280 20
 2181 56455 7
 2182 40330 5
 2183 104871 13
 2184 32272 4
 2185 153311 19
 2186 40350 5
 2187 112994 14
 2188 80720 10
 2189 104949 13
 2190 72666 9
 2191 113050 14
 2192 80760 10
 2193 129232 16
 2194 72702 9
 2195 72711 9
 2196 80800 10
 2197 145458 18
 2198 48492 6
 2199 129328 16
 2200 88924 11
 2201 8085 1
 2202 40430 5
 2203 121305 15
 2204 80880 10
 2205 137513 17
 2206 56630 7
 2207 64728 8
 2208 72828 9
 2209 161860 20
 2210 161880 20
 2211 121425 15
 2212 56672 7
 2213 8097 1
 2214 137666 17
 2215 48594 6
 2216 81000 10
 2217 129616 16
 2218 16204 2
 2219 97236 12
 2220 97248 12
 2221 153995 19
 2222 89166 11
 2223 89177 11
 2224 105404 13
 2225 121635 15
 2226 129760 16
 2227 89221 11
 2228 154128 19
 2229 121695 15
 2230 40570 5
 2231 64920 8
 2232 97392 12
 2233 146106 18
 2234 113652 14
 2235 24357 3
 2236 24360 3
 2237 121815 15
 2238 48732 6
 2239 129968 16
 2240 154356 19
 2241 146250 18
 2242 121890 15
 2243 105651 13
 2244 8128 1
 2245 40645 5
 2246 146340 18
 2247 113834 14
 2248 73188 9
 2249 65064 8
 2250 81340 10
 2251 113890 14
 2252 56952 7
 2253 97644 12
 2254 56966 7
 2255 48834 6
 2256 48840 6
 2257 154679 19
 2258 154698 19
 2259 8143 1
 2260 154736 19
 2261 40725 5
 2262 146628 18
 2263 40735 5
 2264 40740 5
 2265 73341 9
 2266 48900 6
 2267 138567 17
 2268 97824 12
 2269 146754 18
 2270 73386 9
 2271 89705 11
 2272 106028 13
 2273 146826 18
 2274 155002 19
 2275 89749 11
 2276 16320 2
 2277 89771 11
 2278 8162 1
 2279 73467 9
 2280 106132 13
 2281 97980 12
 2282 163320 20
 2283 106171 13
 2284 130688 16
 2285 8169 1
 2286 49020 6
 2287 130736 16
 2288 8172 1
 2289 57211 7
 2290 16348 2
 2291 65400 8
 2292 57232 7
 2293 147186 18
 2294 155382 19
 2295 8179 1
 2296 24540 3
 2297 8181 1
 2298 81820 10
 2299 16366 2
 2300 65472 8
 2301 24555 3
 2302 49116 6
 2303 130992 16
 2304 163760 20
 2305 147402 18
 2306 98280 12
 2307 106483 13
 2308 90112 11
 2309 16386 2
 2310 90134 11
 2311 8195 1
 2312 73764 9
 2313 155743 19
 2314 155762 19
 2315 57393 7
 2316 106600 13
 2317 164020 20
 2318 73818 9
 2319 106639 13
 2320 82040 10
 2321 106665 13
 2322 114884 14
 2323 106691 13
 2324 155952 19
 2325 90299 11
 2326 24630 3
 2327 98532 12
 2328 49272 6
 2329 8213 1
 2330 114996 14
 2331 131440 16
 2332 139672 17
 2333 147906 18
 2334 32872 4
 2335 156161 19
 2336 32880 4
 2337 106873 13
 2338 57554 7
 2339 148014 18
 2340 8224 1
 2341 57575 7
 2342 57582 7
 2343 32908 4
 2344 164560 20
 2345 41145 5
 2346 148140 18
 2347 24693 3
 2348 156408 19
 2349 90563 11
 2350 57638 7
 2351 139995 17
 2352 82360 10
 2353 16474 2
 2354 148284 18
 2355 107107 13
 2356 156560 19
 2357 24723 3
 2358 16484 2
 2359 123645 15
 2360 32976 4
 2361 107185 13
 2362 156674 19
 2363 82470 10
 2364 164960 20
 2365 98988 12
 2366 74250 9
 2367 132016 16
 2368 16504 2
 2369 41265 5
 2370 33016 4
 2371 33020 4
 2372 74304 9
 2373 49542 6
 2374 8258 1
 2375 99108 12
 2376 8260 1
 2377 90871 11
 2378 33048 4
 2379 24789 3
 2380 140488 17
 2381 132240 16
 2382 74394 9
 2383 99204 12
 2384 157092 19
 2385 8269 1
 2386 99240 12
 2387 157149 19
 2388 140624 17
 2389 148914 18
 2390 16548 2
 2391 8275 1
 2392 57932 7
 2393 41385 5
 2394 41390 5
 2395 91069 11
 2396 107640 13
 2397 33124 4
 2398 49692 6
 2399 41415 5
 2400 140828 17
 2401 49710 6
 2402 41430 5
 2403 99444 12
 2404 165760 20
 2405 66312 8
 2406 116060 14
 2407 8291 1
 2408 66336 8
 2409 33172 4
 2410 140998 17
 2411 157605 19
 2412 16592 2
 2413 58079 7
 2414 91278 11
 2415 124485 15
 2416 107900 13
 2417 49806 6
 2418 91322 11
 2419 49818 6
 2420 66432 8
 2421 24915 3
 2422 116284 14
 2423 141219 17
 2424 91388 11
 2425 91399 11
 2426 149580 18
 2427 33244 4
 2428 99744 12
 2429 24939 3
 2430 8314 1
 2431 116410 14
 2432 158004 19
 2433 116438 14
 2434 8318 1
 2435 158061 19
 2436 149760 18
 2437 24963 3
 2438 49932 6
 2439 158137 19
 2440 116536 14
 2441 124875 15
 2442 49956 6
 2443 41635 5
 2444 124920 15
 2445 91619 11
 2446 108290 13
 2447 141627 17
 2448 91652 11
 2449 74997 9
 2450 116676 14
 2451 33340 4
 2452 8336 1
 2453 66696 8
 2454 50028 6
 2455 158441 19
 2456 141780 17
 2457 83410 10
 2458 16684 2
 2459 83430 10
 2460 91784 11
 2461 83450 10
 2462 16692 2
 2463 158593 19
 2464 58436 7
 2465 66792 8
 2466 50100 6
 2467 75159 9
 2468 58464 7
 2469 25059 3
 2470 33416 4
 2471 58485 7
 2472 116984 14
 2473 100284 12
 2474 83580 10
 2475 158821 19
 2476 25080 3
 2477 150498 18
 2478 100344 12
 2479 91993 11
 2480 41820 5
 2481 66920 8
 2482 58562 7
 2483 33468 4
 2484 100416 12
 2485 8369 1
 2486 83700 10
 2487 66968 8
 2488 159068 19
 2489 25119 3
 2490 8374 1
 2491 58625 7
 2492 25128 3
 2493 125655 15
 2494 16756 2
 2495 100548 12
 2496 25140 3
 2497 50286 6
 2498 159258 19
 2499 75447 9
 2500 8384 1
 2501 100620 12
 2502 50316 6
 2503 33548 4
 2504 134208 16
 2505 67112 8
 2506 50340 6
 2507 41955 5
 2508 33568 4
 2509 50358 6
 2510 16788 2
 2511 67160 8
 2512 159524 19
 2513 109161 13
 2514 75582 9
 2515 50394 6
 2516 168000 20
 2517 84010 10
 2518 142834 17
 2519 75627 9
 2520 109252 13
 2521 67240 8
 2522 8406 1
 2523 50442 6
 2524 50448 6
 2525 117726 14
 2526 117740 14
 2527 142987 17
 2528 109356 13
 2529 8413 1
 2530 50484 6
 2531 25245 3
 2532 126240 15
 2533 42085 5
 2534 143106 17
 2535 84190 10
 2536 67360 8
 2537 58947 7
 2538 16844 2
 2539 101076 12
 2540 168480 20
 2541 67400 8
 2542 151668 18
 2543 160113 19
 2544 117992 14
 2545 33716 4
 2546 25290 3
 2547 126465 15
 2548 25296 3
 2549 67464 8
 2550 151812 18
 2551 143395 17
 2552 8436 1
 2553 84370 10
 2554 8438 1
 2555 84390 10
 2556 25320 3
 2557 8441 1
 2558 109746 13
 2559 151974 18
 2560 67552 8
 2561 118230 14
 2562 76014 9
 2563 16894 2
 2564 8448 1
 2565 50694 6
 2566 152100 18
 2567 59157 7
 2568 25356 3
 2569 126795 15
 2570 8454 1
 2571 33820 4
 2572 169120 20
 2573 109941 13
 2574 8458 1
 2575 25377 3
 2576 42300 5
 2577 59227 7
 2578 59234 7
 2579 84630 10
 2580 135424 16
 2581 33860 4
 2582 143922 17
 2583 110071 13
 2584 118552 14
 2585 42345 5
 2586 67760 8
 2587 76239 9
 2588 8472 1
 2589 93203 11
 2590 110162 13
 2591 144075 17
 2592 127140 15
 2593 118678 14
 2594 169560 20
 2595 101748 12
 2596 33920 4
 2597 67848 8
 2598 59374 7
 2599 42415 5
 2600 42420 5
 2601 76365 9
 2602 33944 4
 2603 67896 8
 2604 84880 10
 2605 127335 15
 2606 50940 6
 2607 169820 20
 2608 67936 8
 2609 161367 19
 2610 84940 10
 2611 144415 17
 2612 33984 4
 2613 8497 1
 2614 135968 16
 2615 50994 6
 2616 25500 3
 2617 34004 4
 2618 153036 18
 2619 85030 10
 2620 42520 5
 2621 51030 6
 2622 76554 9
 2623 25521 3
 2624 93588 11
 2625 136144 16
 2626 144670 17
 2627 76599 9
 2628 34048 4
 2629 51078 6
 2630 8514 1
 2631 51090 6
 2632 59612 7
 2633 76653 9
 2634 76662 9
 2635 68152 8
 2636 102240 12
 2637 119294 14
 2638 136352 16
 2639 170460 20
 2640 42620 5
 2641 17050 2
 2642 161994 19
 2643 51162 6
 2644 34112 4
 2645 34116 4
 2646 145010 17
 2647 145027 17
 2648 93852 11
 2649 76797 9
 2650 51204 6
 2651 170700 20
 2652 119504 14
 2653 51222 6
 2654 59766 7
 2655 145163 17
 2656 170800 20
 2657 153738 18
 2658 93962 11
 2659 111059 13
 2660 128160 15
 2661 170900 20
 2662 51276 6
 2663 25641 3
 2664 94028 11
 2665 111137 13
 2666 153900 18
 2667 59857 7
 2668 68416 8
 2669 59871 7
 2670 68432 8
 2671 145435 17
 2672 171120 20
 2673 111241 13
 2674 102696 12
 2675 85590 10
 2676 42800 5
 2677 128415 15
 2678 77058 9
 2679 154134 18
 2680 171280 20
 2681 171300 20
 2682 25698 3
 2683 17134 2
 2684 8568 1
 2685 137104 16
 2686 34280 4
 2687 171420 20
 2688 17144 2
 2689 128595 15
 2690 68592 8
 2691 25725 3
 2692 162944 19
 2693 77193 9
 2694 111514 13
 2695 163001 19
 2696 154440 18
 2697 94391 11
 2698 25746 3
 2699 128745 15
 2700 163096 19
 2701 120190 14
 2702 34344 4
 2703 137392 16
 2704 60116 7
 2705 163191 19
 2706 154620 18
 2707 94501 11
 2708 94512 11
 2709 60151 7
 2710 103128 12
 2711 111735 13
 2712 171920 20
 2713 25791 3
 2714 8598 1
 2715 128985 15
 2716 43000 5
 2717 68808 8
 2718 94622 11
 2719 17206 2
 2720 51624 6
 2721 120470 14
 2722 163514 19
 2723 8607 1
 2724 43040 5
 2725 129135 15
 2726 34440 4
 2727 120554 14
 2728 86120 10
 2729 163647 19
 2730 34456 4
 2731 103380 12
 2732 137856 16
 2733 68936 8
 2734 103416 12
 2735 120666 14
 2736 51720 6
 2737 51726 6
 2738 129330 15
 2739 120722 14
 2740 77616 9
 2741 103500 12
 2742 120764 14
 2743 112151 13
 2744 51768 6
 2745 155322 18
 2746 138080 16
 2747 86310 10
 2748 34528 4
 2749 69064 8
 2750 138144 16
 2751 17270 2
 2752 94996 11
 2753 146829 17
 2754 172760 20
 2755 60473 7
 2756 155520 18
 2757 120974 14
 2758 95062 11
 2759 25929 3
 2760 51864 6
 2761 121030 14
 2762 112398 13
 2763 129705 15
 2764 34592 4
 2765 103788 12
 2766 155700 18
 2767 8651 1
 2768 173040 20
 2769 17306 2
 2770 129810 15
 2771 129825 15
 2772 164464 19
 2773 155826 18
 2774 103896 12
 2775 112567 13
 2776 164540 19
 2777 173220 20
 2778 121268 14
 2779 121282 14
 2780 51984 6
 2781 86650 10
 2782 164654 19
 2783 138672 16
 2784 121352 14
 2785 43345 5
 2786 138720 16
 2787 138736 16
 2788 26016 3
 2789 26019 3
 2790 52044 6
 2791 69400 8
 2792 34704 4
 2793 78093 9
 2794 138848 16
 2795 52074 6
 2796 86800 10
 2797 104172 12
 2798 43410 5
 2799 121562 14
 2800 173680 20
 2801 104220 12
 2802 147662 17
 2803 34748 4
 2804 95568 11
 2805 165091 19
 2806 78210 9
 2807 60837 7
 2808 78228 9
 2809 173860 20
 2810 78246 9
 2811 121730 14
 2812 69568 8
 2813 121758 14
 2814 86980 10
 2815 95689 11
 2816 26100 3
 2817 104412 12
 2818 95722 11
 2819 165357 19
 2820 43520 5
 2821 78345 9
 2822 95766 11
 2823 174140 20
 2824 87080 10
 2825 148053 17
 2826 8710 1
 2827 104532 12
 2828 8712 1
 2829 139408 16
 2830 139424 16
 2831 95865 11
 2832 8716 1
 2833 52302 6
 2834 104616 12
 2835 69752 8
 2836 95920 11
 2837 34884 4
 2838 17444 2
 2839 113399 13
 2840 148308 17
 2841 17450 2
 2842 87260 10
 2843 69816 8
 2844 61096 7
 2845 96019 11
 2846 69840 8
 2847 69848 8
 2848 157176 18
 2849 17466 2
 2850 78606 9
 2851 131025 15
 2852 61152 7
 2853 52422 6
 2854 87380 10
 2855 43695 5
 2856 69920 8
 2857 78669 9
 2858 113646 13
 2859 96173 11
 2860 148648 17
 2861 34980 4
 2862 8746 1
 2863 43735 5
 2864 166212 19
 2865 131235 15
 2866 52500 6
 2867 175020 20
 2868 166288 19
 2869 122542 14
 2870 52524 6
 2871 8755 1
 2872 105072 12
 2873 105084 12
 2874 157644 18
 2875 131385 15
 2876 157680 18
 2877 26283 3
 2878 148954 17
 2879 61341 7
 2880 175280 20
 2881 8765 1
 2882 87660 10
 2883 35068 4
 2884 52608 6
 2885 70152 8
 2886 157860 18
 2887 149107 17
 2888 166668 19
 2889 52638 6
 2890 43870 5
 2891 35100 4
 2892 114088 13
 2893 175540 20
 2894 114114 13
 2895 8779 1
 2896 17560 2
 2897 79029 9
 2898 61474 7
 2899 122962 14
 2900 114192 13
 2901 105420 12
 2902 105432 12
 2903 43935 5
 2904 79092 9
 2905 166991 19
 2906 167010 19
 2907 114283 13
 2908 43960 5
 2909 79137 9
 2910 70352 8
 2911 167105 19
 2912 35184 4
 2913 114361 13
 2914 43990 5
 2915 17598 2
 2916 61600 7
 2917 132015 15
 2918 123228 14
 2919 105636 12
 2920 35216 4
 2921 8805 1
 2922 88060 10
 2923 123298 14
 2924 123312 14
 2925 176180 20
 2926 96910 11
 2927 70488 8
 2928 8812 1
 2929 52878 6
 2930 123396 14
 2931 61705 7
 2932 8816 1
 2933 61719 7
 2934 26454 3
 2935 17638 2
 2936 26460 3
 2937 167599 19
 2938 61754 7
 2939 105876 12
 2940 158832 18
 2941 158850 18
 2942 114738 13
 2943 17654 2
 2944 44140 5
 2945 105948 12
 2946 79470 9
 2947 123634 14
 2948 26496 3
 2949 61831 7
 2950 132510 15
 2951 79515 9
 2952 141376 16
 2953 8837 1
 2954 53028 6
 2955 123746 14
 2956 17680 2
 2957 114933 13
 2958 159156 18
 2959 123802 14
 2960 123816 14
 2961 61915 7
 2962 61922 7
 2963 168093 19
 2964 123872 14
 2965 8849 1
 2966 177000 20
 2967 150467 17
 2968 141632 16
 2969 61971 7
 2970 106248 12
 2971 53130 6
 2972 79704 9
 2973 61999 7
 2974 150586 17
 2975 115167 13
 2976 159480 18
 2977 62027 7
 2978 17724 2
 2979 26589 3
 2980 8864 1
 2981 132975 15
 2982 26598 3
 2983 17734 2
 2984 8868 1
 2985 124166 14
 2986 44350 5
 2987 97581 11
 2988 159696 18
 2989 79857 9
 2990 79866 9
 2991 106500 12
 2992 17752 2
 2993 8877 1
 2994 177560 20
 2995 177580 20
 2996 106560 12
 2997 106572 12
 2998 53292 6
 2999 26649 3
 3000 44420 5
 3001 177700 20
 3002 8886 1
 3003 177740 20
 3004 159984 18
 3005 168891 19
 3006 124460 14
 3007 71128 8
 3008 106704 12
 3009 168967 19
 3010 35576 4
 3011 177900 20
 3012 71168 8
 3013 177940 20
 3014 88980 10
 3015 106788 12
 3016 124600 14
 3017 133515 15
 3018 8902 1
 3019 44515 5
 3020 35616 4
 3021 133575 15
 3022 160308 18
 3023 44535 5
 3024 35632 4
 3025 160362 18
 3026 89100 10
 3027 98021 11
 3028 98032 11
 3029 142608 16
 3030 160452 18
 3031 26745 3
 3032 178320 20
 3033 8917 1
 3034 124852 14
 3035 53514 6
 3036 124880 14
 3037 71368 8
 3038 71376 8
 3039 169537 19
 3040 107088 12
 3041 107100 12
 3042 107112 12
 3043 142832 16
 3044 116064 13
 3045 89290 10
 3046 62510 7
 3047 125034 14
 3048 151844 17
 3049 151861 17
 3050 35736 4
 3051 116155 13
 3052 8936 1
 3053 53622 6
 3054 178760 20
 3055 160902 18
 3056 178800 20
 3057 143056 16
 3058 160956 18
 3059 26829 3
 3060 169936 19
 3061 161010 18
 3062 35784 4
 3063 169993 19
 3064 107376 12
 3065 134235 15
 3066 107400 12
 3067 89510 10
 3068 143232 16
 3069 53718 6
 3070 8954 1
 3071 17910 2
 3072 116428 13
 3073 107484 12
 3074 17916 2
 3075 152303 17
 3076 71680 8
 3077 8961 1
 3078 89620 10
 3079 8963 1
 3080 116532 13
 3081 143440 16
 3082 134490 15
 3083 152439 17
 3084 134520 15
 3085 116597 13
 3086 71760 8
 3087 44855 5
 3088 134580 15
 3089 116649 13
 3090 80766 9
 3091 8975 1
 3092 116688 13
 3093 35908 4
 3094 152626 17
 3095 179580 20
 3096 161640 18
 3097 89810 10
 3098 170658 19
 3099 80847 9
 3100 143744 16
 3101 116805 13
 3102 89860 10
 3103 134805 15
 3104 80892 9
 3105 89890 10
 3106 107880 12
 3107 80919 9
 3108 8992 1
 3109 35972 4
 3110 35976 4
 3111 134925 15
 3112 116948 13
 3113 134955 15
 3114 71984 8
 3115 98989 11
 3116 153000 17
 3117 36004 4
 3118 45010 5
 3119 9003 1
 3120 108048 12
 3121 99055 11
 3122 18012 2
 3123 135105 15
 3124 117104 13
 3125 9009 1
 3126 81090 9
 3127 108132 12
 3128 54072 6
 3129 36052 4
 3130 99154 11
 3131 45075 5
 3132 99176 11
 3133 108204 12
 3134 90180 10
 3135 162342 18
 3136 63140 7
 3137 63147 7
 3138 72176 8
 3139 126322 14
 3140 126336 14
 3141 126350 14
 3142 180520 20
 3143 162486 18
 3144 144448 16
 3145 99319 11
 3146 45150 5
 3147 171589 19
 3148 162576 18
 3149 108396 12
 3150 99374 11
 3151 99385 11
 3152 180720 20
 3153 144592 16
 3154 72304 8
 3155 36156 4
 3156 171760 19
 3157 63287 7
 3158 135630 15
 3159 180860 20
 3160 72352 8
 3161 63315 7
 3162 180920 20
 3163 90470 10
 3164 45240 5
 3165 81441 9
 3166 72400 8
 3167 162918 18
 3168 181040 20
 3169 36212 4
 3170 99594 11
 3171 72440 8
 3172 27168 3
 3173 36228 4
 3174 108696 12
 3175 99649 11
 3176 90600 10
 3177 90610 10
 3178 81558 9
 3179 154071 17
 3180 90640 10
 3181 72520 8
 3182 9066 1
 3183 9067 1
 3184 99748 11
 3185 136035 15
 3186 81630 9
 3187 81639 9
 3188 154224 17
 3189 99803 11
 3190 163332 18
 3191 9075 1
 3192 27228 3
 3193 163386 18
 3194 118014 13
 3195 63553 7
 3196 136200 15
 3197 127134 14
 3198 145312 16
 3199 36332 4
 3200 81756 9
 3201 72680 8
 3202 45430 5
 3203 136305 15
 3204 27264 3
 3205 127246 14
 3206 72720 8
 3207 90910 10
 3208 172748 19
 3209 172767 19
 3210 172786 19
 3211 36380 4
 3212 136440 15
 3213 72776 8
 3214 172862 19
 3215 100089 11
 3216 109200 12
 3217 91010 10
 3218 72816 8
 3219 36412 4
 3220 182080 20
 3221 163890 18
 3222 54636 6
 3223 45535 5
 3224 127512 14
 3225 100199 11
 3226 173090 19
 3227 136665 15
 3228 36448 4
 3229 9113 1
 3230 109368 12
 3231 82035 9
 3232 45580 5
 3233 18234 2
 3234 82062 9
 3235 36476 4
 3236 54720 6
 3237 145936 16
 3238 91220 10
 3239 27369 3
 3240 63868 7
 3241 127750 14
 3242 73008 8
 3243 45635 5
 3244 91280 10
 3245 91290 10
 3246 118690 13
 3247 173489 19
 3248 146112 16
 3249 127862 14
 3250 73072 8
 3251 45675 5
 3252 82224 9
 3253 63959 7
 3254 137070 15
 3255 73112 8
 3256 82260 9
 3257 173679 19
 3258 27426 3
 3259 45715 5
 3260 164592 18
 3261 91450 10
 3262 82314 9
 3263 36588 4
 3264 54888 6
 3265 45745 5
 3266 164700 18
 3267 146416 16
 3268 109824 12
 3269 146448 16
 3270 73232 8
 3271 119015 13
 3272 109872 12
 3273 36628 4
 3274 9158 1
 3275 64113 7
 3276 45800 5
 3277 9161 1
 3278 100782 11
 3279 164934 18
 3280 119132 13
 3281 45825 5
 3282 9166 1
 3283 55002 6
 3284 155856 17
 3285 91690 10
 3286 55020 6
 3287 119223 13
 3288 64204 7
 3289 146768 16
 3290 55044 6
 3291 9175 1
 3292 174344 19
 3293 174363 19
 3294 110136 12
 3295 91790 10
 3296 36720 4
 3297 91810 10
 3298 174458 19
 3299 91830 10
 3300 55104 6
 3301 156145 17
 3302 82674 9
 3303 156179 17
 3304 119444 13
 3305 91890 10
 3306 128660 14
 3307 27573 3
 3308 82728 9
 3309 82737 9
 3310 18388 2
 3311 9195 1
 3312 55176 6
 3313 174743 19
 3314 9198 1
 3315 82791 9
 3316 147200 16
 3317 156417 17
 3318 128828 14
 3319 165654 18
 3320 128856 14
 3321 55230 6
 3322 55236 6
 3323 36828 4
 3324 36832 4
 3325 156553 17
 3326 138150 15
 3327 165798 18
 3328 55272 6
 3329 184260 20
 3330 82926 9
 3331 9215 1
 3332 73728 8
 3333 165906 18
 3334 27654 3
 3335 129066 14
 3336 138300 15
 3337 156757 17
 3338 129108 14
 3339 18446 2
 3340 55344 6
 3341 9225 1
 3342 119938 13
 3343 110724 12
 3344 36912 4
 3345 101519 11
 3346 46150 5
 3347 9231 1
 3348 101552 11
 3349 73864 8
 3350 147744 16
 3351 175465 19
 3352 120068 13
 3353 55422 6
 3354 55428 6
 3355 110868 12
 3356 157080 17
 3357 157097 17
 3358 138630 15
 3359 110916 12
 3360 83196 9
 3361 129430 14
 3362 64722 7
 3363 83223 9
 3364 27744 3
 3365 184980 20
 3366 55500 6
 3367 27753 3
 3368 74016 8
 3369 138795 15
 3370 18508 2
 3371 37020 4
 3372 18512 2
 3373 92570 10
 3374 46290 5
 3375 74072 8
 3376 129640 14
 3377 27783 3
 3378 92620 10
 3379 37052 4
 3380 83376 9
 3381 138975 15
 3382 83394 9
 3383 176073 19
 3384 37072 4
 3385 18538 2
 3386 157590 17
 3387 139065 15
 3388 111264 12
 3389 185460 20
 3390 74192 8
 3391 111300 12
 3392 18552 2
 3393 92770 10
 3394 46390 5
 3395 74232 8
 3396 46400 5
 3397 18562 2
 3398 9282 1
 3399 185660 20
 3400 55704 6
 3401 27855 3
 3402 46430 5
 3403 139305 15
 3404 102168 11
 3405 157913 17
 3406 55740 6
 3407 167238 18
 3408 37168 4
 3409 120809 13
 3410 27882 3
 3411 18590 2
 3412 74368 8
 3413 111564 12
 3414 74384 8
 3415 18598 2
 3416 111600 12
 3417 186020 20
 3418 65114 7
 3419 83727 9
 3420 139560 15
 3421 111660 12
 3422 186120 20
 3423 93070 10
 3424 65156 7
 3425 74472 8
 3426 27930 3
 3427 176909 19
 3428 55872 6
 3429 186260 20
 3430 46570 5
 3431 186300 20
 3432 55896 6
 3433 121121 13
 3434 46590 5
 3435 177061 19
 3436 149120 16
 3437 130494 14
 3438 186440 20
 3439 111876 12
 3440 55944 6
 3441 93250 10
 3442 65282 7
 3443 83943 9
 3444 74624 8
 3445 9329 1
 3446 167940 18
 3447 158627 17
 3448 158644 17
 3449 18666 2
 3450 140010 15
 3451 93350 10
 3452 102696 11
 3453 112044 12
 3454 46690 5
 3455 65373 7
 3456 84060 9
 3457 56046 6
 3458 9342 1
 3459 46715 5
 3460 56064 6
 3461 84105 9
 3462 65422 7
 3463 74776 8
 3464 149568 16
 3465 56094 6
 3466 9350 1
 3467 149616 16
 3468 121576 13
 3469 9353 1
 3470 112248 12
 3471 140325 15
 3472 121628 13
 3473 9357 1
 3474 65506 7
 3475 74872 8
 3476 18720 2
 3477 56166 6
 3478 177878 19
 3479 84267 9
 3480 46820 5
 3481 168570 18
 3482 187320 20
 3483 168606 18
 3484 46840 5
 3485 187380 20
 3486 28110 3
 3487 178049 19
 3488 28116 3
 3489 112476 12
 3490 112488 12
 3491 18750 2
 3492 131264 14
 3493 178163 19
 3494 168804 18
 3495 18758 2
 3496 93800 10
 3497 121953 13
 3498 112584 12
 3499 140745 15
 3500 121992 13
 3501 168930 18
 3502 131404 14
 3503 178353 19
 3504 65716 7
 3505 56334 6
 3506 56340 6
 3507 169038 18
 3508 56352 6
 3509 9393 1
 3510 122122 13
 3511 93950 10
 3512 131544 14
 3513 150352 16
 3514 65786 7
 3515 9399 1
 3516 37600 4
 3517 112812 12
 3518 122226 13
 3519 188060 20
 3520 169272 18
 3521 65835 7
 3522 37624 4
 3523 169326 18
 3524 37632 4
 3525 18818 2
 3526 159970 17
 3527 18822 2
 3528 122356 13
 3529 141195 15
 3530 188280 20
 3531 103565 11
 3532 56496 6
 3533 103587 11
 3534 178942 19
 3535 37676 4
 3536 103620 11
 3537 141315 15
 3538 141330 15
 3539 47115 5
 3540 84816 9
 3541 84825 9
 3542 113112 12
 3543 9427 1
 3544 47140 5
 3545 169722 18
 3546 150880 16
 3547 141465 15
 3548 47160 5
 3549 179227 19
 3550 150944 16
 3551 75480 8
 3552 47180 5
 3553 160429 17
 3554 47190 5
 3555 84951 9
 3556 56640 6
 3557 132174 14
 3558 141630 15
 3559 94430 10
 3560 84996 9
 3561 160565 17
 3562 75568 8
 3563 47235 5
 3564 75584 8
 3565 103939 11
 3566 75600 8
 3567 122863 13
 3568 56712 6
 3569 9453 1
 3570 113448 12
 3571 66185 7
 3572 85104 9
 3573 75656 8
 3574 66206 7
 3575 122967 13
 3576 141900 15
 3577 151376 16
 3578 94620 10
 3579 9463 1
 3580 113568 12
 3581 94650 10
 3582 47330 5
 3583 56802 6
 3584 85212 9
 3585 37876 4
 3586 170460 18
 3587 189420 20
 3588 9472 1
 3589 28419 3
 3590 151584 16
 3591 189500 20
 3592 113712 12
 3593 151632 16
 3594 75824 8
 3595 123227 13
 3596 56880 6
 3597 66367 7
 3598 113784 12
 3599 94830 10
 3600 161228 17
 3601 142275 15
 3602 113832 12
 3603 47435 5
 3604 142320 15
 3605 66423 7
 3606 132860 14
 3607 113892 12
 3608 189840 20
 3609 28479 3
 3610 94940 10
 3611 66465 7
 3612 132944 14
 3613 161449 17
 3614 66486 7
 3615 94990 10
 3616 190000 20
 3617 133014 14
 3618 85518 9
 3619 114036 12
 3620 47520 5
 3621 9505 1
 3622 85554 9
 3623 85563 9
 3624 47540 5
 3625 85581 9
 3626 123630 13
 3627 123643 13
 3628 180728 19
 3629 66591 7
 3630 28542 3
 3631 76120 8
 3632 9516 1
 3633 66619 7
 3634 9518 1
 3635 38076 4
 3636 47600 5
 3637 190420 20
 3638 171396 18
 3639 38092 4
 3640 9524 1
 3641 57150 6
 3642 66682 7
 3643 66689 7
 3644 76224 8
 3645 142935 15
 3646 57180 6
 3647 162027 17
 3648 76256 8
 3649 142995 15
 3650 162078 17
 3651 190700 20
 3652 181184 19
 3653 152592 16
 3654 152608 16
 3655 28617 3
 3656 28620 3
 3657 181279 19
 3658 171756 18
 3659 57258 6
 3660 95440 10
 3661 38180 4
 3662 133644 14
 3663 19094 2
 3664 162316 17
 3665 162333 17
 3666 105050 11
 3667 38204 4
 3668 85968 9
 3669 133742 14
 3670 124202 13
 3671 143325 15
 3672 86004 9
 3673 86013 9
 3674 86022 9
 3675 114708 12
 3676 76480 8
 3677 19122 2
 3678 105182 11
 3679 57378 6
 3680 172152 18
 3681 162605 17
 3682 38264 4
 3683 105237 11
 3684 9568 1
 3685 162673 17
 3686 57420 6
 3687 66997 7
 3688 9572 1
 3689 76584 8
 3690 162758 17
 3691 172350 18
 3692 134064 14
 3693 28731 3
 3694 28734 3
 3695 67053 7
 3696 9580 1
 3697 162877 17
 3698 162894 17
 3699 38332 4
 3700 124592 13
 3701 124605 13
 3702 143790 15
 3703 57522 6
 3704 76704 8
 3705 182191 19
 3706 95900 10
 3707 9591 1
 3708 76736 8
 3709 163081 17
 3710 57564 6
 3711 38380 4
 3712 57576 6
 3713 115164 12
 3714 191960 20
 3715 182381 19
 3716 144000 15
 3717 76808 8
 3718 28806 3
 3719 57618 6
 3720 172872 18
 3721 86445 9
 3722 86454 9
 3723 172926 18
 3724 96080 10
 3725 144135 15
 3726 134540 14
 3727 105721 11
 3728 182628 19
 3729 67291 7
 3730 124982 13
 3731 9615 1
 3732 153856 16
 3733 182723 19
 3734 38472 4
 3735 38476 4
 3736 115440 12
 3737 38484 4
 3738 115464 12
 3739 96230 10
 3740 48120 5
 3741 125125 13
 3742 134764 14
 3743 9627 1
 3744 115536 12
 3745 192580 20
 3746 173340 18
 3747 134834 14
 3748 125216 13
 3749 28899 3
 3750 183046 19
 3751 77080 8
 3752 28908 3
 3753 77096 8
 3754 86742 9
 3755 134946 14
 3756 38560 4
 3757 183179 19
 3758 96420 10
 3759 106073 11
 3760 28932 3
 3761 86805 9
 3762 9646 1
 3763 48235 5
 3764 173664 18
 3765 144735 15
 3766 135100 14
 3767 48255 5
 3768 67564 7
 3769 57918 6
 3770 19308 2
 3771 173790 18
 3772 19312 2
 3773 193140 20
 3774 135212 14
 3775 164203 17
 3776 115920 12
 3777 96610 10
 3778 154592 16
 3779 9663 1
 3780 48320 5
 3781 115980 12
 3782 173988 18
 3783 106337 11
 3784 58008 6
 3785 29007 3
 3786 96700 10
 3787 9671 1
 3788 135408 14
 3789 135422 14
 3790 145110 15
 3791 19350 2
 3792 106436 11
 3793 164509 17
 3794 29034 3
 3795 125827 13
 3796 154880 16
 3797 96810 10
 3798 38728 4
 3799 106513 11
 3800 77472 8
 3801 154960 16
 3802 184034 19
 3803 106557 11
 3804 135632 14
 3805 77512 8
 3806 96900 10
 3807 38764 4
 3808 58152 6
 3809 174474 18
 3810 67858 7
 3811 48475 5
 3812 155136 16
 3813 67879 7
 3814 48490 5
 3815 164883 17
 3816 164900 17
 3817 77608 8
 3818 19404 2
 3819 155248 16
 3820 155264 16
 3821 194100 20
 3822 19412 2
 3823 106777 11
 3824 87372 9
 3825 58254 6
 3826 174780 18
 3827 126243 13
 3828 38848 4
 3829 174834 18
 3830 106854 11
 3831 165155 17
 3832 155456 16
 3833 145755 15
 3834 97180 10
 3835 97190 10
 3836 87480 9
 3837 87489 9
 3838 126386 13
 3839 29169 3
 3840 68068 7
 3841 175050 18
 3842 184794 19
 3843 145905 15
 3844 68096 7
 3845 19458 2
 3846 48650 5
 3847 184889 19
 3848 126516 13
 3849 126529 13
 3850 146010 15
 3851 87615 9
 3852 136304 14
 3853 136318 14
 3854 48690 5
 3855 136346 14
 3856 19480 2
 3857 155856 16
 3858 136388 14
 3859 87687 9
 3860 107184 11
 3861 116940 12
 3862 77968 8
 3863 155952 16
 3864 155968 16
 3865 126737 13
 3866 58500 6
 3867 195020 20
 3868 48760 5
 3869 156048 16
 3870 87786 9
 3871 87795 9
 3872 107316 11
 3873 185383 19
 3874 9758 1
 3875 87831 9
 3876 117120 12
 3877 136654 14
 3878 146430 15
 3879 185497 19
 3880 29292 3
 3881 136710 14
 3882 166022 17
 3883 166039 17
 3884 19536 2
 3885 19538 2
 3886 107470 11
 3887 127023 13
 3888 107492 11
 3889 58638 6
 3890 166158 17
 3891 136850 14
 3892 87984 9
 3893 185763 19
 3894 68446 7
 3895 88011 9
 3896 146700 15
 3897 117372 12
 3898 136948 14
 3899 176094 18
 3900 185896 19
 3901 88065 9
 3902 88074 9
 3903 19574 2
 3904 58728 6
 3905 68523 7
 3906 48950 5
 3907 137074 14
 3908 107712 11
 3909 186067 19
 3910 166498 17
 3911 78360 8
 3912 29388 3
 3913 97970 10
 3914 107778 11
 3915 39196 4
 3916 9800 1
 3917 127413 13
 3918 68614 7
 3919 137242 14
 3920 196080 20
 3921 19610 2
 3922 117672 12
 3923 176526 18
 3924 186352 19
 3925 147135 15
 3926 9810 1
 3927 19622 2
 3928 156992 16
 3929 58878 6
 3930 117768 12
 3931 49075 5
 3932 166872 17
 3933 9817 1
 3934 19636 2
 3935 19638 2
 3936 98200 10
 3937 166957 17
 3938 49110 5
 3939 49115 5
 3940 186656 19
 3941 127725 13
 3942 108086 11
 3943 157232 16
 3944 19656 2
 3945 157264 16
 3946 58980 6
 3947 127803 13
 3948 58992 6
 3949 39332 4
 3950 78672 8
 3951 68845 7
 3952 167212 17
 3953 186903 19
 3954 186922 19
 3955 19678 2
 3956 88560 9
 3957 29523 3
 3958 19684 2
 3959 29529 3
 3960 137816 14
 3961 196900 20
 3962 78768 8
 3963 167399 17
 3964 167416 17
 3965 9849 1
 3966 137900 14
 3967 88659 9
 3968 49260 5
 3969 137942 14
 3970 39416 4
 3971 39420 4
 3972 49280 5
 3973 78856 8
 3974 138012 14
 3975 69013 7
 3976 39440 4
 3977 19722 2
 3978 177516 18
 3979 9863 1
 3980 147960 15
 3981 59190 6
 3982 108526 11
 3983 108537 11
 3984 19736 2
 3985 49345 5
 3986 59220 6
 3987 108581 11
 3988 167824 17
 3989 69111 7
 3990 138236 14
 3991 19750 2
 3992 118512 12
 3993 79016 8
 3994 187682 19
 3995 158064 16
 3996 59280 6
 3997 108691 11
 3998 118584 12
 3999 88947 9
 4000 9884 1
 4001 108735 11
 4002 59316 6
 4003 79096 8
 4004 118656 12
 4005 128557 13
 4006 19780 2
 4007 148365 15
 4008 108812 11
 4009 168181 17
 4010 79152 8
 4011 39580 4
 4012 188024 19
 4013 138558 14
 4014 178164 18
 4015 168283 17
 4016 128700 13
 4017 89109 9
 4018 118824 12
 4019 69321 7
 4020 128752 13
 4021 29715 3
 4022 69342 7
 4023 29721 3
 4024 178344 18
 4025 39636 4
 4026 198200 20
 4027 178398 18
 4028 59472 6
 4029 19826 2
 4030 69398 7
 4031 69405 7
 4032 99160 10
 4033 168589 17
 4034 19836 2
 4035 119028 12
 4036 119040 12
 4037 109131 11
 4038 29766 3
 4039 198460 20
 4040 158784 16
 4041 59550 6
 4042 99260 10
 4043 109197 11
 4044 99280 10
 4045 129077 13
 4046 79440 8
 4047 39724 4
 4048 49660 5
 4049 198660 20
 4050 69538 7
 4051 178830 18
 4052 19872 2
 4053 49685 5
 4054 188822 19
 4055 39756 4
 4056 188860 19
 4057 178938 18
 4058 59652 6
 4059 49715 5
 4060 129272 13
 4061 149175 15
 4062 79568 8
 4063 9947 1
 4064 79584 8
 4065 149235 15
 4066 119400 12
 4067 119412 12
 4068 79616 8
 4069 189107 19
 4070 159264 16
 4071 139370 14
 4072 49780 5
 4073 189183 19
 4074 29874 3
 4075 129467 13
 4076 39840 4
 4077 19922 2
 4078 139468 14
 4079 189297 19
 4080 129532 13
 4081 189335 19
 4082 79728 8
 4083 189373 19
 4084 169456 17
 4085 189411 19
 4086 119640 12
 4087 59826 6
 4088 169524 17
 4089 119676 12
 4090 119688 12
 4091 49875 5
 4092 129688 13
 4093 129701 13
 4094 149670 15
 4095 199580 20
 4096 99800 10
 4097 79848 8
 4098 119784 12
 4099 59898 6
 4100 49920 5
 4101 39940 4
 4102 199720 20
 4103 29961 3
 4104 49940 5
 4105 109879 11
 4106 109890 11
 4107 119892 12
 4108 199840 20
 4109 59958 6
 4110 49970 5
 4111 39980 4
 4112 49980 5
 4113 39988 4
 4114 69986 7
 4115 189981 19
 4116 100000 10
 4117 180018 18
 4118 110022 11
 4119 60018 6
 4120 90036 9
 4121 160080 16
 4122 110066 11
 4123 160112 16
 4124 40032 4
 4125 140126 14
 4126 40040 4
 4127 110121 11
 4128 110132 11
 4129 90117 9
 4130 90126 9
 4131 70105 7
 4132 140224 14
 4133 170289 17
 4134 40072 4
 4135 10019 1
 4136 100200 10
 4137 140294 14
 4138 50110 5
 4139 180414 18
 4140 170408 17
 4141 150375 15
 4142 180468 18
 4143 90243 9
 4144 170476 17
 4145 10029 1
 4146 190570 19
 4147 110341 11
 4148 120384 12
 4149 170561 17
 4150 150510 15
 4151 50175 5
 4152 110396 11
 4153 10037 1
 4154 100380 10
 4155 120468 12
 4156 70280 7
 4157 140574 14
 4158 20084 2
 4159 10043 1
 4160 40176 4
 4161 50225 5
 4162 60276 6
 4163 60282 6
 4164 20096 2
 4165 30147 3
 4166 10050 1
 4167 90459 9
 4168 80416 8
 4169 20106 2
 4170 50270 5
 4171 80440 8
 4172 191064 19
 4173 150855 15
 4174 191102 19
 4175 130767 13
 4176 171020 17
 4177 201220 20
 4178 181116 18
 4179 100630 10
 4180 50320 5
 4181 140910 14
 4182 130858 13
 4183 10067 1
 4184 40272 4
 4185 60414 6
 4186 70490 7
 4187 181278 18
 4188 181296 18
 4189 60438 6
 4190 90666 9
 4191 30225 3
 4192 191444 19
 4193 40308 4
 4194 120936 12
 4195 20158 2
 4196 161280 16
 4197 151215 15
 4198 100820 10
 4199 151245 15
 4200 60504 6
 4201 171445 17
 4202 151290 15
 4203 30261 3
 4204 201760 20
 4205 191691 19
 4206 90810 9
 4207 111001 11
 4208 131196 13
 4209 30279 3
 4210 60564 6
 4211 80760 8
 4212 20192 2
 4213 80776 8
 4214 201960 20
 4215 60594 6
 4216 131300 13
 4217 20202 2
 4218 202040 20
 4219 181854 18
 4220 30312 3
 4221 121260 12
 4222 202120 20
 4223 131391 13
 4224 131404 13
 4225 181962 18
 4226 10110 1
 4227 20222 2
 4228 60672 6
 4229 202260 20
 4230 20228 2
 4231 70805 7
 4232 80928 8
 4233 171989 17
 4234 91062 9
 4235 141666 14
 4236 50600 5
 4237 111331 11
 4238 161952 16
 4239 111353 11
 4240 172108 17
 4241 81000 8
 4242 101260 10
 4243 91143 9
 4244 202560 20
 4245 111419 11
 4246 50650 5
 4247 10131 1
 4248 202640 20
 4249 30399 3
 4250 50670 5
 4251 162160 16
 4252 111496 11
 4253 141918 14
 4254 60828 6
 4255 121668 12
 4256 111540 11
 4257 60846 6
 4258 172414 17
 4259 162288 16
 4260 192736 19
 4261 81160 8
 4262 81168 8
 4263 81176 8
 4264 192812 19
 4265 20298 2
 4266 182700 18
 4267 101510 10
 4268 121824 12
 4269 60918 6
 4270 20308 2
 4271 91395 9
 4272 101560 10
 4273 101570 10
 4274 111738 11
 4275 101590 10
 4276 20320 2
 4277 60966 6
 4278 172754 17
 4279 182934 18
 4280 162624 16
 4281 50825 5
 4282 142324 14
 4283 30501 3
 4284 142352 14
 4285 101690 10
 4286 203400 20
 4287 20342 2
 4288 142408 14
 4289 40692 4
 4290 20348 2
 4291 30525 3
 4292 172992 17
 4293 162832 16
 4294 50890 5
 4295 30537 3
 4296 40720 4
 4297 142534 14
 4298 71274 7
 4299 183294 18
 4300 30552 3
 4301 61110 6
 4302 203720 20
 4303 162992 16
 4304 40752 4
 4305 142646 14
 4306 40760 4
 4307 203820 20
 4308 142688 14
 4309 183474 18
 4310 163104 16
 4311 10195 1
 4312 193724 19
 4313 10197 1
 4314 71386 7
 4315 183582 18
 4316 71400 7
 4317 61206 6
 4318 163232 16
 4319 163248 16
 4320 173468 17
 4321 20410 2
 4322 61236 6
 4323 193933 19
 4324 10208 1
 4325 91881 9
 4326 40840 4
 4327 51055 5
 4328 173604 17
 4329 30639 3
 4330 10214 1
 4331 20430 2
 4332 40864 4
 4333 81736 8
 4334 173706 17
 4335 173723 17
 4336 61320 6
 4337 40884 4
 4338 183996 18
 4339 10223 1
 4340 112464 11
 4341 173825 17
 4342 122712 12
 4343 20454 2
 4344 92052 9
 4345 20458 2
 4346 61380 6
 4347 92079 9
 4348 71624 7
 4349 163728 16
 4350 61404 6
 4351 71645 7
 4352 102360 10
 4353 20474 2
 4354 133094 13
 4355 204780 20
 4356 133120 13
 4357 112651 11
 4358 184356 18
 4359 194617 19
 4360 92196 9
 4361 143430 14
 4362 10246 1
 4363 20494 2
 4364 133224 13
 4365 153735 15
 4366 10250 1
 4367 153765 15
 4368 61512 6
 4369 10253 1
 4370 153810 15
 4371 92295 9
 4372 51280 5
 4373 102570 10
 4374 143612 14
 4375 205180 20
 4376 102600 10
 4377 184698 18
 4378 133406 13
 4379 205260 20
 4380 71848 7
 4381 133445 13
 4382 51330 5
 4383 51335 5
 4384 20536 2
 4385 71883 7
 4386 82160 8
 4387 154065 15
 4388 30816 3
 4389 133549 13
 4390 30822 3
 4391 82200 8
 4392 113036 11
 4393 133601 13
 4394 10278 1
 4395 123348 12
 4396 41120 4
 4397 41124 4
 4398 20564 2
 4399 92547 9
 4400 30852 3
 4401 174845 17
 4402 41144 4
 4403 154305 15
 4404 205760 20
 4405 20578 2
 4406 10290 1
 4407 113201 11
 4408 133796 13
 4409 164688 16
 4410 205880 20
 4411 185310 18
 4412 113256 11
 4413 92673 9
 4414 72086 7
 4415 164784 16
 4416 82400 8
 4417 206020 20
 4418 20604 2
 4419 10303 1
 4420 133952 13
 4421 195795 19
 4422 92754 9
 4423 51535 5
 4424 92772 9
 4425 51545 5
 4426 61860 6
 4427 195909 19
 4428 72184 7
 4429 82504 8
 4430 195966 19
 4431 165040 16
 4432 72212 7
 4433 206340 20
 4434 61908 6
 4435 113509 11
 4436 123840 12
 4437 113531 11
 4438 82576 8
 4439 82584 8
 4440 30972 3
 4441 82600 8
 4442 185868 18
 4443 20654 2
 4444 92952 9
 4445 20658 2
 4446 20660 2
 4447 185958 18
 4448 175644 17
 4449 41332 4
 4450 62004 6
 4451 10335 1
 4452 103360 10
 4453 196403 19
 4454 113718 11
 4455 175763 17
 4456 20680 2
 4457 155115 15
 4458 196498 19
 4459 155145 15
 4460 93096 9
 4461 165520 16
 4462 196574 19
 4463 134511 13
 4464 206960 20
 4465 20698 2
 4466 10350 1
 4467 62106 6
 4468 103520 10
 4469 186354 18
 4470 165664 16
 4471 41420 4
 4472 155340 15
 4473 20714 2
 4474 134654 13
 4475 51795 5
 4476 176120 17
 4477 51805 5
 4478 145068 14
 4479 145082 14
 4480 114004 11
 4481 72555 7
 4482 165856 16
 4483 10367 1
 4484 20736 2
 4485 155535 15
 4486 41480 4
 4487 134823 13
 4488 145208 14
 4489 186714 18
 4490 41496 4
 4491 197125 19
 4492 62256 6
 4493 103770 10
 4494 62268 6
 4495 176443 17
 4496 166080 16
 4497 155715 15
 4498 93438 9
 4499 72681 7
 4500 72688 7
 4501 41540 4
 4502 207720 20
 4503 145418 14
 4504 10388 1
 4505 176613 17
 4506 72730 7
 4507 20782 2
 4508 197448 19
 4509 83144 8
 4510 166304 16
 4511 31185 3
 4512 114356 11
 4513 93573 9
 4514 187164 18
 4515 135187 13
 4516 145600 14
 4517 114411 11
 4518 176834 17
 4519 20806 2
 4520 104040 10
 4521 176885 17
 4522 176902 17
 4523 166512 16
 4524 52040 5
 4525 20818 2
 4526 41640 4
 4527 145754 14
 4528 197828 19
 4529 124956 12
 4530 145796 14
 4531 177055 17
 4532 41664 4
 4533 187506 18
 4534 187524 18
 4535 52095 5
 4536 177140 17
 4537 187578 18
 4538 62532 6
 4539 31269 3
 4540 198056 19
 4541 114675 11
 4542 125112 12
 4543 208540 20
 4544 208560 20
 4545 93861 9
 4546 187740 18
 4547 62586 6
 4548 135616 13
 4549 73031 7
 4550 166944 16
 4551 73045 7
 4552 166976 16
 4553 10437 1
 4554 41752 4
 4555 62634 6
 4556 187920 18
 4557 135733 13
 4558 114862 11
 4559 198417 19
 4560 93996 9
 4561 62670 6
 4562 125352 12
 4563 20894 2
 4564 83584 8
 4565 10449 1
 4566 20900 2
 4567 135863 13
 4568 125424 12
 4569 198607 19
 4570 114994 11
 4571 10455 1
 4572 41824 4
 4573 52285 5
 4574 167328 16
 4575 62754 6
 4576 62760 6
 4577 115071 11
 4578 83696 8
 4579 198797 19
 4580 83712 8
 4581 31395 3
 4582 94194 9
 4583 41868 4
 4584 52340 5
 4585 20938 2
 4586 125640 12
 4587 10471 1
 4588 41888 4
 4589 125676 12
 4590 62844 6
 4591 94275 9
 4592 10476 1
 4593 104770 10
 4594 41912 4
 4595 94311 9
 4596 94320 9
 4597 62886 6
 4598 188676 18
 4599 41932 4
 4600 115324 11
 4601 62910 6
 4602 104860 10
 4603 52435 5
 4604 125856 12
 4605 62934 6
 4606 209800 20
 4607 52455 5
 4608 209840 20
 4609 10493 1
 4610 94446 9
 4611 178415 17
 4612 52480 5
 4613 104970 10
 4614 83984 8
 4615 188982 18
 4616 210000 20
 4617 147014 14
 4618 199538 19
 4619 10503 1
 4620 210080 20
 4621 178585 17
 4622 42024 4
 4623 63042 6
 4624 10508 1
 4625 199671 19
 4626 52550 5
 4627 10511 1
 4628 210240 20
 4629 178721 17
 4630 94626 9
 4631 115665 11
 4632 42064 4
 4633 31551 3
 4634 136734 13
 4635 157785 15
 4636 115720 11
 4637 210420 20
 4638 31566 3
 4639 73661 7
 4640 126288 12
 4641 52625 5
 4642 178942 17
 4643 210540 20
 4644 200032 19
 4645 168464 16
 4646 63180 6
 4647 31593 3
 4648 21064 2
 4649 136929 13
 4650 63204 6
 4651 147490 14
 4652 210720 20
 4653 136981 13
 4654 94842 9
 4655 31617 3
 4656 105400 10
 4657 115951 11
 4658 168672 16
 4659 179231 17
 4660 63264 6
 4661 126540 12
 4662 179282 17
 4663 10547 1
 4664 116028 11
 4665 116039 11
 4666 137150 13
 4667 63306 6
 4668 73864 7
 4669 31659 3
 4670 116094 11
 4671 179435 17
 4672 95004 9
 4673 116127 11
 4674 52790 5
 4675 105590 10
 4676 158400 15
 4677 63366 6
 4678 84496 8
 4679 169008 16
 4680 147896 14
 4681 169040 16
 4682 179622 17
 4683 116237 11
 4684 63408 6
 4685 63414 6
 4686 84560 8
 4687 116281 11
 4688 137436 13
 4689 179741 17
 4690 211480 20
 4691 74025 7
 4692 190368 18
 4693 200963 19
 4694 52890 5
 4695 116369 11
 4696 10580 1
 4697 126972 12
 4698 10582 1
 4699 126996 12
 4700 95256 9
 4701 10585 1
 4702 52930 5
 4703 42348 4
 4704 10588 1
 4705 127068 12
 4706 169440 16
 4707 95319 9
 4708 74144 7
 4709 42372 4
 4710 201286 19
 4711 74165 7
 4712 52980 5
 4713 31791 3
 4714 95382 9
 4715 52995 5
 4716 148400 14
 4717 137813 13
 4718 106020 10
 4719 106030 10
 4720 148456 14
 4721 137865 13
 4722 21212 2
 4723 95463 9
 4724 190944 18
 4725 180353 17
 4726 42440 4
 4727 137943 13
 4728 137956 13
 4729 53065 5
 4730 137982 13
 4731 53075 5
 4732 106160 10
 4733 106170 10
 4734 148652 14
 4735 191142 18
 4736 201780 19
 4737 42484 4
 4738 84976 8
 4739 191214 18
 4740 201856 19
 4741 191250 18
 4742 106260 10
 4743 180659 17
 4744 21256 2
 4745 170064 16
 4746 191340 18
 4747 138203 13
 4748 148848 14
 4749 42532 4
 4750 85072 8
 4751 202065 19
 4752 106360 10
 4753 138281 13
 4754 95742 9
 4755 10639 1
 4756 202160 19
 4757 53205 5
 4758 21284 2
 4759 21286 2
 4760 10644 1
 4761 117095 11
 4762 117106 11
 4763 159705 15
 4764 117128 11
 4765 106490 10
 4766 149100 14
 4767 181067 17
 4768 138476 13
 4769 95877 9
 4770 53270 5
 4771 191790 18
 4772 213120 20
 4773 159855 15
 4774 21316 2
 4775 202521 19
 4776 149240 14
 4777 138593 13
 4778 42648 4
 4779 149282 14
 4780 213280 20
 4781 21330 2
 4782 138658 13
 4783 96003 9
 4784 106680 10
 4785 96021 9
 4786 138710 13
 4787 117381 11
 4788 138736 13
 4789 170768 16
 4790 192132 18
 4791 10675 1
 4792 32028 3
 4793 213540 20
 4794 53390 5
 4795 149506 14
 4796 170880 16
 4797 74767 7
 4798 64092 6
 4799 202977 19
 4800 138892 13
 4801 181645 17
 4802 106860 10
 4803 42748 4
 4804 10688 1
 4805 53445 5
 4806 74830 7
 4807 160365 15
 4808 138996 13
 4809 21386 2
 4810 96246 9
 4811 139035 13
 4812 64176 6
 4813 96273 9
 4814 85584 8
 4815 42796 4
 4816 192600 18
 4817 42804 4
 4818 214040 20
 4819 214060 20
 4820 117744 11
 4821 181985 17
 4822 192708 18
 4823 149898 14
 4824 139204 13
 4825 149926 14
 4826 10710 1
 4827 21422 2
 4828 192816 18
 4829 96417 9
 4830 96426 9
 4831 42860 4
 4832 192888 18
 4833 128604 12
 4834 10718 1
 4835 128628 12
 4836 117920 11
 4837 75047 7
 4838 75054 7
 4839 150122 14
 4840 139412 13
 4841 171600 16
 4842 139438 13
 4843 64362 6
 4844 53640 5
 4845 203851 19
 4846 53650 5
 4847 128772 12
 4848 118052 11
 4849 75131 7
 4850 161010 15
 4851 161025 15
 4852 182512 17
 4853 193266 18
 4854 53690 5
 4855 161085 15
 4856 171840 16
 4857 32223 3
 4858 96678 9
 4859 182631 17
 4860 53720 5
 4861 53725 5
 4862 53730 5
 4863 32241 3
 4864 118228 11
 4865 214980 20
 4866 150500 14
 4867 150514 14
 4868 172032 16
 4869 86024 8
 4870 161310 15
 4871 193590 18
 4872 53780 5
 4873 75299 7
 4874 139854 13
 4875 10759 1
 4876 86080 8
 4877 215220 20
 4878 118382 11
 4879 21526 2
 4880 32292 3
 4881 86120 8
 4882 215320 20
 4883 215340 20
 4884 183056 17
 4885 107690 10
 4886 53850 5
 4887 21542 2
 4888 75404 7
 4889 150822 14
 4890 140062 13
 4891 204725 19
 4892 204744 19
 4893 53885 5
 4894 140114 13
 4895 204801 19
 4896 140140 13
 4897 129372 12
 4898 194076 18
 4899 150962 14
 4900 97056 9
 4901 107850 10
 4902 107860 10
 4903 10787 1
 4904 161820 15
 4905 151046 14
 4906 75530 7
 4907 118701 11
 4908 97128 9
 4909 183481 17
 4910 183498 17
 4911 107950 10
 4912 107960 10
 4913 75579 7
 4914 118778 11
 4915 194382 18
 4916 21600 2
 4917 43204 4
 4918 140426 13
 4919 216060 20
 4920 43216 4
 4921 97245 9
 4922 216120 20
 4923 194526 18
 4924 151312 14
 4925 10809 1
 4926 129720 12
 4927 205409 19
 4928 21624 2
 4929 140569 13
 4930 140582 13
 4931 86520 8
 4932 43264 4
 4933 10817 1
 4934 162270 15
 4935 32457 3
 4936 86560 8
 4937 183957 17
 4938 32466 3
 4939 108230 10
 4940 43296 4
 4941 108250 10
 4942 119086 11
 4943 32481 3
 4944 10828 1
 4945 64974 6
 4946 75810 7
 4947 184127 17
 4948 205808 19
 4949 64998 6
 4950 86672 8
 4951 43340 4
 4952 108360 10
 4953 65022 6
 4954 130056 12
 4955 119229 11
 4956 97560 9
 4957 173456 16
 4958 151788 14
 4959 86744 8
 4960 216880 20
 4961 140985 13
 4962 43384 4
 4963 173552 16
 4964 162720 15
 4965 54245 5
 4966 173600 16
 4967 217020 20
 4968 86816 8
 4969 195354 18
 4970 32562 3
 4971 97695 9
 4972 32568 3
 4973 65142 6
 4974 195444 18
 4975 162885 15
 4976 76020 7
 4977 65166 6
 4978 152068 14
 4979 65178 6
 4980 206416 19
 4981 54325 5
 4982 184722 17
 4983 184739 17
 4984 86944 8
 4985 195642 18
 4986 10870 1
 4987 173936 16
 4988 217440 20
 4989 141349 13
 4990 152236 14
 4991 10875 1
 4992 152264 14
 4993 108770 10
 4994 97902 9
 4995 152306 14
 4996 174080 16
 4997 10881 1
 4998 65292 6
 4999 10883 1
 5000 108840 10
 5001 206815 19
 5002 32658 3
 5003 32661 3
 5004 217760 20
 5005 87112 8
 5006 206910 19
 5007 98019 9
 5008 54460 5
 5009 32679 3
 5010 87152 8
 5011 152530 14
 5012 10896 1
 5013 163455 15
 5014 196164 18
 5015 207081 19
 5016 87200 8
 5017 185317 17
 5018 76314 7
 5019 207157 19
 5020 174464 16
 5021 87240 8
 5022 152684 14
 5023 174512 16
 5024 65448 6
 5025 207271 19
 5026 163650 15
 5027 163665 15
 5028 32736 3
 5029 163695 15
 5030 174624 16
 5031 174640 16
 5032 207404 19
 5033 98253 9
 5034 98262 9
 5035 185623 17
 5036 218400 20
 5037 163815 15
 5038 43688 4
 5039 174768 16
 5040 218480 20
 5041 131100 12
 5042 142038 13
 5043 174832 16
 5044 65568 6
 5045 109290 10
 5046 120230 11
 5047 109310 10
 5048 21864 2
 5049 65598 6
 5050 10934 1
 5051 164025 15
 5052 153104 14
 5053 174992 16
 5054 175008 16
 5055 21878 2
 5056 196920 18
 5057 98469 9
 5058 10942 1
 5059 76601 7
 5060 196992 18
 5061 142285 13
 5062 207974 19
 5063 175152 16
 5064 43792 4
 5065 10949 1
 5066 109500 10
 5067 76657 7
 5068 21904 2
 5069 21906 2
 5070 219080 20
 5071 21910 2
 5072 98604 9
 5073 87656 8
 5074 109580 10
 5075 109590 10
 5076 142480 13
 5077 219220 20
 5078 197316 18
 5079 131556 12
 5080 65784 6
 5081 219300 20
 5082 219320 20
 5083 153538 14
 5084 76776 7
 5085 131628 12
 5086 164550 15
 5087 98739 9
 5088 98748 9
 5089 120703 11
 5090 76818 7
 5091 131700 12
 5092 32928 3
 5093 43908 4
 5094 175648 16
 5095 21958 2
 5096 164700 15
 5097 32943 3
 5098 109820 10
 5099 65898 6
 5100 120824 11
 5101 32955 3
 5102 208734 19
 5103 142831 13
 5104 153832 14
 5105 87912 8
 5106 120890 11
 5107 131892 12
 5108 10992 1
 5109 32979 3
 5110 21988 2
 5111 153930 14
 5112 208924 19
 5113 197946 18
 5114 120978 11
 5115 197982 18
 5116 187000 17
 5117 33003 3
 5118 143026 13
 5119 187051 17
 5120 165060 15
 5121 55025 5
 5122 143078 13
 5123 132084 12
 5124 66048 6
 5125 88072 8
 5126 187170 17
 5127 132132 12
 5128 187204 17
 5129 220260 20
 5130 110140 10
 5131 99135 9
 5132 121176 11
 5133 55085 5
 5134 209342 19
 5135 121209 11
 5136 33060 3
 5137 121231 11
 5138 165330 15
 5139 33069 3
 5140 55120 5
 5141 209475 19
 5142 77182 7
 5143 143351 13
 5144 11028 1
 5145 209551 19
 5146 11030 1
 5147 154434 14
 5148 209608 19
 5149 99297 9
 5150 143442 13
 5151 143455 13
 5152 77252 7
 5153 187629 17
 5154 165570 15
 5155 33117 3
 5156 143520 13
 5157 132492 12
 5158 187714 17
 5159 55215 5
 5160 176704 16
 5161 11045 1
 5162 132552 12
 5163 143611 13
 5164 165720 15
 5165 187833 17
 5166 44200 4
 5167 22102 2
 5168 77364 7
 5169 154742 14
 5170 99486 9
 5171 121605 11
 5172 165840 15
 5173 165855 15
 5174 33174 3
 5175 33177 3
 5176 176960 16
 5177 11061 1
 5178 22124 2
 5179 22126 2
 5180 110640 10
 5181 11065 1
 5182 165990 15
 5183 121737 11
 5184 44272 4
 5185 199242 18
 5186 143910 13
 5187 177136 16
 5188 199296 18
 5189 77511 7
 5190 22148 2
 5191 188275 17
 5192 166140 15
 5193 55385 5
 5194 132936 12
 5195 188343 17
 5196 166200 15
 5197 55405 5
 5198 11082 1
 5199 99747 9
 5200 188428 17
 5201 121935 11
 5202 133032 12
 5203 166305 15
 5204 210672 19
 5205 121979 11
 5206 33270 3
 5207 44364 4
 5208 221840 20
 5209 88744 8
 5210 210786 19
 5211 188615 17
 5212 210824 19
 5213 33291 3
 5214 66588 6
 5215 110990 10
 5216 122100 11
 5217 22202 2
 5218 55510 5
 5219 44412 4
 5220 122144 11
 5221 55525 5
 5222 144378 13
 5223 22214 2
 5224 122188 11
 5225 44436 4
 5226 22220 2
 5227 111110 10
 5228 22224 2
 5229 222260 20
 5230 133368 12
 5231 211185 19
 5232 133392 12
 5233 33351 3
 5234 77826 7
 5235 111190 10
 5236 33360 3
 5237 11121 1
 5238 122342 11
 5239 189091 17
 5240 133488 12
 5241 222500 20
 5242 200268 18
 5243 211413 19
 5244 178048 16
 5245 144677 13
 5246 155820 14
 5247 44524 4
 5248 89056 8
 5249 33399 3
 5250 200412 18
 5251 100215 9
 5252 100224 9
 5253 77959 7
 5254 11138 1
 5255 66834 6
 5256 211660 19
 5257 22282 2
 5258 133704 12
 5259 167145 15
 5260 133728 12
 5261 211755 19
 5262 167190 15
 5263 167205 15
 5264 66888 6
 5265 66894 6
 5266 122650 11
 5267 133812 12
 5268 200736 18
 5269 78071 7
 5270 156156 14
 5271 200790 18
 5272 66936 6
 5273 11157 1
 5274 11158 1
 5275 145067 13
 5276 78120 7
 5277 89288 8
 5278 33486 3
 5279 223260 20
 5280 44656 4
 5281 167475 15
 5282 156324 14
 5283 223340 20
 5284 201024 18
 5285 44676 4
 5286 44680 4
 5287 122881 11
 5288 100548 9
 5289 122903 11
 5290 178784 16
 5291 111750 10
 5292 11176 1
 5293 89416 8
 5294 134136 12
 5295 145327 13
 5296 100620 9
 5297 167715 15
 5298 201276 18
 5299 78281 7
 5300 156576 14
 5301 123035 11
 5302 44744 4
 5303 156618 14
 5304 123068 11
 5305 33567 3
 5306 167850 15
 5307 22382 2
 5308 167880 15
 5309 134316 12
 5310 212686 19
 5311 67170 6
 5312 134352 12
 5313 22394 2
 5314 201564 18
 5315 67194 6
 5316 156800 14
 5317 123211 11
 5318 56010 5
 5319 33609 3
 5320 33612 3
 5321 156870 14
 5322 33618 3
 5323 44828 4
 5324 67248 6
 5325 212971 19
 5326 190570 17
 5327 100899 9
 5328 134544 12
 5329 44852 4
 5330 56070 5
 5331 179440 16
 5332 213104 19
 5333 224340 20
 5334 145834 13
 5335 213161 19
 5336 134640 12
 5337 100989 9
 5338 112220 10
 5339 101007 9
 5340 145912 13
 5341 22450 2
 5342 101034 9
 5343 56135 5
 5344 33684 3
 5345 56145 5
 5346 134760 12
 5347 89848 8
 5348 157248 14
 5349 67398 6
 5350 213446 19
 5351 89880 8
 5352 89888 8
 5353 123607 11
 5354 101142 9
 5355 224780 20
 5356 179840 16
 5357 101169 9
 5358 11242 1
 5359 22486 2
 5360 168660 15
 5361 78715 7
 5362 44984 4
 5363 33741 3
 5364 157472 14
 5365 22498 2
 5366 180000 16
 5367 123761 11
 5368 202536 18
 5369 135036 12
 5370 157556 14
 5371 22510 2
 5372 45024 4
 5373 202626 18
 5374 101322 9
 5375 180144 16
 5376 123860 11
 5377 123871 11
 5378 45048 4
 5379 180208 16
 5380 11264 1
 5381 90120 8
 5382 33798 3
 5383 90136 8
 5384 78876 7
 5385 56345 5
 5386 11270 1
 5387 214149 19
 5388 112720 10
 5389 214187 19
 5390 11274 1
 5391 202950 18
 5392 45104 4
 5393 225540 20
 5394 78946 7
 5395 45116 4
 5396 169200 15
 5397 11281 1
 5398 56410 5
 5399 90264 8
 5400 180544 16
 5401 214415 19
 5402 169290 15
 5403 158018 14
 5404 203184 18
 5405 214491 19
 5406 191930 17
 5407 146783 13
 5408 112920 10
 5409 79051 7
 5410 146822 13
 5411 112950 10
 5412 203328 18
 5413 90376 8
 5414 135576 12
 5415 146887 13
 5416 67800 6
 5417 203418 18
 5418 113020 10
 5419 192151 17
 5420 158256 14
 5421 169575 15
 5422 192202 17
 5423 135684 12
 5424 169620 15
 5425 203562 18
 5426 158340 14
 5427 214909 19
 5428 101808 9
 5429 214947 19
 5430 33942 3
 5431 124465 11
 5432 124476 11
 5433 192389 17
 5434 181088 16
 5435 45276 4
 5436 90560 8
 5437 113210 10
 5438 67932 6
 5439 113230 10
 5440 226480 20
 5441 192525 17
 5442 215194 19
 5443 67962 6
 5444 90624 8
 5445 11329 1
 5446 135960 12
 5447 124641 11
 5448 147316 13
 5449 79331 7
 5450 136008 12
 5451 147355 13
 5452 136032 12
 5453 136044 12
 5454 170070 15
 5455 79373 7
 5456 204120 18
 5457 113410 10
 5458 34026 3
 5459 158802 14
 5460 215536 19
 5461 158830 14
 5462 158844 14
 5463 124817 11
 5464 147524 13
 5465 45396 4
 5466 68100 6
 5467 147563 13
 5468 11352 1
 5469 158942 14
 5470 136248 12
 5471 147615 13
 5472 11356 1
 5473 181712 16
 5474 79506 7
 5475 113590 10
 5476 34080 3
 5477 90888 8
 5478 170430 15
 5479 56815 5
 5480 159096 14
 5481 11365 1
 5482 147758 13
 5483 45468 4
 5484 181888 16
 5485 22738 2
 5486 102330 9
 5487 11371 1
 5488 136464 12
 5489 79611 7
 5490 45496 4
 5491 204750 18
 5492 193392 17
 5493 22754 2
 5494 79646 7
 5495 136548 12
 5496 216220 19
 5497 22762 2
 5498 170730 15
 5499 56915 5
 5500 204912 18
 5501 125235 11
 5502 11386 1
 5503 159418 14
 5504 45552 4
 5505 102501 9
 5506 34170 3
 5507 227820 20
 5508 11392 1
 5509 227860 20
 5510 22788 2
 5511 136740 12
 5512 227920 20
 5513 56985 5
 5514 56990 5
 5515 193783 17
 5516 216600 19
 5517 34203 3
 5518 171030 15
 5519 22806 2
 5520 22808 2
 5521 22810 2
 5522 11406 1
 5523 148291 13
 5524 68448 6
 5525 136908 12
 5526 102690 9
 5527 68466 6
 5528 148356 13
 5529 182608 16
 5530 136968 12
 5531 91320 8
 5532 216904 19
 5533 45668 4
 5534 68508 6
 5535 194123 17
 5536 205560 18
 5537 137052 12
 5538 217018 19
 5539 194191 17
 5540 228480 20
 5541 217075 19
 5542 102834 9
 5543 114270 10
 5544 79996 7
 5545 228580 20
 5546 160020 14
 5547 57155 5
 5548 11432 1
 5549 182928 16
 5550 102906 9
 5551 22870 2
 5552 68616 6
 5553 114370 10
 5554 57190 5
 5555 183024 16
 5556 183040 16
 5557 34323 3
 5558 217398 19
 5559 45772 4
 5560 68664 6
 5561 171675 15
 5562 183136 16
 5563 217493 19
 5564 22896 2
 5565 57245 5
 5566 217550 19
 5567 229020 20
 5568 68712 6
 5569 34359 3
 5570 57270 5
 5571 160370 14
 5572 80192 7
 5573 160398 14
 5574 80206 7
 5575 171885 15
 5576 22920 2
 5577 160454 14
 5578 91696 8
 5579 137556 12
 5580 160496 14
 5581 206370 18
 5582 160524 14
 5583 45868 4
 5584 183488 16
 5585 103221 9
 5586 137640 12
 5587 114710 10
 5588 11472 1
 5589 160622 14
 5590 172110 15
 5591 149175 13
 5592 57380 5
 5593 218063 19
 5594 68868 6
 5595 22958 2
 5596 114800 10
 5597 91848 8
 5598 218158 19
 5599 172245 15
 5600 137808 12
 5601 114850 10
 5602 172290 15
 5603 11487 1
 5604 114880 10
 5605 68934 6
 5606 80430 7
 5607 34473 3
 5608 57460 5
 5609 91944 8
 5610 22988 2
 5611 57475 5
 5612 91968 8
 5613 34491 3
 5614 172470 15
 5615 22998 2
 5616 184000 16
 5617 11501 1
 5618 92016 8
 5619 34509 3
 5620 230080 20
 5621 149565 13
 5622 34518 3
 5623 103563 9
 5624 80556 7
 5625 172635 15
 5626 103590 9
 5627 92088 8
 5628 23024 2
 5629 126643 11
 5630 46056 4
 5631 161210 14
 5632 103644 9
 5633 115170 10
 5634 103662 9
 5635 218861 19
 5636 80640 7
 5637 172815 15
 5638 46088 4
 5639 103707 9
 5640 69144 6
 5641 92200 8
 5642 230520 20
 5643 172905 15
 5644 172920 15
 5645 230580 20
 5646 115300 10
 5647 80717 7
 5648 11532 1
 5649 46132 4
 5650 11534 1
 5651 230700 20
 5652 173040 15
 5653 138444 12
 5654 57690 5
 5655 34617 3
 5656 126940 11
 5657 196197 17
 5658 184672 16
 5659 173145 15
 5660 138528 12
 5661 23090 2
 5662 11546 1
 5663 69282 6
 5664 173220 15
 5665 138588 12
 5666 115500 10
 5667 219469 19
 5668 11552 1
 5669 103977 9
 5670 138648 12
 5671 11555 1
 5672 196452 17
 5673 127127 11
 5674 231160 20
 5675 46236 4
 5676 127160 11
 5677 138732 12
 5678 196554 17
 5679 11563 1
 5680 208152 18
 5681 23130 2
 5682 69396 6
 5683 185072 16
 5684 231360 20
 5685 150397 13
 5686 150410 13
 5687 92568 8
 5688 46288 4
 5689 46292 4
 5690 46296 4
 5691 162050 14
 5692 196792 17
 5693 57885 5
 5694 81046 7
 5695 92632 8
 5696 162120 14
 5697 57905 5
 5698 34746 3
 5699 208494 18
 5700 57920 5
 5701 127435 11
 5702 92688 8
 5703 92696 8
 5704 139056 12
 5705 23178 2
 5706 81130 7
 5707 150683 13
 5708 127512 11
 5709 11593 1
 5710 104346 9
 5711 23190 2
 5712 57980 5
 5713 46388 4
 5714 220362 19
 5715 162386 14
 5716 11600 1
 5717 58005 5
 5718 174030 15
 5719 46412 4
 5720 174060 15
 5721 11605 1
 5722 23212 2
 5723 58035 5
 5724 92864 8
 5725 197353 17
 5726 58050 5
 5727 81277 7
 5728 58060 5
 5729 81291 7
 5730 174210 15
 5731 162610 14
 5732 209088 18
 5733 151021 13
 5734 174270 15
 5735 58095 5
 5736 139440 12
 5737 23242 2
 5738 104598 9
 5739 58115 5
 5740 197608 17
 5741 69750 6
 5742 186016 16
 5743 46508 4
 5744 34884 3
 5745 58145 5
 5746 174450 15
 5747 186096 16
 5748 69792 6
 5749 81431 7
 5750 93072 8
 5751 23270 2
 5752 46544 4
 5753 186192 16
 5754 151294 13
 5755 162946 14
 5756 174600 15
 5757 116410 10
 5758 197914 17
 5759 209574 18
 5760 93152 8
 5761 93160 8
 5762 209628 18
 5763 186352 16
 5764 116480 10
 5765 116490 10
 5766 81550 7
 5767 23302 2
 5768 163128 14
 5769 139836 12
 5770 58270 5
 5771 93240 8
 5772 151528 13
 5773 209826 18
 5774 233160 20
 5775 58295 5
 5776 23320 2
 5777 186576 16
 5778 198254 17
 5779 139956 12
 5780 116640 10
 5781 128315 11
 5782 233320 20
 5783 151671 13
 5784 105012 9
 5785 221711 19
 5786 35010 3
 5787 23342 2
 5788 163408 14
 5789 58365 5
 5790 116740 10
 5791 81725 7
 5792 35028 3
 5793 35031 3
 5794 163492 14
 5795 233580 20
 5796 210240 18
 5797 233620 20
 5798 81774 7
 5799 81781 7
 5800 210312 18
 5801 163590 14
 5802 116860 10
 5803 210366 18
 5804 187008 16
 5805 151957 13
 5806 23380 2
 5807 175365 15
 5808 210456 18
 5809 46772 4
 5810 222186 19
 5811 175425 15
 5812 70176 6
 5813 152061 13
 5814 187168 16
 5815 187184 16
 5816 58500 5
 5817 105309 9
 5818 117020 10
 5819 187248 16
 5820 93632 8
 5821 140460 12
 5822 23412 2
 5823 81949 7
 5824 70248 6
 5825 93672 8
 5826 222490 19
 5827 105399 9
 5828 128832 11
 5829 11713 1
 5830 199138 17
 5831 187440 16
 5832 105444 9
 5833 11717 1
 5834 222642 19
 5835 222661 19
 5836 70320 6
 5837 234420 20
 5838 234440 20
 5839 82061 7
 5840 23448 2
 5841 82075 7
 5842 93808 8
 5843 58635 5
 5844 46912 4
 5845 35187 3
 5846 23460 2
 5847 23462 2
 5848 93856 8
 5849 70398 6
 5850 46936 4
 5851 23470 2
 5852 187776 16
 5853 93896 8
 5854 223022 19
 5855 82173 7
 5856 11740 1
 5857 176115 15
 5858 82194 7
 5859 58715 5
 5860 11744 1
 5861 234900 20
 5862 129206 11
 5863 58735 5
 5864 234960 20
 5865 152737 13
 5866 70500 6
 5867 199767 17
 5868 70512 6
 5869 188048 16
 5870 23508 2
 5871 188080 16
 5872 141072 12
 5873 58785 5
 5874 11758 1
 5875 94072 8
 5876 82320 7
 5877 94088 8
 5878 211716 18
 5879 47052 4
 5880 58820 5
 5881 105885 9
 5882 70596 6
 5883 105903 9
 5884 129448 11
 5885 105921 9
111815