627
 1 9405 15
 2 3140 5
 3 8806 14
 4 1260 2
 5 4417 7
 6 8848 14
 7 12027 19
 8 10144 16
 9 4445 7
 10 12720 20
 11 10829 17
 12 6380 10
 13 1278 2
 14 11520 18
 15 8333 13
 16 3852 6
 17 1929 3
 18 12880 20
 19 6450 10
 20 10336 16
 21 647 1
 22 648 1
 23 649 1
 24 3900 6
 25 13020 20
 26 11736 18
 27 5224 8
 28 7194 11
 29 4585 7
 30 5248 8
 31 9855 15
 32 11844 18
 33 1318 2
 34 9240 14
 35 3966 6
 36 4634 7
 37 6630 10
 38 8632 13
 39 9975 15
 40 666 1
 41 4002 6
 42 12024 18
 43 8697 13
 44 8040 12
 45 2684 4
 46 672 1
 47 12114 18
 48 6740 10
 49 8775 13
 50 9464 14
 51 1354 2
 52 7458 11
 53 11543 17
 54 9520 14
 55 4086 6
 56 4774 7
 57 6830 10
 58 4104 6
 59 11645 17
 60 6174 9
 61 8244 12
 62 688 1
 63 13780 20
 64 11730 17
 65 5528 8
 66 3460 5
 67 7623 11
 68 8328 12
 69 13205 19
 70 11832 17
 71 5576 8
 72 11866 17
 73 2796 4
 74 700 1
 75 2804 4
 76 6318 9
 77 5624 8
 78 8448 12
 79 2115 3
 80 1412 2
 81 10605 15
 82 9204 13
 83 5672 8
 84 14200 20
 85 9243 13
 86 1424 2
 87 1426 2
 88 7140 10
 89 14300 20
 90 7876 11
 91 8604 12
 92 7898 11
 93 2876 4
 94 4320 6
 95 5768 8
 96 1444 2
 97 11568 16
 98 13756 19
 99 6525 9
 100 2904 4
 101 14540 20
 102 2184 3
 103 1458 2
 104 5110 7
 105 3655 5
 106 12444 17
 107 2932 4
 108 11744 16
 109 5880 8
 110 9568 13
 111 7370 10
 112 5904 8
 113 2217 3
 114 7400 10
 115 12597 17
 116 11872 16
 117 11888 16
 118 9672 13
 119 5215 7
 120 746 1
 121 13446 18
 122 1496 2
 123 12733 17
 124 12750 17
 125 11265 15
 126 11280 15
 127 1506 2
 128 12818 17
 129 6040 8
 130 1512 2
 131 9084 12
 132 3790 5
 133 13662 18
 134 7600 10
 135 12937 17
 136 13716 18
 137 4578 6
 138 13752 18
 139 12240 16
 140 1532 2
 141 5369 7
 142 3072 4
 143 4614 6
 144 13860 18
 145 10794 14
 146 6948 9
 147 14687 19
 148 8514 11
 149 11625 15
 150 4656 6
 151 1554 2
 152 14782 19
 153 5453 7
 154 14040 18
 155 1562 2
 156 2346 3
 157 10962 14
 158 12544 16
 159 2355 3
 160 3144 4
 161 8657 11
 162 788 1
 163 14202 18
 164 4740 6
 165 7119 9
 166 11088 14
 167 15860 20
 168 6352 8
 169 14310 18
 170 15920 20
 171 12752 16
 172 4788 6
 173 15181 19
 174 8000 10
 175 16020 20
 176 9624 12
 177 10439 13
 178 12864 16
 179 9660 12
 180 13702 17
 181 8877 11
 182 15352 19
 183 11326 14
 184 7290 9
 185 811 1
 186 11368 14
 187 813 1
 188 1628 2
 189 4075 5
 190 6528 8
 191 10621 13
 192 8998 11
 193 6552 8
 194 14760 18
 195 6568 8
 196 2466 3
 197 2469 3
 198 12360 15
 199 16500 20
 200 16520 20
 201 6616 8
 202 14076 17
 203 9119 11
 204 9130 11
 205 831 1
 206 15808 19
 207 4998 6
 208 15012 18
 209 6680 8
 210 8360 10
 211 12555 15
 212 4190 5
 213 2517 3
 214 16800 20
 215 10092 12
 216 15998 19
 217 9273 11
 218 9284 11
 219 5070 6
 220 15228 18
 221 12705 15
 222 10176 12
 223 16131 19
 224 13600 16
 225 11914 14
 226 11076 13
 227 11089 13
 228 10248 12
 229 10260 12
 230 6848 8
 231 17140 20
 232 11154 13
 233 2577 3
 234 12040 14
 235 14637 17
 236 9482 11
 237 11219 13
 238 10368 12
 239 13840 16
 240 15588 18
 241 12138 14
 242 13888 16
 243 13035 15
 244 8700 10
 245 13065 15
 246 872 1
 247 13095 15
 248 5244 6
 249 11375 13
 250 7884 9
 251 10524 12
 252 5268 6
 253 879 1
 254 4400 5
 255 14096 16
 256 882 1
 257 14128 16
 258 5304 6
 259 16815 19
 260 12404 14
 261 15966 18
 262 16872 19
 263 10668 12
 264 4450 5
 265 6237 7
 266 9812 11
 267 10716 12
 268 894 1
 269 1790 2
 270 17024 19
 271 16146 18
 272 898 1
 273 1798 2
 274 6300 7
 275 4505 5
 276 14432 16
 277 16254 18
 278 12656 14
 279 6335 7
 280 11778 13
 281 4535 5
 282 9080 10
 283 17271 19
 284 13650 15
 285 1822 2
 286 10032 11
 287 4565 5
 288 4570 5
 289 11895 13
 290 10076 11
 291 11004 12
 292 7344 8
 293 6433 7
 294 3680 4
 295 12894 14
 296 15674 17
 297 5538 6
 298 6468 7
 299 5550 6
 300 13890 15
 301 12978 14
 302 15776 17
 303 15793 17
 304 6510 7
 305 10241 11
 306 1864 2
 307 10263 11
 308 10274 11
 309 10285 11
 310 7488 8
 311 10307 11
 312 5628 6
 313 18780 20
 314 7520 8
 315 11292 12
 316 7536 8
 317 943 1
 318 5664 6
 319 16065 17
 320 9460 10
 321 8523 9
 322 2844 3
 323 6643 7
 324 19000 20
 325 5706 6
 326 13328 14
 327 17154 18
 328 15264 16
 329 12415 13
 330 4780 5
 331 15312 16
 332 10538 11
 333 18221 19
 334 2880 3
 335 17298 18
 336 7696 8
 337 3852 4
 338 15424 16
 339 15440 16
 340 6762 7
 341 967 1
 342 3872 4
 343 3876 4
 344 10670 11
 345 16507 17
 346 9720 10
 347 5838 6
 348 10714 11
 349 12675 13
 350 4880 5
 351 16609 17
 352 15648 16
 353 9790 10
 354 4900 5
 355 19620 20
 356 16694 17
 357 983 1
 358 11808 12
 359 13790 14
 360 17748 18
 361 6909 7
 362 15808 16
 363 14835 15
 364 990 1
 365 3964 4
 366 19840 20
 367 17874 18
 368 18886 19
 369 19900 20
 370 3984 4
 371 997 1
 372 2994 3
 373 16983 17
 374 7000 7
 375 16016 16
 376 4008 4
 377 19057 19
 378 11044 11
 379 9045 9
 380 20120 20
 381 16112 16
 382 10080 10
 383 6054 6
 384 1010 1
 385 1011 1
 386 17204 17
 387 7091 7
 388 20280 20
 389 17255 17
 390 2032 2
 391 1017 1
 392 11198 11
 393 17323 17
 394 20400 20
 395 11231 11
 396 15330 15
 397 9207 9
 398 9216 9
 399 1025 1
 400 5130 5
 401 15405 15
 402 20560 20
 403 13377 13
 404 4120 4
 405 4124 4
 406 6192 6
 407 1033 1
 408 14476 14
 409 6210 6
 410 6216 6
 411 14518 14
 412 15570 15
 413 12468 12
 414 6240 6
 415 6246 6
 416 7294 7
 417 13559 13
 418 16704 16
 419 16720 16
 420 6276 6
 421 16752 16
 422 11528 11
 423 7343 7
 424 12600 12
 425 1051 1
 426 14728 14
 427 13689 13
 428 10540 10
 429 8440 8
 430 8448 8
 431 19026 18
 432 5290 5
 433 18003 17
 434 9540 9
 435 14854 14
 436 11682 11
 437 11693 11
 438 6384 6
 439 11715 11
 440 12792 12
 441 1067 1
 442 11748 11
 443 16035 15
 444 19260 18
 445 6426 6
 446 18224 17
 447 11803 11
 448 9666 9
 449 5375 5
 450 7532 7
 451 5385 5
 452 6468 6
 453 1079 1
 454 18360 17
 455 14053 13
 456 9738 9
 457 9747 9
 458 1084 1
 459 18445 17
 460 2172 2
 461 2174 2
 462 14144 13
 463 17424 16
 464 8720 8
 465 20729 19
 466 2184 2
 467 6558 6
 468 10940 10
 469 7665 7
 470 2192 2
 471 13164 12
 472 10980 10
 473 16485 15
 474 3300 3
 475 16515 15
 476 19836 18
 477 19854 18
 478 1104 1
 479 13260 12
 480 5530 5
 481 16605 15
 482 4432 4
 483 22180 20
 484 9990 9
 485 4444 4
 486 12232 11
 487 5565 5
 488 13368 12
 489 5575 5
 490 16740 15
 491 13404 12
 492 4472 4
 493 12309 11
 494 20160 18
 495 15694 14
 496 13464 12
 497 15722 14
 498 22480 20
 499 12375 11
 500 13512 12
 501 19159 17
 502 20304 18
 503 3387 3
 504 14690 13
 505 7917 7
 506 6792 6
 507 5665 5
 508 18144 16
 509 2270 2
 510 15904 14
 511 4548 4
 512 1138 1
 513 20502 18
 514 5700 5
 515 1141 1
 516 22840 20
 517 1143 1
 518 13728 12
 519 3435 3
 520 3438 3
 521 6882 6
 522 13776 12
 523 16086 14
 524 23000 20
 525 14963 13
 526 23040 20
 527 19601 17
 528 19618 17
 529 11550 10
 530 20808 18
 531 18512 16
 532 15054 13
 533 5795 5
 534 2320 2
 535 13932 12
 536 18592 16
 537 18608 16
 538 23280 20
 539 13980 12
 540 4664 4
 541 15171 13
 542 9344 8
 543 10521 9
 544 15210 13
 545 9368 8
 546 10548 9
 547 8211 7
 548 21132 18
 549 10575 9
 550 21168 18
 551 9416 8
 552 3534 3
 553 18864 16
 554 20060 17
 555 10629 9
 556 18912 16
 557 17745 15
 558 9472 8
 559 15405 13
 560 17790 15
 561 9496 8
 562 9504 8
 563 10701 9
 564 10710 9
 565 22629 19
 566 15496 13
 567 10737 9
 568 14328 12
 569 22705 19
 570 16744 14
 571 23940 20
 572 22762 19
 573 21582 18
 574 13200 11
 575 22819 19
 576 16828 14
 577 24060 20
 578 6020 5
 579 4820 4
 580 10854 9
 581 1207 1
 582 1208 1
 583 3627 3
 584 16940 14
 585 23009 19
 586 4848 4
 587 8491 7
 588 4856 4
 589 24300 20
 590 9728 8
 591 20689 17
 592 20706 17
 593 14628 12
 594 20740 17
 595 17094 14
 596 24440 20
 597 12230 10
 598 13464 11
 599 17150 14
 600 7356 6
 601 12270 10
 602 15964 13
 603 2458 2
 604 12300 10
 605 22158 18
 606 22176 18
 607 22194 18
 608 1234 1
 609 24700 20
 610 6180 5
 611 12370 10
 612 11142 9
 613 17346 14
 614 14880 12
 615 18615 15
 616 23598 19
 617 3729 3
 618 12440 10
 619 12450 10
 620 9968 8
 621 12470 10
 622 16224 13
 623 7494 6
 624 20000 16
 625 25020 20
 626 5008 4
 627 16289 13
12540