67
 1 1206 18
 2 1020 15
 3 483 7
 4 700 10
 5 1136 16
 6 144 2
 7 1095 15
 8 888 12
 9 375 5
 10 608 8
 11 1540 20
 12 858 11
 13 1027 13
 14 1280 16
 15 1620 20
 16 328 4
 17 1162 14
 18 1680 20
 19 85 1
 20 860 10
 21 522 6
 22 880 10
 23 1068 12
 24 450 5
 25 819 9
 26 184 2
 27 1488 16
 28 188 2
 29 475 5
 30 96 1
 31 194 2
 32 98 1
 33 891 9
 34 1000 10
 35 808 8
 36 918 9
 37 618 6
 38 2080 20
 39 1575 15
 40 1272 12
 41 2140 20
 42 432 4
 43 109 1
 44 1650 15
 45 666 6
 46 784 7
 47 1469 13
 48 570 5
 49 1150 10
 50 2204 19
 51 1638 14
 52 2124 18
 53 2261 19
 54 2040 17
 55 1452 12
 56 1586 13
 57 738 6
 58 1860 15
 59 1750 14
 60 1008 8
 61 381 3
 62 256 2
 63 2193 17
 64 260 2
 65 2620 20
 66 2244 17
 67 665 5
1273