721
 1 8652 12
 2 2888 4
 3 5061 7
 4 1448 2
 5 3625 5
 6 5082 7
 7 13086 18
 8 4368 6
 9 12393 17
 10 4380 6
 11 3655 5
 12 2928 4
 13 4398 6
 14 9542 13
 15 7350 10
 16 6624 9
 17 2948 4
 18 4428 6
 19 11085 15
 20 6660 9
 21 14820 20
 22 12614 17
 23 7430 10
 24 1488 2
 25 2980 4
 26 2238 3
 27 7470 10
 28 11220 15
 29 14980 20
 30 7500 10
 31 12767 17
 32 12032 16
 33 8283 11
 34 5278 7
 35 13590 18
 36 3780 5
 37 2271 3
 38 10612 14
 39 3795 5
 40 12160 16
 41 9893 13
 42 13716 18
 43 3815 5
 44 6876 9
 45 11475 15
 46 14554 19
 47 6903 9
 48 6144 8
 49 9997 13
 50 10780 14
 51 14649 19
 52 10036 13
 53 9276 12
 54 15480 20
 55 7750 10
 56 776 1
 57 12432 16
 58 14004 18
 59 8569 11
 60 780 1
 61 5467 7
 62 5474 7
 63 10179 13
 64 11760 15
 65 10205 13
 66 2358 3
 67 3148 4
 68 15760 20
 69 11835 15
 70 2370 3
 71 14238 18
 72 10296 13
 73 3965 5
 74 3970 5
 75 15900 20
 76 1592 2
 77 15940 20
 78 4788 6
 79 4794 6
 80 9600 12
 81 801 1
 82 4010 5
 83 4015 5
 84 6432 8
 85 15295 19
 86 10478 13
 87 2421 3
 88 12120 15
 89 10517 13
 90 4050 5
 91 15409 19
 92 812 1
 93 12195 15
 94 11396 14
 95 16300 20
 96 11424 14
 97 11438 14
 98 6544 8
 99 16380 20
 100 13120 16
 101 6568 8
 102 822 1
 103 16460 20
 104 11536 14
 105 12375 15
 106 4130 5
 107 13232 16
 108 2484 3
 109 8290 10
 110 3320 4
 111 4986 6
 112 2496 3
 113 1666 2
 114 8340 10
 115 14195 17
 116 2508 3
 117 14229 17
 118 6704 8
 119 10068 12
 120 13440 16
 121 11774 14
 122 6736 8
 123 2529 3
 124 8440 10
 125 10140 12
 126 846 1
 127 4235 5
 128 10176 12
 129 10188 12
 130 4250 5
 131 11914 14
 132 5964 7
 133 15354 18
 134 854 1
 135 9405 11
 136 5136 6
 137 5999 7
 138 16302 19
 139 16321 19
 140 3440 4
 141 11193 13
 142 13792 16
 143 3452 4
 144 6912 8
 145 5190 6
 146 17320 20
 147 8670 10
 148 2604 3
 149 12166 14
 150 7830 9
 151 16549 19
 152 11336 13
 153 11349 13
 154 874 1
 155 15750 18
 156 8760 10
 157 8770 10
 158 5268 6
 159 3516 4
 160 5280 6
 161 17620 20
 162 3528 4
 163 2649 3
 164 6188 7
 165 12390 14
 166 5316 6
 167 7983 9
 168 13320 15
 169 5334 6
 170 5340 6
 171 15147 17
 172 12488 14
 173 7144 8
 174 13410 15
 175 6265 7
 176 10752 12
 177 6279 7
 178 2694 3
 179 16182 18
 180 4500 5
 181 18020 20
 182 18040 20
 183 2709 3
 184 904 1
 185 2715 3
 186 2718 3
 187 907 1
 188 18160 20
 189 9999 11
 190 2730 3
 191 12754 14
 192 6384 7
 193 5478 6
 194 914 1
 195 9150 10
 196 4580 5
 197 10087 11
 198 918 1
 199 11947 13
 200 7360 8
 201 1842 2
 202 13830 15
 203 923 1
 204 12936 14
 205 12025 13
 206 18520 20
 207 11124 12
 208 14848 16
 209 10219 11
 210 3720 4
 211 10241 11
 212 13980 15
 213 11196 12
 214 12142 13
 215 8415 9
 216 7488 8
 217 9370 10
 218 17822 19
 219 7512 8
 220 5640 6
 221 1882 2
 222 3768 4
 223 14145 15
 224 15104 16
 225 18900 20
 226 12298 13
 227 17046 18
 228 7584 8
 229 12337 13
 230 16150 17
 231 9510 10
 232 19040 20
 233 4765 5
 234 18126 19
 235 13370 14
 236 19120 20
 237 4785 5
 238 16286 17
 239 959 1
 240 17280 18
 241 961 1
 242 2886 3
 243 3852 4
 244 18316 19
 245 8685 9
 246 6762 7
 247 7736 8
 248 15488 16
 249 7752 8
 250 18430 19
 251 6797 7
 252 3888 4
 253 2919 3
 254 4870 5
 255 7800 8
 256 18544 19
 257 16609 17
 258 9780 10
 259 7832 8
 260 16660 17
 261 19620 20
 262 2946 3
 263 9830 10
 264 10824 11
 265 7880 8
 266 13804 14
 267 19740 20
 268 9880 10
 269 4945 5
 270 4950 5
 271 19820 20
 272 18848 19
 273 1986 2
 274 10934 11
 275 12935 13
 276 14940 15
 277 6979 7
 278 11976 12
 279 18981 19
 280 8000 8
 281 2002 2
 282 17034 17
 283 20060 20
 284 10040 10
 285 3015 3
 286 12072 12
 287 12084 12
 288 4032 4
 289 13117 13
 290 13130 13
 291 2022 2
 292 20240 20
 293 1013 1
 294 18252 18
 295 7105 7
 296 8128 8
 297 5085 5
 298 14252 14
 299 8152 8
 300 18360 18
 301 6126 6
 302 11242 11
 303 16368 16
 304 2048 2
 305 4100 4
 306 1026 1
 307 15405 15
 308 8224 8
 309 9261 9
 310 12360 12
 311 6186 6
 312 8256 8
 313 1033 1
 314 18612 18
 315 3105 3
 316 5180 5
 317 3111 3
 318 2076 2
 319 19741 19
 320 10400 10
 321 18738 18
 322 4168 4
 323 2086 2
 324 9396 9
 325 1045 1
 326 3138 3
 327 12564 12
 328 8384 8
 329 10490 10
 330 1050 1
 331 2102 2
 332 15780 15
 333 6318 6
 334 11594 11
 335 11605 11
 336 4224 4
 337 7399 7
 338 3174 3
 339 19062 18
 340 6360 6
 341 11671 11
 342 9558 9
 343 4252 4
 344 18088 17
 345 7455 7
 346 7462 7
 347 11737 11
 348 19224 18
 349 20311 19
 350 7490 7
 351 21420 20
 352 5360 5
 353 15022 14
 354 3222 3
 355 11825 11
 356 21520 20
 357 12924 12
 358 6468 6
 359 10790 10
 360 4320 4
 361 5405 5
 362 3246 3
 363 15162 14
 364 19512 18
 365 17360 16
 366 21720 20
 367 19566 18
 368 13056 12
 369 8712 8
 370 5450 5
 371 5455 5
 372 9828 9
 373 13116 12
 374 5470 5
 375 2190 2
 376 1096 1
 377 19746 18
 378 7686 7
 379 15386 14
 380 8800 8
 381 14313 13
 382 18734 17
 383 4412 4
 384 18768 17
 385 13260 12
 386 8848 8
 387 12177 11
 388 14404 13
 389 17744 16
 390 17760 16
 391 17776 16
 392 12232 11
 393 12243 11
 394 21166 19
 395 2230 2
 396 4464 4
 397 14521 13
 398 12298 11
 399 8952 8
 400 11200 10
 401 22420 20
 402 1122 1
 403 12353 11
 404 7868 7
 405 15750 14
 406 18016 16
 407 10143 9
 408 6768 6
 409 14677 13
 410 10170 9
 411 3393 3
 412 5660 5
 413 21527 19
 414 2268 2
 415 19295 17
 416 9088 8
 417 10233 9
 418 2276 2
 419 7973 7
 420 1140 1
 421 13692 12
 422 9136 8
 423 20574 18
 424 19448 17
 425 22900 20
 426 6876 6
 427 13764 12
 428 10332 9
 429 13788 12
 430 10350 9
 431 13812 12
 432 8064 7
 433 10377 9
 434 16156 14
 435 11550 10
 436 17340 15
 437 11570 10
 438 20844 18
 439 12749 11
 440 2320 2
 441 1161 1
 442 19754 17
 443 17445 15
 444 13968 12
 445 2330 2
 446 4664 4
 447 2334 2
 448 2336 2
 449 3507 3
 450 7020 6
 451 15223 13
 452 12892 11
 453 5865 5
 454 5870 5
 455 11750 10
 456 5880 5
 457 16478 14
 458 14136 12
 459 9432 8
 460 14160 12
 461 3543 3
 462 23640 20
 463 20111 17
 464 15392 13
 465 23700 20
 466 2372 2
 467 15431 13
 468 3564 3
 469 10701 9
 470 2380 2
 471 8337 7
 472 20264 17
 473 5965 5
 474 20298 17
 475 1195 1
 476 21528 18
 477 8379 7
 478 14376 12
 479 14388 12
 480 1200 1
 481 4804 4
 482 1202 1
 483 2406 2
 484 12040 10
 485 21690 18
 486 12060 10
 487 14484 12
 488 9664 8
 489 22971 19
 490 4840 4
 491 13321 11
 492 18180 15
 493 23047 19
 494 16996 14
 495 10935 9
 496 7296 6
 497 21906 18
 498 12180 10
 499 4876 4
 500 13420 11
 501 9768 8
 502 9776 8
 503 13453 11
 504 19584 16
 505 24500 20
 506 18390 15
 507 17178 14
 508 15964 13
 509 4916 4
 510 15990 13
 511 6155 5
 512 19712 16
 513 23427 19
 514 16042 13
 515 11115 9
 516 12360 10
 517 21029 17
 518 16094 13
 519 4956 4
 520 9920 8
 521 7446 6
 522 1242 1
 523 11187 9
 524 8708 7
 525 8715 7
 526 16198 13
 527 12470 10
 528 23712 19
 529 19984 16
 530 22500 18
 531 7506 6
 532 21284 17
 533 6265 5
 534 25080 20
 535 1255 1
 536 12560 10
 537 5028 4
 538 22644 18
 539 6295 5
 540 7560 6
 541 5044 4
 542 8834 7
 543 23997 19
 544 16432 13
 545 25300 20
 546 2532 2
 547 19005 15
 548 11412 9
 549 15228 12
 550 20320 16
 551 15252 12
 552 22896 18
 553 20368 16
 554 14014 11
 555 19125 15
 556 11484 9
 557 22986 18
 558 7668 6
 559 12790 10
 560 14080 11
 561 24339 19
 562 20512 16
 563 20528 16
 564 5136 4
 565 3855 3
 566 5144 4
 567 9009 7
 568 19320 15
 569 21913 17
 570 23220 18
 571 5164 4
 572 18088 14
 573 12930 10
 574 25880 20
 575 9065 7
 576 25920 20
 577 23346 18
 578 3894 3
 579 1299 1
 580 5200 4
 581 5204 4
 582 7812 6
 583 9121 7
 584 22168 17
 585 13050 10
 586 18284 14
 587 24833 19
 588 14388 11
 589 18326 14
 590 23580 18
 591 1311 1
 592 1312 1
 593 24947 19
 594 2628 2
 595 2630 2
 596 26320 20
 597 15804 12
 598 14498 11
 599 15828 12
 600 6600 5
 601 26420 20
 602 2644 2
 603 22491 17
 604 1324 1
 605 6625 5
 606 15912 12
 607 9289 7
 608 11952 9
 609 14619 11
 610 26600 20
 611 26620 20
 612 13320 10
 613 10664 8
 614 17342 13
 615 8010 6
 616 20040 15
 617 6685 5
 618 13380 10
 619 2678 2
 620 14740 11
 621 13410 10
 622 21472 16
 623 24174 18
 624 10752 8
 625 13450 10
 626 24228 18
 627 1347 1
 628 26960 20
 629 25631 19
 630 24300 18
 631 21616 16
 632 1352 1
 633 12177 9
 634 21664 16
 635 2710 2
 636 12204 9
 637 8142 6
 638 6790 5
 639 12231 9
 640 24480 18
 641 16332 12
 642 5448 4
 643 13630 10
 644 23188 17
 645 9555 7
 646 23222 17
 647 17771 13
 648 17784 13
 649 1369 1
 650 24660 18
 651 21936 16
 652 20580 15
 653 13730 10
 654 24732 18
 655 13750 10
 656 24768 18
 657 11016 8
 658 5512 4
 659 1379 1
 660 13800 10
 661 15191 11
 662 15202 11
 663 13830 10
 664 26296 19
 665 26315 19
 666 6930 5
 667 16644 12
 668 19432 14
 669 2778 2
 670 5560 4
 671 8346 6
 672 5568 4
 673 1393 1
 674 8364 6
 675 25110 18
 676 19544 14
 677 16764 12
 678 26562 19
 679 20985 15
 680 22400 16
 681 4203 3
 682 21030 15
 683 21045 15
 684 28080 20
 685 14050 10
 686 5624 4
 687 15477 11
 688 15488 11
 689 1409 1
 690 5640 4
 691 26809 19
 692 25416 18
 693 15543 11
 694 1414 1
 695 5660 4
 696 26904 19
 697 19838 14
 698 25524 18
 699 11352 8
 700 11360 8
 701 14210 10
 702 18486 13
 703 24191 17
 704 21360 15
 705 2850 2
 706 17112 12
 707 22832 16
 708 11424 8
 709 1429 1
 710 8580 6
 711 20034 14
 712 7160 5
 713 12897 9
 714 7170 5
 715 5740 4
 716 8616 6
 717 8622 6
 718 18694 13
 719 20146 14
 720 23040 16
 721 20174 14
6489