77
 1 462 6
 2 312 4
 3 948 12
 4 1200 15
 5 972 12
 6 1148 14
 7 83 1
 8 1596 19
 9 425 5
 10 86 1
 11 609 7
 12 352 4
 13 801 9
 14 990 11
 15 364 4
 16 184 2
 17 93 1
 18 846 9
 19 665 7
 20 576 6
 21 1552 16
 22 98 1
 23 396 4
 24 100 1
 25 1515 15
 26 1122 11
 27 2060 20
 28 1560 15
 29 1470 14
 30 1590 15
 31 749 7
 32 756 7
 33 2180 20
 34 2090 19
 35 888 8
 36 112 1
 37 113 1
 38 570 5
 39 920 8
 40 348 3
 41 1287 11
 42 1770 15
 43 1309 11
 44 1800 15
 45 1331 11
 46 1586 13
 47 1107 9
 48 124 1
 49 750 6
 50 2016 16
 51 1651 13
 52 1920 15
 53 1677 13
 54 2080 16
 55 2620 20
 56 2112 16
 57 1995 15
 58 402 3
 59 405 3
 60 1224 9
 61 2466 18
 62 1104 8
 63 1807 13
 64 2240 16
 65 2397 17
 66 852 6
 67 2145 15
 68 720 5
 69 2900 20
 70 438 3
 71 294 2
 72 2220 15
 73 1788 12
 74 750 5
 75 1812 12
 76 1672 11
 77 612 4
1386