829
 1 15751 19
 2 13280 16
 3 7479 9
 4 14976 18
 5 11662 14
 6 11676 14
 7 11690 14
 8 4180 5
 9 8370 10
 10 4190 5
 11 8390 10
 12 14280 17
 13 12615 15
 14 5052 6
 15 16860 20
 16 6752 8
 17 3380 4
 18 6768 8
 19 847 1
 20 6784 8
 21 2547 3
 22 2550 3
 23 1702 2
 24 2556 3
 25 5118 6
 26 8540 10
 27 5985 7
 28 8560 10
 29 13712 16
 30 15444 18
 31 6872 8
 32 3440 4
 33 14637 17
 34 15516 18
 35 6041 7
 36 15552 18
 37 12975 15
 38 11258 13
 39 8670 10
 40 6076 7
 41 10428 12
 42 11310 13
 43 8710 10
 44 4360 5
 45 13968 16
 46 11362 13
 47 17500 20
 48 6132 7
 49 15786 18
 50 5268 6
 51 1758 2
 52 13200 15
 53 12334 14
 54 1764 2
 55 3532 4
 56 5304 6
 57 6195 7
 58 15062 17
 59 11531 13
 60 10656 12
 61 10668 12
 62 12460 14
 63 7128 8
 64 17840 20
 65 9823 11
 66 894 1
 67 14320 16
 68 16128 18
 69 6279 7
 70 12572 14
 71 4495 5
 72 3600 4
 73 10812 12
 74 18040 20
 75 10836 12
 76 16272 18
 77 6335 7
 78 3624 4
 79 14512 16
 80 8172 9
 81 7272 8
 82 9100 10
 83 911 1
 84 3648 4
 85 18260 20
 86 11882 13
 87 18300 20
 88 16488 18
 89 1834 2
 90 18360 20
 91 10109 11
 92 12880 14
 93 9210 10
 94 1844 2
 95 7384 8
 96 15708 17
 97 11100 12
 98 9260 10
 99 18540 20
 100 1856 2
 101 5574 6
 102 10230 11
 103 17689 19
 104 16776 18
 105 13062 14
 106 8406 9
 107 12155 13
 108 6552 7
 109 8433 9
 110 12194 13
 111 9390 10
 112 2820 3
 113 15056 16
 114 15072 16
 115 17917 19
 116 16048 17
 117 9450 10
 118 946 1
 119 15152 16
 120 18960 20
 121 18031 19
 122 9500 10
 123 5706 6
 124 10472 11
 125 19060 20
 126 2862 3
 127 19100 20
 128 14340 15
 129 18183 19
 130 8622 9
 131 15344 16
 132 2880 3
 133 11532 12
 134 16354 17
 135 11556 12
 136 8676 9
 137 18335 19
 138 4830 5
 139 16439 17
 140 968 1
 141 11628 12
 142 970 1
 143 7768 8
 144 2916 3
 145 8757 9
 146 3896 4
 147 7800 8
 148 2928 3
 149 10747 11
 150 1956 2
 151 15664 16
 152 1960 2
 153 11772 12
 154 7856 8
 155 983 1
 156 17712 18
 157 11820 12
 158 15776 16
 159 19740 20
 160 14820 15
 161 14835 15
 162 2970 3
 163 14865 15
 164 17856 18
 165 9930 10
 166 15904 16
 167 15920 16
 168 5976 6
 169 16949 17
 170 7984 8
 171 4995 5
 172 16000 16
 173 9009 9
 174 7014 7
 175 11033 11
 176 17068 17
 177 5025 5
 178 14084 14
 179 19133 19
 180 12096 12
 181 10090 10
 182 4040 4
 183 11121 11
 184 11132 11
 185 18234 18
 186 13182 13
 187 12180 12
 188 14224 14
 189 15255 15
 190 15270 15
 191 1019 1
 192 7140 7
 193 17357 17
 194 8176 8
 195 20460 20
 196 5120 5
 197 9225 9
 198 8208 8
 199 4108 4
 200 2056 2
 201 9261 9
 202 8240 8
 203 7217 7
 204 6192 6
 205 16528 16
 206 7238 7
 207 9315 9
 208 16576 16
 209 19703 19
 210 6228 6
 211 14546 14
 212 10400 10
 213 13533 13
 214 10420 10
 215 9387 9
 216 9396 9
 217 12540 12
 218 20920 20
 219 15705 15
 220 7336 7
 221 18882 18
 222 10500 10
 223 9459 9
 224 16832 16
 225 5265 5
 226 6324 6
 227 21100 20
 228 10560 10
 229 10570 10
 230 7406 7
 231 1059 1
 232 3180 3
 233 5305 5
 234 12744 12
 235 13819 13
 236 21280 20
 237 14910 14
 238 20254 19
 239 18139 17
 240 21360 20
 241 9621 9
 242 7490 7
 243 18207 17
 244 11792 11
 245 4292 4
 246 10740 10
 247 17200 16
 248 8608 8
 249 21540 20
 250 17248 16
 251 2158 2
 252 16200 15
 253 8648 8
 254 21640 20
 255 5415 5
 256 19512 18
 257 18445 17
 258 14118 13
 259 9783 9
 260 13056 12
 261 8712 8
 262 7630 7
 263 21820 20
 264 12012 11
 265 1093 1
 266 1094 1
 267 1095 1
 268 17536 16
 269 9873 9
 270 2196 2
 271 18683 17
 272 18700 17
 273 20919 19
 274 5510 5
 275 7721 7
 276 17664 16
 277 9945 9
 278 11060 10
 279 4428 4
 280 2216 2
 281 9981 9
 282 15540 14
 283 7777 7
 284 1112 1
 285 15582 14
 286 5570 5
 287 16725 15
 288 17856 16
 289 15638 14
 290 7826 7
 291 14547 13
 292 20160 18
 293 6726 6
 294 21318 19
 295 20214 18
 296 17984 16
 297 16875 15
 298 20268 18
 299 16905 15
 300 14664 13
 301 14677 13
 302 3390 3
 303 2262 2
 304 9056 8
 305 22660 20
 306 20412 18
 307 14755 13
 308 15904 14
 309 22740 20
 310 20484 18
 311 4556 4
 312 19380 17
 313 20538 18
 314 18272 16
 315 16002 14
 316 3432 3
 317 6870 6
 318 8022 7
 319 8029 7
 320 19516 17
 321 20682 18
 322 6900 6
 323 9208 8
 324 1152 1
 325 16142 14
 326 8078 7
 327 15015 13
 328 3468 3
 329 1157 1
 330 9264 8
 331 13908 12
 332 23200 20
 333 4644 4
 334 17430 15
 335 3489 3
 336 20952 18
 337 6990 6
 338 5830 5
 339 4668 4
 340 5840 5
 341 22211 19
 342 14040 12
 343 3513 3
 344 4688 4
 345 1173 1
 346 8218 7
 347 1175 1
 348 9408 8
 349 12947 11
 350 22382 19
 351 2358 2
 352 12980 11
 353 20077 17
 354 20094 17
 355 8281 7
 356 10656 9
 357 5925 5
 358 13046 11
 359 20179 17
 360 3564 3
 361 22591 19
 362 11900 10
 363 17865 15
 364 16688 14
 365 17895 15
 366 9552 8
 367 3585 3
 368 10764 9
 369 10773 9
 370 7188 6
 371 13189 11
 372 13200 11
 373 2402 2
 374 1202 1
 375 15639 13
 376 19264 16
 377 16870 14
 378 22914 19
 379 7242 6
 380 13288 11
 381 22971 19
 382 3630 3
 383 8477 7
 384 3636 3
 385 1213 1
 386 8498 7
 387 7290 6
 388 13376 11
 389 4868 4
 390 1218 1
 391 19504 16
 392 8540 7
 393 12210 10
 394 23218 19
 395 20791 17
 396 23256 19
 397 22050 18
 398 17164 14
 399 17178 14
 400 11052 9
 401 24580 20
 402 15990 13
 403 1231 1
 404 18480 15
 405 13563 11
 406 1234 1
 407 14820 12
 408 18540 15
 409 7422 6
 410 11142 9
 411 18585 15
 412 16120 13
 413 19856 16
 414 18630 15
 415 23617 19
 416 7464 6
 417 23655 19
 418 9968 8
 419 22446 18
 420 8736 7
 421 11241 9
 422 12500 10
 423 2502 2
 424 15024 12
 425 6265 5
 426 12540 10
 427 17570 14
 428 20096 16
 429 6285 5
 430 10064 8
 431 10072 8
 432 8820 7
 433 1261 1
 434 21454 17
 435 5052 4
 436 15168 12
 437 2530 2
 438 25320 20
 439 5068 4
 440 22824 18
 441 22842 18
 442 24130 19
 443 2542 2
 444 16536 13
 445 24187 19
 446 1274 1
 447 16575 13
 448 22968 18
 449 14047 11
 450 10224 8
 451 12790 10
 452 8960 7
 453 21777 17
 454 21794 17
 455 5132 4
 456 1284 1
 457 25700 20
 458 12860 10
 459 1287 1
 460 18032 14
 461 15468 12
 462 14190 11
 463 10328 8
 464 10336 8
 465 10344 8
 466 19410 15
 467 24605 19
 468 10368 8
 469 6485 5
 470 22066 17
 471 1299 1
 472 20800 16
 473 10408 8
 474 2604 2
 475 16939 13
 476 9128 7
 477 11745 9
 478 1306 1
 479 15684 12
 480 3924 3
 481 1309 1
 482 10480 8
 483 11799 9
 484 17056 13
 485 2626 2
 486 10512 8
 487 9205 7
 488 6580 5
 489 11853 9
 490 6590 5
 491 15828 12
 492 10560 8
 493 10568 8
 494 10576 8
 495 21168 16
 496 15888 12
 497 25175 19
 498 7956 6
 499 2654 2
 500 5312 4
 501 5316 4
 502 9310 7
 503 7986 6
 504 22644 17
 505 17329 13
 506 20010 15
 507 16020 12
 508 18704 14
 509 26740 20
 510 9366 7
 511 1339 1
 512 25460 19
 513 20115 15
 514 10736 8
 515 12087 9
 516 6720 5
 517 5380 4
 518 2692 2
 519 24246 18
 520 25612 19
 521 17537 13
 522 1350 1
 523 17563 13
 524 8112 6
 525 10824 8
 526 20310 15
 527 5420 4
 528 1356 1
 529 20355 15
 530 21728 16
 531 2718 2
 532 20400 15
 533 9527 7
 534 4086 3
 535 13630 10
 536 25916 19
 537 23205 17
 538 27320 20
 539 16404 12
 540 20520 15
 541 13690 10
 542 26030 19
 543 2742 2
 544 5488 4
 545 26087 19
 546 6870 5
 547 26125 19
 548 11008 8
 549 20655 15
 550 9646 7
 551 17927 13
 552 2760 2
 553 27620 20
 554 9674 7
 555 4149 3
 556 2768 2
 557 24930 18
 558 27720 20
 559 1387 1
 560 22208 16
 561 13890 10
 562 23630 17
 563 18083 13
 564 22272 16
 565 25074 18
 566 20910 15
 567 5580 4
 568 13960 10
 569 20955 15
 570 19572 14
 571 11192 8
 572 5600 4
 573 19614 14
 574 11216 8
 575 18239 13
 576 23868 17
 577 1405 1
 578 14060 10
 579 8442 6
 580 15488 11
 581 14090 10
 582 11280 8
 583 18343 13
 584 24004 17
 585 5652 4
 586 19796 14
 587 15565 11
 588 28320 20
 589 18421 13
 590 1418 1
 591 7095 5
 592 4260 3
 593 9947 7
 594 7110 5
 595 14230 10
 596 15664 11
 597 25650 18
 598 14260 10
 599 12843 9
 600 15708 11
 601 14290 10
 602 24310 17
 603 24327 17
 604 7160 5
 605 4299 3
 606 11472 8
 607 20090 14
 608 18668 13
 609 17244 12
 610 10066 7
 611 23024 16
 612 5760 4
 613 7205 5
 614 1442 1
 615 15873 11
 616 4332 3
 617 21675 15
 618 1446 1
 619 4341 3
 620 24616 17
 621 27531 19
 622 1450 1
 623 27569 19
 624 21780 15
 625 29060 20
 626 15994 11
 627 8730 6
 628 29120 20
 629 5828 4
 630 26244 18
 631 17508 12
 632 18980 13
 633 11688 8
 634 1462 1
 635 2926 2
 636 14640 10
 637 27835 19
 638 5864 4
 639 19071 13
 640 2936 2
 641 16159 11
 642 1470 1
 643 8826 6
 644 13248 9
 645 5892 4
 646 4422 3
 647 19175 13
 648 28044 19
 649 28063 19
 650 22170 15
 651 22185 15
 652 16280 11
 653 8886 6
 654 1482 1
 655 16313 11
 656 28196 19
 657 2970 2
 658 17832 12
 659 13383 9
 660 4464 3
 661 28291 19
 662 11920 8
 663 2982 2
 664 13428 9
 665 19409 13
 666 14940 10
 667 29900 20
 668 20944 14
 669 20958 14
 670 2996 2
 671 7495 5
 672 24000 16
 673 24016 16
 674 1502 1
 675 7515 5
 676 30080 20
 677 18060 12
 678 16566 11
 679 21098 14
 680 25636 17
 681 22635 15
 682 6040 4
 683 18132 12
 684 16632 11
 685 24208 16
 686 24224 16
 687 28785 19
 688 25772 17
 689 28823 19
 690 24288 16
 691 15190 10
 692 12160 8
 693 3042 2
 694 27396 18
 695 22845 15
 696 24384 16
 697 22875 15
 698 28994 19
 699 12216 8
 700 19864 13
 701 12232 8
 702 22950 15
 703 6124 4
 704 27576 18
 705 1533 1
 706 10738 7
 707 15350 10
 708 24576 16
 709 12296 8
 710 9228 6
 711 26163 17
 712 27720 18
 713 27738 18
 714 7710 5
 715 30860 20
 716 30880 20
 717 21630 14
 718 10822 7
 719 21658 14
 720 4644 3
 721 18588 12
 722 15500 10
 723 27918 18
 724 27936 18
 725 15530 10
 726 6216 4
 727 23325 15
 728 21784 14
 729 14013 9
 730 18696 12
 731 24944 16
 732 18720 12
 733 31220 20
 734 21868 14
 735 20319 13
 736 15640 10
 737 25040 16
 738 14094 9
 739 4701 3
 740 12544 8
 741 26673 17
 742 12560 8
 743 7855 5
 744 29868 19
 745 18876 12
 746 12592 8
 747 6300 4
 748 23640 15
 749 22078 14
 750 17358 11
 751 31580 20
 752 28440 18
 753 17391 11
 754 12656 8
 755 12664 8
 756 19008 12
 757 1585 1
 758 25376 16
 759 4761 3
 760 7940 5
 761 25424 16
 762 9540 6
 763 25456 16
 764 3184 2
 765 1593 1
 766 7970 5
 767 17545 11
 768 27132 17
 769 25552 16
 770 28764 18
 771 4797 3
 772 14400 9
 773 16010 10
 774 12816 8
 775 19236 12
 776 11228 7
 777 27285 17
 778 3212 2
 779 9642 6
 780 4824 3
 781 16090 10
 782 22540 14
 783 25776 16
 784 32240 20
 785 8065 5
 786 29052 18
 787 9690 6
 788 24240 15
 789 11319 7
 790 27506 17
 791 25904 16
 792 16200 10
 793 32420 20
 794 25952 16
 795 30837 19
 796 29232 18
 797 3250 2
 798 29268 18
 799 17897 11
 800 32560 20
 801 4887 3
 802 6520 4
 803 4893 3
 804 3264 2
 805 29394 18
 806 29412 18
 807 4905 3
 808 6544 4
 809 22918 14
 810 29484 18
 811 27863 17
 812 31160 19
 813 1641 1
 814 6568 4
 815 27931 17
 816 21372 13
 817 1645 1
 818 11522 7
 819 23058 14
 820 6592 4
 821 28033 17
 822 21450 13
 823 21463 13
 824 13216 8
 825 28101 17
 826 33080 20
 827 21515 13
 828 31464 19
 829 19884 12
5803