89
 1 178 2
 2 90 1
 3 819 9
 4 1564 17
 5 186 2
 6 470 5
 7 1900 20
 8 96 1
 9 97 1
 10 1666 17
 11 1980 20
 12 1600 16
 13 303 3
 14 306 3
 15 721 7
 16 312 3
 17 525 5
 18 530 5
 19 642 6
 20 324 3
 21 1962 18
 22 880 8
 23 1221 11
 24 2128 19
 25 1356 12
 26 912 8
 27 460 4
 28 928 8
 29 2340 20
 30 236 2
 31 357 3
 32 840 7
 33 1815 15
 34 2318 19
 35 1230 10
 36 1612 13
 37 375 3
 38 1890 15
 39 1016 8
 40 2176 17
 41 258 2
 42 130 1
 43 1310 10
 44 528 4
 45 2394 18
 46 1340 10
 47 2430 18
 48 2312 17
 49 1644 12
 50 2208 16
 51 1529 11
 52 2100 15
 53 1128 8
 54 2272 16
 55 2002 14
 56 2880 20
 57 870 6
 58 1168 8
 59 2646 18
 60 1924 13
 61 894 6
 62 1650 11
 63 453 3
 64 2736 18
 65 1530 10
 66 2310 15
 67 1085 7
 68 3120 20
 69 628 4
 70 3002 19
 71 1431 9
 72 960 6
 73 966 6
 74 3240 20
 75 3097 19
 76 1804 11
 77 1485 9
 78 2822 17
 79 501 3
 80 3024 18
 81 2197 13
 82 2040 12
 83 1197 7
 84 2580 15
 85 692 4
 86 1218 7
 87 3325 19
 88 2288 13
 89 354 2
1513