954
 1 3816 4
 2 955 1
 3 956 1
 4 16269 17
 5 13412 14
 6 16303 17
 7 1920 2
 8 10571 11
 9 11544 12
 10 11556 12
 11 7712 8
 12 965 1
 13 1932 2
 14 17406 18
 15 19360 20
 16 15504 16
 17 6790 7
 18 10681 11
 19 1944 2
 20 12649 13
 21 11688 12
 22 12675 13
 23 15616 16
 24 15632 16
 25 1956 2
 26 8811 9
 27 10780 11
 28 14715 15
 29 5892 6
 30 17694 18
 31 6888 7
 32 1970 2
 33 8874 9
 34 987 1
 35 16796 17
 36 6923 7
 37 17820 18
 38 19820 20
 39 10912 11
 40 993 1
 41 7952 8
 42 19900 20
 43 7968 8
 44 10967 11
 45 7984 8
 46 3996 4
 47 9000 9
 48 14014 14
 49 6012 6
 50 9027 9
 51 13052 13
 52 7035 7
 53 14084 14
 54 7049 7
 55 4032 4
 56 8072 8
 57 3030 3
 58 19209 19
 59 18216 18
 60 1013 1
 61 4056 4
 62 5075 5
 63 6096 6
 64 16272 16
 65 6108 6
 66 13247 13
 67 11220 11
 68 18378 18
 69 2044 2
 70 19437 19
 71 7168 7
 72 15375 15
 73 10260 10
 74 12324 12
 75 16448 16
 76 4116 4
 77 8240 8
 78 7217 7
 79 15480 15
 80 3099 3
 81 19646 19
 82 14490 14
 83 4144 4
 84 4148 4
 85 11418 11
 86 9351 9
 87 12480 12
 88 4164 4
 89 19798 19
 90 9387 9
 91 20880 20
 92 11495 11
 93 4184 4
 94 7329 7
 95 8384 8
 96 13637 13
 97 9450 9
 98 6306 6
 99 11572 11
 100 8424 8
 101 8432 8
 102 21100 20
 103 13728 13
 104 6342 6
 105 13754 13
 106 6354 6
 107 11660 11
 108 12732 12
 109 6372 6
 110 19134 18
 111 17024 16
 112 11715 11
 113 19188 18
 114 14938 14
 115 13884 13
 116 2138 2
 117 11770 11
 118 13923 13
 119 3216 3
 120 15022 14
 121 16110 15
 122 19350 18
 123 3228 3
 124 20463 19
 125 15092 14
 126 7553 7
 127 11880 11
 128 7567 7
 129 7574 7
 130 3249 3
 131 17344 16
 132 8680 8
 133 15204 14
 134 14131 13
 135 4352 4
 136 2178 2
 137 21800 20
 138 16365 15
 139 3276 3
 140 8744 8
 141 15316 14
 142 2190 2
 143 9864 9
 144 15358 14
 145 1098 1
 146 17584 16
 147 8800 8
 148 16515 15
 149 9918 9
 150 17648 16
 151 9936 9
 152 8840 8
 153 3318 3
 154 14391 13
 155 13296 12
 156 1109 1
 157 9990 9
 158 18887 17
 159 3336 3
 160 10017 9
 161 11140 10
 162 7805 7
 163 12276 11
 164 4468 4
 165 20124 18
 166 7833 7
 167 5600 5
 168 15694 14
 169 6732 6
 170 13476 12
 171 21356 19
 172 12375 11
 173 19142 17
 174 3381 3
 175 4512 4
 176 16935 15
 177 21470 19
 178 18096 16
 179 5660 5
 180 7931 7
 181 7938 7
 182 22700 20
 183 15904 14
 184 13644 12
 185 13656 12
 186 6834 6
 187 21660 19
 188 19397 17
 189 13704 12
 190 11430 10
 191 14872 13
 192 8015 7
 193 11460 10
 194 5735 5
 195 19516 17
 196 6894 6
 197 20700 18
 198 21869 19
 199 4608 4
 200 16142 14
 201 5770 5
 202 8085 7
 203 19652 17
 204 11570 10
 205 11580 10
 206 1159 1
 207 18560 16
 208 12771 11
 209 9296 8
 210 15119 13
 211 3492 3
 212 5825 5
 213 19822 17
 214 11670 10
 215 7008 6
 216 18704 16
 217 5850 5
 218 16394 14
 219 9376 8
 220 22287 19
 221 19958 17
 222 11750 10
 223 21168 18
 224 14124 12
 225 1178 1
 226 14148 12
 227 20060 17
 228 1181 1
 229 4728 4
 230 13013 11
 231 1184 1
 232 11850 10
 233 20162 17
 234 2374 2
 235 3564 3
 236 10701 9
 237 22610 19
 238 23820 20
 239 21456 18
 240 4772 4
 241 13134 11
 242 22705 19
 243 23920 20
 244 4788 4
 245 14376 12
 246 19184 16
 247 1200 1
 248 19216 16
 249 15626 13
 250 3609 3
 251 13244 11
 252 6025 5
 253 7236 6
 254 14484 12
 255 12080 10
 256 8463 7
 257 15730 13
 258 3633 3
 259 4848 4
 260 8491 7
 261 9712 8
 262 14580 12
 263 7296 6
 264 1217 1
 265 10962 9
 266 23161 19
 267 4880 4
 268 8547 7
 269 7332 6
 270 17122 14
 271 20808 17
 272 6125 5
 273 22068 18
 274 9816 8
 275 14736 12
 276 1229 1
 277 4920 4
 278 1231 1
 279 4928 4
 280 19728 16
 281 22212 18
 282 8645 7
 283 23484 19
 284 9896 8
 285 21046 17
 286 24780 20
 287 14880 12
 288 12410 10
 289 16146 13
 290 11187 9
 291 22392 18
 292 3735 3
 293 17444 14
 294 11223 9
 295 21216 17
 296 1249 1
 297 23750 19
 298 11259 9
 299 23788 19
 300 11277 9
 301 5016 4
 302 12550 10
 303 21352 17
 304 17598 14
 305 12580 10
 306 15108 12
 307 25200 20
 308 15132 12
 309 2524 2
 310 5052 4
 311 11376 9
 312 12650 10
 313 5064 4
 314 6335 5
 315 20288 16
 316 5076 4
 317 22860 18
 318 8897 7
 319 24168 19
 320 10184 8
 321 21658 17
 322 3825 3
 323 7656 6
 324 6385 5
 325 19170 15
 326 11511 9
 327 7680 6
 328 17934 14
 329 20512 16
 330 23094 18
 331 7704 6
 332 15420 12
 333 11574 9
 334 16731 13
 335 1288 1
 336 20624 16
 337 10320 8
 338 18074 14
 339 19380 15
 340 9051 7
 341 2588 2
 342 1295 1
 343 12960 10
 344 7782 6
 345 25960 20
 346 24681 19
 347 18200 14
 348 6505 5
 349 7812 6
 350 19545 15
 351 20864 16
 352 1305 1
 353 16978 13
 354 11763 9
 355 1308 1
 356 6545 5
 357 17030 13
 358 10488 8
 359 10496 8
 360 13130 10
 361 13140 10
 362 26300 20
 363 19740 15
 364 21072 16
 365 19770 15
 366 18466 14
 367 11880 9
 368 18494 14
 369 18508 14
 370 3969 3
 371 11916 9
 372 22525 17
 373 5304 4
 374 14597 11
 375 9296 7
 376 19935 15
 377 21280 16
 378 15972 12
 379 22644 17
 380 11997 9
 381 9338 7
 382 12015 9
 383 21376 16
 384 13370 10
 385 4014 3
 386 9373 7
 387 17420 13
 388 25479 19
 389 16104 12
 390 14773 11
 391 25536 19
 392 1345 1
 393 16152 12
 394 25593 19
 395 17524 13
 396 18886 14
 397 6750 5
 398 1351 1
 399 10816 8
 400 17589 13
 401 8124 6
 402 16260 12
 403 27120 20
 404 2714 2
 405 24444 18
 406 14949 11
 407 1360 1
 408 16332 12
 409 1362 1
 410 17719 13
 411 10912 8
 412 12285 9
 413 12294 9
 414 20505 15
 415 27360 20
 416 12321 9
 417 13700 10
 418 21936 16
 419 26068 19
 420 15103 11
 421 26106 19
 422 4125 3
 423 16512 12
 424 22032 16
 425 17914 13
 426 9653 7
 427 23460 17
 428 5524 4
 429 1382 1
 430 19362 14
 431 19376 14
 432 13850 10
 433 16632 12
 434 11096 8
 435 12492 9
 436 1389 1
 437 9730 7
 438 27820 20
 439 9744 7
 440 2786 2
 441 12546 9
 442 25110 18
 443 26524 19
 444 5588 4
 445 4194 3
 446 6995 5
 447 23800 17
 448 1401 1
 449 23834 17
 450 19642 14
 451 28080 20
 452 4215 3
 453 15466 11
 454 26733 19
 455 16896 12
 456 4227 3
 457 28200 20
 458 7055 5
 459 16944 12
 460 4239 3
 461 19796 14
 462 19810 14
 463 1416 1
 464 18421 13
 465 21270 15
 466 7095 5
 467 26980 19
 468 2842 2
 469 22752 16
 470 8538 6
 471 7120 5
 472 28500 20
 473 22816 16
 474 9989 7
 475 5712 4
 476 25722 18
 477 20020 14
 478 10017 7
 479 15752 11
 480 28660 20
 481 20076 14
 482 8610 6
 483 11488 8
 484 15807 11
 485 25884 18
 486 28780 20
 487 21600 15
 488 20174 14
 489 4326 3
 490 17316 12
 491 27436 19
 492 24565 17
 493 10122 7
 494 11576 8
 495 4344 3
 496 7245 5
 497 14500 10
 498 1451 1
 499 4356 3
 500 11624 8
 501 11632 8
 502 29100 20
 503 1456 1
 504 5828 4
 505 5832 4
 506 1459 1
 507 26280 18
 508 14610 10
 509 27778 19
 510 7315 5
 511 13176 9
 512 26370 18
 513 24922 17
 514 1467 1
 515 13212 9
 516 24973 17
 517 5880 4
 518 25007 17
 519 17664 12
 520 14730 10
 521 17688 12
 522 20650 14
 523 28044 19
 524 11816 8
 525 4434 3
 526 4437 3
 527 29600 20
 528 26658 18
 529 11856 8
 530 26694 18
 531 20776 14
 532 5940 4
 533 16346 11
 534 7435 5
 535 2976 2
 536 14890 10
 537 23840 16
 538 11928 8
 539 29840 20
 540 17916 12
 541 10458 7
 542 22425 15
 543 22440 15
 544 25449 17
 545 17976 12
 546 28481 19
 547 16500 11
 548 13509 9
 549 12016 8
 550 6012 4
 551 1504 1
 552 27090 18
 553 4518 3
 554 1507 1
 555 30160 20
 556 9054 6
 557 7550 5
 558 4533 3
 559 10584 7
 560 1513 1
 561 24224 16
 562 13635 9
 563 4548 3
 564 7585 5
 565 19734 13
 566 25823 17
 567 4560 3
 568 3042 2
 569 19786 13
 570 19799 13
 571 28956 19
 572 16775 11
 573 15260 10
 574 10689 7
 575 27504 18
 576 30580 20
 577 22950 15
 578 12248 8
 579 10724 7
 580 7665 5
 581 27612 18
 582 18420 12
 583 1536 1
 584 16907 11
 585 1538 1
 586 9234 6
 587 29260 19
 588 10787 7
 589 7710 5
 590 16973 11
 591 10808 7
 592 1545 1
 593 3092 2
 594 4641 3
 595 4644 3
 596 6196 4
 597 12400 8
 598 13959 9
 599 12416 8
 600 20189 13
 601 26418 17
 602 17105 11
 603 29564 19
 604 7785 5
 605 10906 7
 606 1559 1
 607 26520 17
 608 29659 19
 609 3124 2
 610 18756 12
 611 7820 5
 612 21910 14
 613 21924 14
 614 18804 12
 615 28224 18
 616 14121 9
 617 6280 4
 618 7855 5
 619 12576 8
 620 20449 13
 621 29906 19
 622 31500 20
 623 28368 18
 624 23655 15
 625 20514 13
 626 30001 19
 627 17380 11
 628 1581 1
 629 22148 14
 630 7915 5
 631 19008 12
 632 7925 5
 633 1586 1
 634 1587 1
 635 19056 12
 636 12712 8
 637 31800 20
 638 7955 5
 639 19104 12
 640 20709 13
 641 11158 7
 642 22330 14
 643 12768 8
 644 6388 4
 645 28764 18
 646 6396 4
 647 8000 5
 648 3202 2
 649 32040 20
 650 16030 10
 651 8020 5
 652 32100 20
 653 20878 13
 654 6428 4
 655 16080 10
 656 3218 2
 657 6440 4
 658 8055 5
 659 11284 7
 660 19356 12
 661 16140 10
 662 22610 14
 663 3232 2
 664 29106 18
 665 6472 4
 666 32380 20
 667 24300 15
 668 3242 2
 669 1622 1
 670 25968 16
 671 32480 20
 672 13000 8
 673 1626 1
 674 11389 7
 675 4884 3
 676 4887 3
 677 30970 19
 678 14679 9
 679 3264 2
 680 4899 3
 681 3268 2
 682 3270 2
 683 26176 16
 684 3274 2
 685 16380 10
 686 13112 8
 687 3280 2
 688 22974 14
 689 1642 1
 690 23002 14
 691 18084 11
 692 1645 1
 693 32920 20
 694 16470 10
 695 28016 17
 696 18139 11
 697 26400 16
 698 28067 17
 699 28084 17
 700 11571 7
 701 11578 7
 702 18205 11
 703 24840 15
 704 18227 11
 705 8290 5
 706 11613 7
 707 14940 9
 708 8305 5
 709 1662 1
 710 9978 6
 711 4992 3
 712 8325 5
 713 9996 6
 714 26672 16
 715 23352 14
 716 5007 3
 717 33400 20
 718 30078 18
 719 16720 10
 720 31787 19
 721 18414 11
 722 18425 11
 723 20112 12
 724 3354 2
 725 1678 1
 726 6716 4
 727 18480 11
 728 21853 13
 729 23548 14
 730 16830 10
 731 23576 14
 732 30330 18
 733 16860 10
 734 8435 5
 735 27008 16
 736 8445 5
 737 13520 8
 738 33820 20
 739 23688 14
 740 15237 9
 741 28798 17
 742 33900 20
 743 33920 20
 744 10182 6
 745 10188 6
 746 3398 2
 747 17000 10
 748 23814 14
 749 23828 14
 750 20436 12
 751 6816 4
 752 6820 4
 753 23884 14
 754 18777 11
 755 32452 19
 756 23926 14
 757 23940 14
 758 3422 2
 759 6848 4
 760 15417 9
 761 20568 12
 762 22295 13
 763 18876 11
 764 3434 2
 765 10308 6
 766 1719 1
 767 24080 14
 768 30978 18
 769 18942 11
 770 32737 19
 771 34480 20
 772 32775 19
 773 13808 8
 774 32813 19
 775 17280 10
 776 1729 1
 777 29410 17
 778 20772 12
 779 3464 2
 780 10398 6
 781 3468 2
 782 12145 7
 783 12152 7
 784 5211 3
 785 22594 13
 786 6956 4
 787 29580 17
 788 8705 5
 789 29614 17
 790 34860 20
 791 12208 7
 792 34900 20
 793 29682 17
 794 15723 9
 795 5244 3
 796 10494 6
 797 3500 2
 798 12257 7
 799 26280 15
 800 19283 11
 801 33326 19
 802 29835 17
 803 8780 5
 804 33383 19
 805 7032 4
 806 19349 11
 807 35200 20
 808 3522 2
 809 31716 18
 810 8815 5
 811 19404 11
 812 24710 14
 813 19426 11
 814 10602 6
 815 8840 5
 816 22997 13
 817 23010 13
 818 21252 12
 819 19492 11
 820 28368 16
 821 14192 8
 822 28400 16
 823 12432 7
 824 31986 18
 825 16002 9
 826 33801 19
 827 12460 7
 828 10686 6
 829 23166 13
 830 17830 10
 831 17840 10
 832 33915 19
 833 23218 13
 834 5361 3
 835 32184 18
 836 5367 3
 837 23270 13
 838 14328 8
 839 14336 8
 840 7172 4
 841 10764 6
 842 5385 3
 843 21552 12
 844 23361 13
 845 17980 10
 846 35980 20
 847 16200 9
 848 25214 14
 849 12614 7
 850 19833 11
 851 3608 2
 852 21660 12
 853 7224 4
 854 23491 13
 855 16272 9
 856 18090 10
 857 36200 20
 858 16299 9
 859 28992 16
 860 14504 8
 861 9070 5
 862 3630 2
 863 23608 13
 864 7268 4
 865 34542 19
 866 7276 4
 867 29120 16
 868 5463 3
 869 1822 1
 870 10938 6
 871 36480 20
 872 31025 17
 873 1826 1
 874 16443 9
 875 14624 8
 876 32922 18
 877 21960 12
 878 5493 3
 879 29312 16
 880 34827 19
 881 5502 3
 882 5505 3
 883 25704 14
 884 36740 20
 885 29408 16
 886 7356 4
 887 9200 5
 888 5523 3
 889 12894 7
 890 25802 14
 891 16596 9
 892 20295 11
 893 12922 7
 894 31399 17
 895 7392 4
 896 3698 2
 897 7400 4
 898 27765 15
 899 14816 8
 900 20383 11
 901 3708 2
 902 20405 11
 903 14848 8
 904 16713 9
 905 3716 2
 906 33462 18
 907 5580 3
 908 14888 8
 909 14896 8
 910 27945 15
 911 11184 6
 912 18650 10
 913 22392 12
 914 35473 19
 915 22416 12
 916 9345 5
 917 13090 7
 918 1871 1
 919 11232 6
 920 3746 2
 921 37480 20
 922 30000 16
 923 3752 2
 924 16893 9
 925 33804 18
 926 37580 20
 927 9400 5
 928 13167 7
 929 11292 6
 930 9415 5
 931 32028 17
 932 5655 3
 933 32062 17
 934 26418 14
 935 9440 5
 936 28335 15
 937 30240 16
 938 24583 13
 939 37840 20
 940 1893 1
 941 20834 11
 942 18950 10
 943 13272 7
 944 28455 15
 945 37960 20
 946 15192 8
 947 22800 12
 948 22812 12
 949 36138 19
 950 38060 20
 951 24752 13
 952 32385 17
 953 1906 1
 954 38140 20
13356