102
 1 1836 18
 2 816 8
 3 1122 11
 4 1836 18
 5 204 2
 6 204 2
 7 2040 20
 8 306 3
 9 1938 19
 10 2040 20
 11 2040 20
 12 816 8
 13 306 3
 14 1428 14
 15 612 6
 16 408 4
 17 408 4
 18 1938 19
 19 1122 11
 20 1326 13
 21 918 9
 22 306 3
 23 1224 12
 24 1224 12
 25 918 9
 26 1122 11
 27 612 6
 28 1224 12
 29 1530 15
 30 1938 19
 31 1020 10
 32 1326 13
 33 510 5
 34 1428 14
 35 1428 14
 36 1734 17
 37 306 3
 38 612 6
 39 1428 14
 40 816 8
 41 1836 18
 42 1836 18
 43 1938 19
 44 1326 13
 45 612 6
 46 2040 20
 47 510 5
 48 102 1
 49 408 4
 50 408 4
 51 204 2
 52 1734 17
 53 2040 20
 54 918 9
 55 510 5
 56 204 2
 57 306 3
 58 1224 12
 59 102 1
 60 408 4
 61 510 5
 62 1632 16
 63 1938 19
 64 510 5
 65 918 9
 66 102 1
 67 1224 12
 68 1734 17
 69 1938 19
 70 102 1
 71 1326 13
 72 714 7
 73 204 2
 74 1734 17
 75 1326 13
 76 1326 13
 77 204 2
 78 306 3
 79 1632 16
 80 1428 14
 81 918 9
 82 204 2
 83 204 2
 84 1632 16
 85 1734 17
 86 1020 10
 87 612 6
 88 102 1
 89 816 8
 90 204 2
 91 1530 15
 92 102 1
 93 1938 19
 94 1734 17
 95 714 7
 96 1836 18
 97 612 6
 98 1836 18
 99 1326 13
 100 714 7
 101 1734 17
 102 1428 14
816