1097
 1 15358 14
 2 13164 12
 3 13164 12
 4 1097 1
 5 7679 7
 6 21940 20
 7 6582 6
 8 7679 7
 9 20843 19
 10 12067 11
 11 10970 10
 12 12067 11
 13 10970 10
 14 5485 5
 15 5485 5
 16 19746 18
 17 21940 20
 18 21940 20
 19 1097 1
 20 18649 17
 21 3291 3
 22 4388 4
 23 2194 2
 24 18649 17
 25 14261 13
 26 2194 2
 27 6582 6
 28 15358 14
 29 12067 11
 30 13164 12
 31 13164 12
 32 17552 16
 33 14261 13
 34 9873 9
 35 21940 20
 36 15358 14
 37 20843 19
 38 13164 12
 39 17552 16
 40 17552 16
 41 16455 15
 42 15358 14
 43 4388 4
 44 8776 8
 45 14261 13
 46 14261 13
 47 1097 1
 48 2194 2
 49 6582 6
 50 8776 8
 51 19746 18
 52 4388 4
 53 6582 6
 54 7679 7
 55 10970 10
 56 17552 16
 57 9873 9
 58 4388 4
 59 12067 11
 60 13164 12
 61 5485 5
 62 15358 14
 63 6582 6
 64 9873 9
 65 21940 20
 66 10970 10
 67 2194 2
 68 13164 12
 69 17552 16
 70 9873 9
 71 13164 12
 72 4388 4
 73 16455 15
 74 6582 6
 75 2194 2
 76 9873 9
 77 9873 9
 78 12067 11
 79 13164 12
 80 16455 15
 81 18649 17
 82 10970 10
 83 16455 15
 84 16455 15
 85 10970 10
 86 9873 9
 87 8776 8
 88 1097 1
 89 18649 17
 90 12067 11
 91 7679 7
 92 9873 9
 93 1097 1
 94 17552 16
 95 18649 17
 96 8776 8
 97 6582 6
 98 3291 3
 99 9873 9
 100 9873 9
 101 10970 10
 102 10970 10
 103 8776 8
 104 2194 2
 105 9873 9
 106 18649 17
 107 13164 12
 108 13164 12
 109 10970 10
 110 6582 6
 111 3291 3
 112 10970 10
 113 10970 10
 114 21940 20
 115 9873 9
 116 9873 9
 117 9873 9
 118 20843 19
 119 7679 7
 120 2194 2
 121 4388 4
 122 3291 3
 123 12067 11
 124 19746 18
 125 20843 19
 126 13164 12
 127 10970 10
 128 5485 5
 129 4388 4
 130 4388 4
 131 16455 15
 132 13164 12
 133 18649 17
 134 1097 1
 135 8776 8
 136 1097 1
 137 12067 11
 138 5485 5
 139 4388 4
 140 8776 8
 141 3291 3
 142 5485 5
 143 15358 14
 144 15358 14
 145 6582 6
 146 14261 13
 147 10970 10
 148 14261 13
 149 1097 1
 150 8776 8
 151 12067 11
 152 5485 5
 153 12067 11
 154 15358 14
 155 20843 19
 156 5485 5
 157 15358 14
 158 14261 13
 159 1097 1
 160 9873 9
 161 5485 5
 162 10970 10
 163 17552 16
 164 1097 1
 165 5485 5
 166 19746 18
 167 18649 17
 168 4388 4
 169 1097 1
 170 12067 11
 171 10970 10
 172 6582 6
 173 7679 7
 174 4388 4
 175 1097 1
 176 15358 14
 177 6582 6
 178 16455 15
 179 17552 16
 180 5485 5
 181 1097 1
 182 1097 1
 183 3291 3
 184 14261 13
 185 20843 19
 186 1097 1
 187 13164 12
 188 19746 18
 189 16455 15
 190 18649 17
 191 17552 16
 192 19746 18
 193 13164 12
 194 18649 17
 195 19746 18
 196 6582 6
 197 1097 1
 198 10970 10
 199 1097 1
 200 3291 3
 201 2194 2
 202 12067 11
 203 6582 6
 204 1097 1
 205 6582 6
 206 8776 8
 207 2194 2
 208 10970 10
 209 4388 4
 210 16455 15
 211 12067 11
 212 20843 19
 213 1097 1
 214 8776 8
 215 21940 20
 216 7679 7
 217 18649 17
 218 16455 15
 219 13164 12
 220 6582 6
 221 18649 17
 222 1097 1
 223 8776 8
 224 19746 18
 225 20843 19
 226 13164 12
 227 5485 5
 228 7679 7
 229 16455 15
 230 21940 20
 231 16455 15
 232 8776 8
 233 9873 9
 234 7679 7
 235 20843 19
 236 2194 2
 237 10970 10
 238 9873 9
 239 6582 6
 240 9873 9
 241 15358 14
 242 7679 7
 243 10970 10
 244 20843 19
 245 5485 5
 246 21940 20
 247 10970 10
 248 6582 6
 249 1097 1
 250 8776 8
 251 7679 7
 252 6582 6
 253 7679 7
 254 2194 2
 255 1097 1
 256 8776 8
 257 15358 14
 258 5485 5
 259 15358 14
 260 15358 14
 261 16455 15
 262 17552 16
 263 10970 10
 264 4388 4
 265 21940 20
 266 18649 17
 267 1097 1
 268 14261 13
 269 21940 20
 270 12067 11
 271 10970 10
 272 7679 7
 273 1097 1
 274 20843 19
 275 18649 17
 276 19746 18
 277 1097 1
 278 4388 4
 279 17552 16
 280 21940 20
 281 2194 2
 282 12067 11
 283 18649 17
 284 10970 10
 285 14261 13
 286 21940 20
 287 3291 3
 288 18649 17
 289 13164 12
 290 8776 8
 291 9873 9
 292 18649 17
 293 21940 20
 294 10970 10
 295 15358 14
 296 6582 6
 297 7679 7
 298 7679 7
 299 19746 18
 300 12067 11
 301 20843 19
 302 21940 20
 303 5485 5
 304 20843 19
 305 8776 8
 306 14261 13
 307 12067 11
 308 15358 14
 309 7679 7
 310 16455 15
 311 17552 16
 312 3291 3
 313 12067 11
 314 16455 15
 315 10970 10
 316 4388 4
 317 8776 8
 318 6582 6
 319 15358 14
 320 19746 18
 321 6582 6
 322 14261 13
 323 18649 17
 324 5485 5
 325 16455 15
 326 8776 8
 327 8776 8
 328 4388 4
 329 5485 5
 330 8776 8
 331 14261 13
 332 4388 4
 333 3291 3
 334 19746 18
 335 1097 1
 336 8776 8
 337 17552 16
 338 16455 15
 339 18649 17
 340 1097 1
 341 12067 11
 342 17552 16
 343 14261 13
 344 14261 13
 345 9873 9
 346 6582 6
 347 7679 7
 348 19746 18
 349 6582 6
 350 4388 4
 351 21940 20
 352 20843 19
 353 12067 11
 354 6582 6
 355 14261 13
 356 17552 16
 357 12067 11
 358 19746 18
 359 13164 12
 360 18649 17
 361 14261 13
 362 17552 16
 363 16455 15
 364 6582 6
 365 10970 10
 366 3291 3
 367 12067 11
 368 7679 7
 369 18649 17
 370 19746 18
 371 1097 1
 372 17552 16
 373 2194 2
 374 7679 7
 375 21940 20
 376 1097 1
 377 21940 20
 378 16455 15
 379 20843 19
 380 18649 17
 381 12067 11
 382 3291 3
 383 14261 13
 384 8776 8
 385 12067 11
 386 13164 12
 387 3291 3
 388 1097 1
 389 2194 2
 390 2194 2
 391 1097 1
 392 3291 3
 393 13164 12
 394 18649 17
 395 10970 10
 396 1097 1
 397 8776 8
 398 8776 8
 399 12067 11
 400 10970 10
 401 5485 5
 402 12067 11
 403 6582 6
 404 17552 16
 405 1097 1
 406 1097 1
 407 2194 2
 408 12067 11
 409 1097 1
 410 5485 5
 411 6582 6
 412 9873 9
 413 15358 14
 414 17552 16
 415 12067 11
 416 13164 12
 417 1097 1
 418 20843 19
 419 6582 6
 420 4388 4
 421 8776 8
 422 8776 8
 423 3291 3
 424 8776 8
 425 7679 7
 426 20843 19
 427 17552 16
 428 20843 19
 429 5485 5
 430 18649 17
 431 15358 14
 432 4388 4
 433 5485 5
 434 18649 17
 435 16455 15
 436 4388 4
 437 1097 1
 438 19746 18
 439 15358 14
 440 5485 5
 441 18649 17
 442 12067 11
 443 6582 6
 444 21940 20
 445 6582 6
 446 8776 8
 447 4388 4
 448 17552 16
 449 17552 16
 450 13164 12
 451 14261 13
 452 16455 15
 453 20843 19
 454 5485 5
 455 21940 20
 456 19746 18
 457 1097 1
 458 1097 1
 459 13164 12
 460 8776 8
 461 1097 1
 462 9873 9
 463 10970 10
 464 14261 13
 465 1097 1
 466 2194 2
 467 14261 13
 468 7679 7
 469 5485 5
 470 10970 10
 471 5485 5
 472 3291 3
 473 19746 18
 474 5485 5
 475 1097 1
 476 18649 17
 477 9873 9
 478 2194 2
 479 3291 3
 480 20843 19
 481 12067 11
 482 3291 3
 483 19746 18
 484 19746 18
 485 9873 9
 486 3291 3
 487 15358 14
 488 18649 17
 489 6582 6
 490 4388 4
 491 10970 10
 492 21940 20
 493 3291 3
 494 6582 6
 495 19746 18
 496 9873 9
 497 3291 3
 498 10970 10
 499 12067 11
 500 7679 7
 501 1097 1
 502 20843 19
 503 15358 14
 504 15358 14
 505 6582 6
 506 9873 9
 507 19746 18
 508 6582 6
 509 4388 4
 510 19746 18
 511 9873 9
 512 17552 16
 513 18649 17
 514 16455 15
 515 19746 18
 516 18649 17
 517 9873 9
 518 8776 8
 519 9873 9
 520 3291 3
 521 8776 8
 522 14261 13
 523 20843 19
 524 15358 14
 525 1097 1
 526 21940 20
 527 10970 10
 528 14261 13
 529 2194 2
 530 4388 4
 531 21940 20
 532 9873 9
 533 3291 3
 534 20843 19
 535 10970 10
 536 15358 14
 537 6582 6
 538 20843 19
 539 6582 6
 540 12067 11
 541 20843 19
 542 2194 2
 543 13164 12
 544 18649 17
 545 8776 8
 546 9873 9
 547 20843 19
 548 5485 5
 549 14261 13
 550 3291 3
 551 16455 15
 552 16455 15
 553 20843 19
 554 18649 17
 555 21940 20
 556 19746 18
 557 20843 19
 558 3291 3
 559 19746 18
 560 16455 15
 561 17552 16
 562 2194 2
 563 15358 14
 564 20843 19
 565 19746 18
 566 4388 4
 567 18649 17
 568 6582 6
 569 2194 2
 570 16455 15
 571 3291 3
 572 2194 2
 573 4388 4
 574 20843 19
 575 7679 7
 576 8776 8
 577 12067 11
 578 16455 15
 579 20843 19
 580 16455 15
 581 19746 18
 582 8776 8
 583 1097 1
 584 4388 4
 585 9873 9
 586 21940 20
 587 6582 6
 588 18649 17
 589 18649 17
 590 10970 10
 591 18649 17
 592 6582 6
 593 9873 9
 594 7679 7
 595 2194 2
 596 15358 14
 597 12067 11
 598 5485 5
 599 1097 1
 600 20843 19
 601 15358 14
 602 14261 13
 603 9873 9
 604 14261 13
 605 15358 14
 606 8776 8
 607 10970 10
 608 20843 19
 609 12067 11
 610 3291 3
 611 9873 9
 612 6582 6
 613 3291 3
 614 4388 4
 615 8776 8
 616 6582 6
 617 18649 17
 618 17552 16
 619 9873 9
 620 2194 2
 621 10970 10
 622 13164 12
 623 3291 3
 624 20843 19
 625 4388 4
 626 19746 18
 627 15358 14
 628 5485 5
 629 13164 12
 630 21940 20
 631 18649 17
 632 2194 2
 633 13164 12
 634 9873 9
 635 16455 15
 636 5485 5
 637 17552 16
 638 9873 9
 639 2194 2
 640 8776 8
 641 9873 9
 642 21940 20
 643 15358 14
 644 14261 13
 645 20843 19
 646 4388 4
 647 5485 5
 648 18649 17
 649 8776 8
 650 21940 20
 651 18649 17
 652 20843 19
 653 4388 4
 654 4388 4
 655 17552 16
 656 16455 15
 657 13164 12
 658 5485 5
 659 13164 12
 660 4388 4
 661 3291 3
 662 16455 15
 663 7679 7
 664 17552 16
 665 1097 1
 666 20843 19
 667 12067 11
 668 9873 9
 669 2194 2
 670 8776 8
 671 12067 11
 672 12067 11
 673 6582 6
 674 10970 10
 675 21940 20
 676 16455 15
 677 17552 16
 678 12067 11
 679 18649 17
 680 1097 1
 681 20843 19
 682 19746 18
 683 4388 4
 684 14261 13
 685 15358 14
 686 14261 13
 687 9873 9
 688 15358 14
 689 8776 8
 690 19746 18
 691 6582 6
 692 7679 7
 693 5485 5
 694 14261 13
 695 10970 10
 696 21940 20
 697 10970 10
 698 21940 20
 699 1097 1
 700 12067 11
 701 19746 18
 702 2194 2
 703 2194 2
 704 18649 17
 705 18649 17
 706 2194 2
 707 18649 17
 708 13164 12
 709 14261 13
 710 2194 2
 711 21940 20
 712 8776 8
 713 8776 8
 714 7679 7
 715 3291 3
 716 5485 5
 717 10970 10
 718 13164 12
 719 13164 12
 720 2194 2
 721 13164 12
 722 6582 6
 723 4388 4
 724 10970 10
 725 6582 6
 726 10970 10
 727 7679 7
 728 5485 5
 729 2194 2
 730 8776 8
 731 20843 19
 732 15358 14
 733 18649 17
 734 10970 10
 735 4388 4
 736 5485 5
 737 12067 11
 738 1097 1
 739 9873 9
 740 17552 16
 741 15358 14
 742 12067 11
 743 21940 20
 744 7679 7
 745 20843 19
 746 9873 9
 747 15358 14
 748 17552 16
 749 20843 19
 750 6582 6
 751 1097 1
 752 1097 1
 753 3291 3
 754 13164 12
 755 12067 11
 756 20843 19
 757 8776 8
 758 17552 16
 759 13164 12
 760 7679 7
 761 4388 4
 762 5485 5
 763 6582 6
 764 4388 4
 765 8776 8
 766 14261 13
 767 16455 15
 768 16455 15
 769 15358 14
 770 7679 7
 771 18649 17
 772 15358 14
 773 10970 10
 774 16455 15
 775 12067 11
 776 8776 8
 777 4388 4
 778 7679 7
 779 3291 3
 780 18649 17
 781 2194 2
 782 6582 6
 783 12067 11
 784 12067 11
 785 17552 16
 786 14261 13
 787 16455 15
 788 4388 4
 789 7679 7
 790 8776 8
 791 5485 5
 792 13164 12
 793 5485 5
 794 3291 3
 795 17552 16
 796 13164 12
 797 4388 4
 798 14261 13
 799 7679 7
 800 3291 3
 801 3291 3
 802 9873 9
 803 18649 17
 804 6582 6
 805 2194 2
 806 18649 17
 807 7679 7
 808 12067 11
 809 5485 5
 810 18649 17
 811 21940 20
 812 6582 6
 813 10970 10
 814 12067 11
 815 17552 16
 816 3291 3
 817 3291 3
 818 19746 18
 819 21940 20
 820 14261 13
 821 18649 17
 822 18649 17
 823 21940 20
 824 4388 4
 825 5485 5
 826 6582 6
 827 1097 1
 828 7679 7
 829 3291 3
 830 20843 19
 831 21940 20
 832 10970 10
 833 4388 4
 834 3291 3
 835 17552 16
 836 4388 4
 837 12067 11
 838 4388 4
 839 8776 8
 840 19746 18
 841 13164 12
 842 21940 20
 843 20843 19
 844 6582 6
 845 1097 1
 846 10970 10
 847 16455 15
 848 5485 5
 849 21940 20
 850 19746 18
 851 6582 6
 852 9873 9
 853 1097 1
 854 18649 17
 855 9873 9
 856 9873 9
 857 7679 7
 858 14261 13
 859 18649 17
 860 16455 15
 861 16455 15
 862 17552 16
 863 6582 6
 864 7679 7
 865 9873 9
 866 10970 10
 867 18649 17
 868 9873 9
 869 2194 2
 870 12067 11
 871 10970 10
 872 15358 14
 873 10970 10
 874 2194 2
 875 9873 9
 876 21940 20
 877 18649 17
 878 21940 20
 879 16455 15
 880 15358 14
 881 9873 9
 882 18649 17
 883 3291 3
 884 8776 8
 885 15358 14
 886 1097 1
 887 6582 6
 888 5485 5
 889 10970 10
 890 10970 10
 891 16455 15
 892 21940 20
 893 14261 13
 894 4388 4
 895 1097 1
 896 6582 6
 897 15358 14
 898 18649 17
 899 3291 3
 900 20843 19
 901 18649 17
 902 3291 3
 903 4388 4
 904 21940 20
 905 20843 19
 906 20843 19
 907 15358 14
 908 2194 2
 909 2194 2
 910 18649 17
 911 4388 4
 912 2194 2
 913 10970 10
 914 4388 4
 915 10970 10
 916 9873 9
 917 5485 5
 918 2194 2
 919 10970 10
 920 2194 2
 921 21940 20
 922 16455 15
 923 5485 5
 924 10970 10
 925 7679 7
 926 8776 8
 927 4388 4
 928 2194 2
 929 6582 6
 930 4388 4
 931 20843 19
 932 9873 9
 933 17552 16
 934 3291 3
 935 4388 4
 936 6582 6
 937 10970 10
 938 17552 16
 939 1097 1
 940 16455 15
 941 15358 14
 942 21940 20
 943 16455 15
 944 20843 19
 945 21940 20
 946 7679 7
 947 19746 18
 948 16455 15
 949 20843 19
 950 7679 7
 951 6582 6
 952 2194 2
 953 6582 6
 954 20843 19
 955 13164 12
 956 6582 6
 957 15358 14
 958 3291 3
 959 9873 9
 960 13164 12
 961 16455 15
 962 19746 18
 963 20843 19
 964 3291 3
 965 9873 9
 966 15358 14
 967 21940 20
 968 7679 7
 969 7679 7
 970 1097 1
 971 3291 3
 972 14261 13
 973 18649 17
 974 6582 6
 975 3291 3
 976 17552 16
 977 14261 13
 978 5485 5
 979 14261 13
 980 8776 8
 981 6582 6
 982 9873 9
 983 4388 4
 984 13164 12
 985 5485 5
 986 1097 1
 987 13164 12
 988 2194 2
 989 21940 20
 990 17552 16
 991 13164 12
 992 14261 13
 993 17552 16
 994 9873 9
 995 2194 2
 996 3291 3
 997 15358 14
 998 3291 3
 999 4388 4
 1000 18649 17
 1001 4388 4
 1002 9873 9
 1003 8776 8
 1004 14261 13
 1005 17552 16
 1006 15358 14
 1007 9873 9
 1008 9873 9
 1009 5485 5
 1010 17552 16
 1011 15358 14
 1012 1097 1
 1013 2194 2
 1014 8776 8
 1015 1097 1
 1016 16455 15
 1017 15358 14
 1018 16455 15
 1019 12067 11
 1020 16455 15
 1021 21940 20
 1022 2194 2
 1023 15358 14
 1024 17552 16
 1025 3291 3
 1026 2194 2
 1027 7679 7
 1028 15358 14
 1029 19746 18
 1030 9873 9
 1031 4388 4
 1032 15358 14
 1033 2194 2
 1034 20843 19
 1035 7679 7
 1036 16455 15
 1037 13164 12
 1038 12067 11
 1039 20843 19
 1040 5485 5
 1041 21940 20
 1042 1097 1
 1043 15358 14
 1044 3291 3
 1045 2194 2
 1046 4388 4
 1047 9873 9
 1048 7679 7
 1049 18649 17
 1050 3291 3
 1051 17552 16
 1052 12067 11
 1053 4388 4
 1054 20843 19
 1055 9873 9
 1056 19746 18
 1057 21940 20
 1058 14261 13
 1059 17552 16
 1060 18649 17
 1061 9873 9
 1062 19746 18
 1063 9873 9
 1064 19746 18
 1065 18649 17
 1066 4388 4
 1067 5485 5
 1068 2194 2
 1069 2194 2
 1070 10970 10
 1071 16455 15
 1072 10970 10
 1073 12067 11
 1074 6582 6
 1075 9873 9
 1076 1097 1
 1077 19746 18
 1078 19746 18
 1079 19746 18
 1080 12067 11
 1081 10970 10
 1082 20843 19
 1083 13164 12
 1084 7679 7
 1085 16455 15
 1086 17552 16
 1087 5485 5
 1088 8776 8
 1089 18649 17
 1090 7679 7
 1091 15358 14
 1092 12067 11
 1093 1097 1
 1094 17552 16
 1095 4388 4
 1096 18649 17
 1097 10970 10
10970