117
 1 1521 13
 2 819 7
 3 1521 13
 4 1170 10
 5 234 2
 6 1638 14
 7 234 2
 8 1755 15
 9 468 4
 10 351 3
 11 1170 10
 12 1989 17
 13 2106 18
 14 702 6
 15 2223 19
 16 2106 18
 17 468 4
 18 351 3
 19 702 6
 20 819 7
 21 1638 14
 22 936 8
 23 468 4
 24 1404 12
 25 1989 17
 26 1989 17
 27 936 8
 28 936 8
 29 351 3
 30 2223 19
 31 351 3
 32 351 3
 33 1404 12
 34 1287 11
 35 1872 16
 36 1404 12
 37 936 8
 38 1638 14
 39 234 2
 40 1638 14
 41 819 7
 42 117 1
 43 1170 10
 44 1170 10
 45 1521 13
 46 1404 12
 47 2106 18
 48 234 2
 49 468 4
 50 1989 17
 51 2106 18
 52 585 5
 53 1170 10
 54 1638 14
 55 702 6
 56 1989 17
 57 351 3
 58 351 3
 59 819 7
 60 351 3
 61 1755 15
 62 1638 14
 63 1170 10
 64 1989 17
 65 2223 19
 66 2223 19
 67 1404 12
 68 1872 16
 69 1755 15
 70 234 2
 71 2340 20
 72 702 6
 73 1053 9
 74 1170 10
 75 1404 12
 76 2223 19
 77 936 8
 78 1989 17
 79 1521 13
 80 702 6
 81 351 3
 82 1053 9
 83 1755 15
 84 117 1
 85 1287 11
 86 936 8
 87 1638 14
 88 468 4
 89 468 4
 90 1989 17
 91 1053 9
 92 117 1
 93 2340 20
 94 351 3
 95 468 4
 96 2340 20
 97 1755 15
 98 468 4
 99 1404 12
 100 2106 18
 101 1404 12
 102 585 5
 103 585 5
 104 1755 15
 105 1053 9
 106 2340 20
 107 1404 12
 108 234 2
 109 234 2
 110 1521 13
 111 1638 14
 112 1989 17
 113 351 3
 114 936 8
 115 1872 16
 116 936 8
 117 819 7
1989