1262
 1 5048 4
 2 20192 16
 3 13882 11
 4 22716 18
 5 11358 9
 6 23978 19
 7 6310 5
 8 17668 14
 9 1262 1
 10 23978 19
 11 21454 17
 12 6310 5
 13 22716 18
 14 6310 5
 15 21454 17
 16 25240 20
 17 6310 5
 18 1262 1
 19 23978 19
 20 13882 11
 21 10096 8
 22 10096 8
 23 17668 14
 24 1262 1
 25 25240 20
 26 11358 9
 27 6310 5
 28 12620 10
 29 5048 4
 30 17668 14
 31 20192 16
 32 16406 13
 33 13882 11
 34 7572 6
 35 23978 19
 36 16406 13
 37 1262 1
 38 11358 9
 39 8834 7
 40 12620 10
 41 22716 18
 42 23978 19
 43 1262 1
 44 16406 13
 45 17668 14
 46 6310 5
 47 2524 2
 48 23978 19
 49 5048 4
 50 25240 20
 51 10096 8
 52 22716 18
 53 8834 7
 54 22716 18
 55 7572 6
 56 22716 18
 57 2524 2
 58 2524 2
 59 3786 3
 60 15144 12
 61 21454 17
 62 11358 9
 63 8834 7
 64 5048 4
 65 20192 16
 66 16406 13
 67 16406 13
 68 7572 6
 69 6310 5
 70 15144 12
 71 17668 14
 72 21454 17
 73 7572 6
 74 18930 15
 75 3786 3
 76 22716 18
 77 18930 15
 78 13882 11
 79 16406 13
 80 5048 4
 81 1262 1
 82 8834 7
 83 17668 14
 84 12620 10
 85 21454 17
 86 13882 11
 87 12620 10
 88 22716 18
 89 23978 19
 90 3786 3
 91 11358 9
 92 3786 3
 93 5048 4
 94 10096 8
 95 8834 7
 96 21454 17
 97 22716 18
 98 20192 16
 99 23978 19
 100 25240 20
 101 12620 10
 102 11358 9
 103 1262 1
 104 13882 11
 105 12620 10
 106 12620 10
 107 22716 18
 108 10096 8
 109 10096 8
 110 5048 4
 111 25240 20
 112 11358 9
 113 8834 7
 114 7572 6
 115 18930 15
 116 2524 2
 117 3786 3
 118 3786 3
 119 10096 8
 120 13882 11
 121 7572 6
 122 15144 12
 123 23978 19
 124 3786 3
 125 25240 20
 126 2524 2
 127 21454 17
 128 3786 3
 129 10096 8
 130 22716 18
 131 11358 9
 132 23978 19
 133 12620 10
 134 6310 5
 135 25240 20
 136 2524 2
 137 8834 7
 138 13882 11
 139 7572 6
 140 23978 19
 141 20192 16
 142 12620 10
 143 20192 16
 144 20192 16
 145 6310 5
 146 2524 2
 147 10096 8
 148 21454 17
 149 25240 20
 150 21454 17
 151 5048 4
 152 22716 18
 153 8834 7
 154 6310 5
 155 17668 14
 156 18930 15
 157 22716 18
 158 12620 10
 159 10096 8
 160 23978 19
 161 16406 13
 162 2524 2
 163 15144 12
 164 21454 17
 165 1262 1
 166 6310 5
 167 1262 1
 168 1262 1
 169 20192 16
 170 17668 14
 171 20192 16
 172 5048 4
 173 13882 11
 174 3786 3
 175 7572 6
 176 22716 18
 177 16406 13
 178 1262 1
 179 12620 10
 180 1262 1
 181 17668 14
 182 2524 2
 183 15144 12
 184 15144 12
 185 13882 11
 186 25240 20
 187 18930 15
 188 13882 11
 189 16406 13
 190 23978 19
 191 22716 18
 192 23978 19
 193 13882 11
 194 8834 7
 195 22716 18
 196 12620 10
 197 6310 5
 198 13882 11
 199 21454 17
 200 10096 8
 201 15144 12
 202 12620 10
 203 23978 19
 204 11358 9
 205 13882 11
 206 1262 1
 207 6310 5
 208 25240 20
 209 22716 18
 210 22716 18
 211 16406 13
 212 17668 14
 213 3786 3
 214 21454 17
 215 17668 14
 216 7572 6
 217 25240 20
 218 5048 4
 219 23978 19
 220 10096 8
 221 16406 13
 222 25240 20
 223 20192 16
 224 11358 9
 225 23978 19
 226 15144 12
 227 23978 19
 228 8834 7
 229 20192 16
 230 3786 3
 231 21454 17
 232 20192 16
 233 25240 20
 234 10096 8
 235 6310 5
 236 7572 6
 237 25240 20
 238 7572 6
 239 21454 17
 240 2524 2
 241 1262 1
 242 6310 5
 243 1262 1
 244 12620 10
 245 25240 20
 246 15144 12
 247 16406 13
 248 3786 3
 249 1262 1
 250 8834 7
 251 25240 20
 252 2524 2
 253 20192 16
 254 21454 17
 255 13882 11
 256 12620 10
 257 25240 20
 258 20192 16
 259 3786 3
 260 1262 1
 261 22716 18
 262 5048 4
 263 22716 18
 264 25240 20
 265 5048 4
 266 2524 2
 267 21454 17
 268 13882 11
 269 10096 8
 270 22716 18
 271 3786 3
 272 10096 8
 273 20192 16
 274 23978 19
 275 10096 8
 276 2524 2
 277 10096 8
 278 8834 7
 279 20192 16
 280 5048 4
 281 20192 16
 282 23978 19
 283 1262 1
 284 25240 20
 285 8834 7
 286 25240 20
 287 10096 8
 288 6310 5
 289 22716 18
 290 8834 7
 291 5048 4
 292 3786 3
 293 1262 1
 294 21454 17
 295 18930 15
 296 17668 14
 297 1262 1
 298 10096 8
 299 13882 11
 300 16406 13
 301 1262 1
 302 16406 13
 303 17668 14
 304 5048 4
 305 10096 8
 306 10096 8
 307 21454 17
 308 17668 14
 309 17668 14
 310 22716 18
 311 1262 1
 312 15144 12
 313 2524 2
 314 17668 14
 315 25240 20
 316 18930 15
 317 22716 18
 318 3786 3
 319 25240 20
 320 21454 17
 321 22716 18
 322 17668 14
 323 25240 20
 324 23978 19
 325 15144 12
 326 1262 1
 327 5048 4
 328 22716 18
 329 7572 6
 330 20192 16
 331 3786 3
 332 5048 4
 333 5048 4
 334 6310 5
 335 16406 13
 336 25240 20
 337 1262 1
 338 2524 2
 339 2524 2
 340 16406 13
 341 21454 17
 342 10096 8
 343 10096 8
 344 7572 6
 345 22716 18
 346 16406 13
 347 21454 17
 348 20192 16
 349 6310 5
 350 3786 3
 351 12620 10
 352 2524 2
 353 17668 14
 354 18930 15
 355 7572 6
 356 3786 3
 357 11358 9
 358 13882 11
 359 8834 7
 360 18930 15
 361 5048 4
 362 16406 13
 363 21454 17
 364 16406 13
 365 5048 4
 366 21454 17
 367 23978 19
 368 22716 18
 369 22716 18
 370 5048 4
 371 10096 8
 372 20192 16
 373 5048 4
 374 18930 15
 375 17668 14
 376 20192 16
 377 13882 11
 378 12620 10
 379 11358 9
 380 20192 16
 381 7572 6
 382 2524 2
 383 20192 16
 384 20192 16
 385 11358 9
 386 2524 2
 387 25240 20
 388 5048 4
 389 11358 9
 390 16406 13
 391 21454 17
 392 10096 8
 393 10096 8
 394 25240 20
 395 7572 6
 396 12620 10
 397 22716 18
 398 11358 9
 399 15144 12
 400 8834 7
 401 7572 6
 402 10096 8
 403 20192 16
 404 8834 7
 405 5048 4
 406 7572 6
 407 21454 17
 408 25240 20
 409 7572 6
 410 13882 11
 411 15144 12
 412 20192 16
 413 10096 8
 414 2524 2
 415 1262 1
 416 25240 20
 417 11358 9
 418 2524 2
 419 13882 11
 420 8834 7
 421 20192 16
 422 5048 4
 423 6310 5
 424 7572 6
 425 10096 8
 426 5048 4
 427 20192 16
 428 18930 15
 429 13882 11
 430 11358 9
 431 12620 10
 432 16406 13
 433 15144 12
 434 8834 7
 435 15144 12
 436 12620 10
 437 12620 10
 438 16406 13
 439 11358 9
 440 13882 11
 441 8834 7
 442 20192 16
 443 15144 12
 444 17668 14
 445 23978 19
 446 12620 10
 447 22716 18
 448 10096 8
 449 3786 3
 450 1262 1
 451 10096 8
 452 3786 3
 453 17668 14
 454 2524 2
 455 5048 4
 456 10096 8
 457 18930 15
 458 10096 8
 459 11358 9
 460 18930 15
 461 2524 2
 462 21454 17
 463 20192 16
 464 8834 7
 465 22716 18
 466 8834 7
 467 1262 1
 468 6310 5
 469 10096 8
 470 7572 6
 471 11358 9
 472 22716 18
 473 17668 14
 474 23978 19
 475 10096 8
 476 13882 11
 477 21454 17
 478 13882 11
 479 20192 16
 480 20192 16
 481 12620 10
 482 15144 12
 483 13882 11
 484 13882 11
 485 18930 15
 486 20192 16
 487 2524 2
 488 17668 14
 489 18930 15
 490 17668 14
 491 13882 11
 492 8834 7
 493 17668 14
 494 5048 4
 495 2524 2
 496 12620 10
 497 16406 13
 498 18930 15
 499 2524 2
 500 25240 20
 501 5048 4
 502 7572 6
 503 10096 8
 504 15144 12
 505 11358 9
 506 23978 19
 507 16406 13
 508 17668 14
 509 5048 4
 510 15144 12
 511 20192 16
 512 22716 18
 513 11358 9
 514 20192 16
 515 10096 8
 516 2524 2
 517 25240 20
 518 7572 6
 519 22716 18
 520 20192 16
 521 17668 14
 522 1262 1
 523 5048 4
 524 16406 13
 525 20192 16
 526 16406 13
 527 3786 3
 528 20192 16
 529 23978 19
 530 2524 2
 531 8834 7
 532 18930 15
 533 25240 20
 534 3786 3
 535 2524 2
 536 5048 4
 537 16406 13
 538 21454 17
 539 10096 8
 540 12620 10
 541 23978 19
 542 10096 8
 543 20192 16
 544 12620 10
 545 5048 4
 546 20192 16
 547 11358 9
 548 12620 10
 549 21454 17
 550 21454 17
 551 7572 6
 552 17668 14
 553 25240 20
 554 8834 7
 555 16406 13
 556 16406 13
 557 25240 20
 558 22716 18
 559 5048 4
 560 25240 20
 561 18930 15
 562 17668 14
 563 21454 17
 564 22716 18
 565 15144 12
 566 2524 2
 567 13882 11
 568 3786 3
 569 1262 1
 570 2524 2
 571 16406 13
 572 10096 8
 573 25240 20
 574 17668 14
 575 17668 14
 576 20192 16
 577 10096 8
 578 18930 15
 579 20192 16
 580 7572 6
 581 23978 19
 582 17668 14
 583 11358 9
 584 10096 8
 585 16406 13
 586 13882 11
 587 5048 4
 588 6310 5
 589 1262 1
 590 22716 18
 591 12620 10
 592 2524 2
 593 23978 19
 594 13882 11
 595 11358 9
 596 5048 4
 597 7572 6
 598 11358 9
 599 22716 18
 600 10096 8
 601 13882 11
 602 16406 13
 603 15144 12
 604 16406 13
 605 13882 11
 606 1262 1
 607 17668 14
 608 7572 6
 609 22716 18
 610 10096 8
 611 1262 1
 612 1262 1
 613 1262 1
 614 21454 17
 615 16406 13
 616 20192 16
 617 5048 4
 618 25240 20
 619 22716 18
 620 7572 6
 621 1262 1
 622 7572 6
 623 2524 2
 624 8834 7
 625 3786 3
 626 10096 8
 627 20192 16
 628 18930 15
 629 21454 17
 630 17668 14
 631 15144 12
 632 25240 20
 633 5048 4
 634 21454 17
 635 16406 13
 636 15144 12
 637 2524 2
 638 21454 17
 639 12620 10
 640 23978 19
 641 1262 1
 642 21454 17
 643 23978 19
 644 13882 11
 645 11358 9
 646 16406 13
 647 10096 8
 648 15144 12
 649 2524 2
 650 7572 6
 651 1262 1
 652 5048 4
 653 11358 9
 654 5048 4
 655 22716 18
 656 2524 2
 657 25240 20
 658 12620 10
 659 3786 3
 660 25240 20
 661 15144 12
 662 23978 19
 663 13882 11
 664 11358 9
 665 20192 16
 666 15144 12
 667 7572 6
 668 25240 20
 669 6310 5
 670 18930 15
 671 23978 19
 672 1262 1
 673 13882 11
 674 10096 8
 675 20192 16
 676 25240 20
 677 6310 5
 678 25240 20
 679 10096 8
 680 3786 3
 681 17668 14
 682 23978 19
 683 18930 15
 684 21454 17
 685 2524 2
 686 22716 18
 687 16406 13
 688 20192 16
 689 3786 3
 690 3786 3
 691 1262 1
 692 10096 8
 693 11358 9
 694 11358 9
 695 21454 17
 696 3786 3
 697 7572 6
 698 7572 6
 699 15144 12
 700 20192 16
 701 5048 4
 702 2524 2
 703 12620 10
 704 10096 8
 705 3786 3
 706 15144 12
 707 18930 15
 708 18930 15
 709 20192 16
 710 21454 17
 711 8834 7
 712 11358 9
 713 25240 20
 714 17668 14
 715 5048 4
 716 22716 18
 717 8834 7
 718 3786 3
 719 8834 7
 720 22716 18
 721 2524 2
 722 16406 13
 723 20192 16
 724 20192 16
 725 15144 12
 726 23978 19
 727 5048 4
 728 5048 4
 729 12620 10
 730 17668 14
 731 15144 12
 732 10096 8
 733 15144 12
 734 18930 15
 735 10096 8
 736 18930 15
 737 7572 6
 738 10096 8
 739 7572 6
 740 8834 7
 741 8834 7
 742 25240 20
 743 3786 3
 744 7572 6
 745 15144 12
 746 13882 11
 747 21454 17
 748 12620 10
 749 12620 10
 750 22716 18
 751 2524 2
 752 12620 10
 753 21454 17
 754 20192 16
 755 10096 8
 756 6310 5
 757 17668 14
 758 20192 16
 759 20192 16
 760 15144 12
 761 20192 16
 762 15144 12
 763 3786 3
 764 10096 8
 765 1262 1
 766 3786 3
 767 15144 12
 768 22716 18
 769 18930 15
 770 11358 9
 771 1262 1
 772 16406 13
 773 11358 9
 774 17668 14
 775 20192 16
 776 25240 20
 777 23978 19
 778 20192 16
 779 8834 7
 780 15144 12
 781 6310 5
 782 6310 5
 783 2524 2
 784 12620 10
 785 21454 17
 786 2524 2
 787 6310 5
 788 20192 16
 789 10096 8
 790 12620 10
 791 12620 10
 792 5048 4
 793 16406 13
 794 20192 16
 795 21454 17
 796 7572 6
 797 3786 3
 798 3786 3
 799 11358 9
 800 21454 17
 801 16406 13
 802 13882 11
 803 13882 11
 804 15144 12
 805 15144 12
 806 8834 7
 807 1262 1
 808 12620 10
 809 21454 17
 810 21454 17
 811 18930 15
 812 21454 17
 813 20192 16
 814 22716 18
 815 18930 15
 816 15144 12
 817 18930 15
 818 10096 8
 819 15144 12
 820 2524 2
 821 16406 13
 822 22716 18
 823 13882 11
 824 13882 11
 825 7572 6
 826 21454 17
 827 16406 13
 828 13882 11
 829 10096 8
 830 15144 12
 831 10096 8
 832 8834 7
 833 18930 15
 834 2524 2
 835 1262 1
 836 3786 3
 837 23978 19
 838 7572 6
 839 12620 10
 840 11358 9
 841 23978 19
 842 1262 1
 843 2524 2
 844 7572 6
 845 11358 9
 846 11358 9
 847 11358 9
 848 8834 7
 849 10096 8
 850 15144 12
 851 22716 18
 852 2524 2
 853 23978 19
 854 8834 7
 855 21454 17
 856 11358 9
 857 21454 17
 858 13882 11
 859 16406 13
 860 23978 19
 861 1262 1
 862 5048 4
 863 6310 5
 864 3786 3
 865 12620 10
 866 3786 3
 867 6310 5
 868 1262 1
 869 1262 1
 870 15144 12
 871 7572 6
 872 7572 6
 873 10096 8
 874 21454 17
 875 20192 16
 876 15144 12
 877 8834 7
 878 1262 1
 879 25240 20
 880 21454 17
 881 7572 6
 882 18930 15
 883 20192 16
 884 13882 11
 885 11358 9
 886 7572 6
 887 21454 17
 888 10096 8
 889 5048 4
 890 12620 10
 891 10096 8
 892 10096 8
 893 15144 12
 894 22716 18
 895 20192 16
 896 20192 16
 897 2524 2
 898 16406 13
 899 3786 3
 900 16406 13
 901 8834 7
 902 11358 9
 903 17668 14
 904 11358 9
 905 21454 17
 906 11358 9
 907 17668 14
 908 20192 16
 909 22716 18
 910 23978 19
 911 16406 13
 912 13882 11
 913 11358 9
 914 15144 12
 915 18930 15
 916 13882 11
 917 8834 7
 918 21454 17
 919 21454 17
 920 21454 17
 921 11358 9
 922 5048 4
 923 15144 12
 924 6310 5
 925 25240 20
 926 10096 8
 927 13882 11
 928 25240 20
 929 21454 17
 930 23978 19
 931 22716 18
 932 18930 15
 933 22716 18
 934 6310 5
 935 13882 11
 936 1262 1
 937 12620 10
 938 12620 10
 939 16406 13
 940 20192 16
 941 6310 5
 942 16406 13
 943 5048 4
 944 13882 11
 945 18930 15
 946 3786 3
 947 17668 14
 948 20192 16
 949 1262 1
 950 21454 17
 951 25240 20
 952 7572 6
 953 5048 4
 954 15144 12
 955 8834 7
 956 10096 8
 957 7572 6
 958 13882 11
 959 22716 18
 960 1262 1
 961 5048 4
 962 22716 18
 963 21454 17
 964 22716 18
 965 5048 4
 966 18930 15
 967 22716 18
 968 23978 19
 969 10096 8
 970 21454 17
 971 5048 4
 972 7572 6
 973 25240 20
 974 7572 6
 975 2524 2
 976 1262 1
 977 16406 13
 978 8834 7
 979 21454 17
 980 10096 8
 981 6310 5
 982 3786 3
 983 18930 15
 984 18930 15
 985 18930 15
 986 11358 9
 987 12620 10
 988 22716 18
 989 6310 5
 990 12620 10
 991 20192 16
 992 21454 17
 993 20192 16
 994 16406 13
 995 20192 16
 996 18930 15
 997 25240 20
 998 10096 8
 999 17668 14
 1000 12620 10
 1001 5048 4
 1002 5048 4
 1003 8834 7
 1004 11358 9
 1005 22716 18
 1006 12620 10
 1007 17668 14
 1008 23978 19
 1009 1262 1
 1010 22716 18
 1011 23978 19
 1012 3786 3
 1013 22716 18
 1014 1262 1
 1015 25240 20
 1016 8834 7
 1017 20192 16
 1018 1262 1
 1019 7572 6
 1020 10096 8
 1021 21454 17
 1022 18930 15
 1023 23978 19
 1024 11358 9
 1025 15144 12
 1026 25240 20
 1027 8834 7
 1028 11358 9
 1029 7572 6
 1030 22716 18
 1031 22716 18
 1032 7572 6
 1033 13882 11
 1034 8834 7
 1035 13882 11
 1036 8834 7
 1037 21454 17
 1038 23978 19
 1039 22716 18
 1040 16406 13
 1041 12620 10
 1042 5048 4
 1043 16406 13
 1044 15144 12
 1045 15144 12
 1046 6310 5
 1047 25240 20
 1048 12620 10
 1049 22716 18
 1050 13882 11
 1051 10096 8
 1052 8834 7
 1053 15144 12
 1054 23978 19
 1055 7572 6
 1056 12620 10
 1057 7572 6
 1058 20192 16
 1059 13882 11
 1060 25240 20
 1061 13882 11
 1062 22716 18
 1063 8834 7
 1064 7572 6
 1065 11358 9
 1066 20192 16
 1067 5048 4
 1068 17668 14
 1069 6310 5
 1070 5048 4
 1071 18930 15
 1072 7572 6
 1073 8834 7
 1074 25240 20
 1075 21454 17
 1076 12620 10
 1077 3786 3
 1078 11358 9
 1079 20192 16
 1080 20192 16
 1081 18930 15
 1082 20192 16
 1083 16406 13
 1084 6310 5
 1085 13882 11
 1086 18930 15
 1087 5048 4
 1088 22716 18
 1089 5048 4
 1090 21454 17
 1091 3786 3
 1092 12620 10
 1093 2524 2
 1094 6310 5
 1095 18930 15
 1096 22716 18
 1097 16406 13
 1098 23978 19
 1099 8834 7
 1100 25240 20
 1101 22716 18
 1102 12620 10
 1103 1262 1
 1104 25240 20
 1105 3786 3
 1106 22716 18
 1107 23978 19
 1108 1262 1
 1109 18930 15
 1110 3786 3
 1111 1262 1
 1112 17668 14
 1113 10096 8
 1114 20192 16
 1115 23978 19
 1116 5048 4
 1117 12620 10
 1118 11358 9
 1119 11358 9
 1120 2524 2
 1121 22716 18
 1122 23978 19
 1123 13882 11
 1124 13882 11
 1125 13882 11
 1126 20192 16
 1127 13882 11
 1128 15144 12
 1129 13882 11
 1130 12620 10
 1131 20192 16
 1132 11358 9
 1133 11358 9
 1134 25240 20
 1135 16406 13
 1136 12620 10
 1137 7572 6
 1138 21454 17
 1139 10096 8
 1140 17668 14
 1141 22716 18
 1142 16406 13
 1143 1262 1
 1144 13882 11
 1145 11358 9
 1146 21454 17
 1147 3786 3
 1148 25240 20
 1149 22716 18
 1150 2524 2
 1151 2524 2
 1152 15144 12
 1153 21454 17
 1154 20192 16
 1155 16406 13
 1156 23978 19
 1157 2524 2
 1158 5048 4
 1159 7572 6
 1160 7572 6
 1161 20192 16
 1162 11358 9
 1163 22716 18
 1164 23978 19
 1165 22716 18
 1166 1262 1
 1167 23978 19
 1168 5048 4
 1169 17668 14
 1170 15144 12
 1171 17668 14
 1172 8834 7
 1173 8834 7
 1174 11358 9
 1175 3786 3
 1176 16406 13
 1177 22716 18
 1178 20192 16
 1179 17668 14
 1180 1262 1
 1181 22716 18
 1182 20192 16
 1183 18930 15
 1184 6310 5
 1185 20192 16
 1186 2524 2
 1187 20192 16
 1188 15144 12
 1189 17668 14
 1190 10096 8
 1191 22716 18
 1192 15144 12
 1193 16406 13
 1194 2524 2
 1195 22716 18
 1196 17668 14
 1197 11358 9
 1198 25240 20
 1199 23978 19
 1200 23978 19
 1201 16406 13
 1202 6310 5
 1203 3786 3
 1204 10096 8
 1205 18930 15
 1206 13882 11
 1207 12620 10
 1208 6310 5
 1209 23978 19
 1210 3786 3
 1211 20192 16
 1212 11358 9
 1213 5048 4
 1214 6310 5
 1215 6310 5
 1216 10096 8
 1217 10096 8
 1218 15144 12
 1219 16406 13
 1220 18930 15
 1221 6310 5
 1222 17668 14
 1223 17668 14
 1224 23978 19
 1225 17668 14
 1226 11358 9
 1227 16406 13
 1228 3786 3
 1229 18930 15
 1230 12620 10
 1231 11358 9
 1232 18930 15
 1233 23978 19
 1234 10096 8
 1235 10096 8
 1236 1262 1
 1237 8834 7
 1238 16406 13
 1239 18930 15
 1240 11358 9
 1241 21454 17
 1242 15144 12
 1243 11358 9
 1244 3786 3
 1245 20192 16
 1246 21454 17
 1247 21454 17
 1248 22716 18
 1249 8834 7
 1250 2524 2
 1251 10096 8
 1252 25240 20
 1253 21454 17
 1254 3786 3
 1255 5048 4
 1256 2524 2
 1257 22716 18
 1258 25240 20
 1259 11358 9
 1260 10096 8
 1261 12620 10
 1262 11358 9
8834