1451
 1 2902 2
 2 10157 7
 3 5804 4
 4 21765 15
 5 11608 8
 6 27569 19
 7 13059 9
 8 15961 11
 9 24667 17
 10 7255 5
 11 14510 10
 12 10157 7
 13 24667 17
 14 21765 15
 15 15961 11
 16 21765 15
 17 14510 10
 18 5804 4
 19 21765 15
 20 11608 8
 21 23216 16
 22 11608 8
 23 14510 10
 24 14510 10
 25 5804 4
 26 5804 4
 27 27569 19
 28 1451 1
 29 7255 5
 30 10157 7
 31 11608 8
 32 18863 13
 33 23216 16
 34 18863 13
 35 11608 8
 36 1451 1
 37 21765 15
 38 17412 12
 39 13059 9
 40 7255 5
 41 17412 12
 42 26118 18
 43 23216 16
 44 13059 9
 45 14510 10
 46 8706 6
 47 26118 18
 48 14510 10
 49 27569 19
 50 23216 16
 51 13059 9
 52 20314 14
 53 13059 9
 54 10157 7
 55 20314 14
 56 14510 10
 57 23216 16
 58 29020 20
 59 29020 20
 60 29020 20
 61 18863 13
 62 1451 1
 63 2902 2
 64 14510 10
 65 29020 20
 66 20314 14
 67 15961 11
 68 18863 13
 69 4353 3
 70 13059 9
 71 23216 16
 72 5804 4
 73 8706 6
 74 4353 3
 75 23216 16
 76 21765 15
 77 26118 18
 78 13059 9
 79 21765 15
 80 26118 18
 81 29020 20
 82 7255 5
 83 10157 7
 84 21765 15
 85 2902 2
 86 26118 18
 87 15961 11
 88 24667 17
 89 15961 11
 90 21765 15
 91 7255 5
 92 24667 17
 93 23216 16
 94 24667 17
 95 11608 8
 96 13059 9
 97 20314 14
 98 13059 9
 99 17412 12
 100 15961 11
 101 2902 2
 102 8706 6
 103 10157 7
 104 26118 18
 105 20314 14
 106 5804 4
 107 2902 2
 108 20314 14
 109 5804 4
 110 20314 14
 111 8706 6
 112 27569 19
 113 18863 13
 114 27569 19
 115 5804 4
 116 26118 18
 117 15961 11
 118 23216 16
 119 27569 19
 120 4353 3
 121 1451 1
 122 11608 8
 123 5804 4
 124 1451 1
 125 14510 10
 126 17412 12
 127 17412 12
 128 2902 2
 129 10157 7
 130 18863 13
 131 4353 3
 132 27569 19
 133 29020 20
 134 8706 6
 135 14510 10
 136 7255 5
 137 13059 9
 138 2902 2
 139 15961 11
 140 20314 14
 141 8706 6
 142 8706 6
 143 27569 19
 144 27569 19
 145 17412 12
 146 4353 3
 147 17412 12
 148 24667 17
 149 4353 3
 150 15961 11
 151 21765 15
 152 26118 18
 153 20314 14
 154 8706 6
 155 27569 19
 156 21765 15
 157 10157 7
 158 2902 2
 159 5804 4
 160 17412 12
 161 29020 20
 162 4353 3
 163 18863 13
 164 23216 16
 165 4353 3
 166 15961 11
 167 10157 7
 168 2902 2
 169 17412 12
 170 17412 12
 171 7255 5
 172 17412 12
 173 23216 16
 174 5804 4
 175 13059 9
 176 5804 4
 177 13059 9
 178 24667 17
 179 7255 5
 180 1451 1
 181 24667 17
 182 14510 10
 183 20314 14
 184 29020 20
 185 21765 15
 186 8706 6
 187 10157 7
 188 26118 18
 189 15961 11
 190 1451 1
 191 15961 11
 192 24667 17
 193 4353 3
 194 18863 13
 195 7255 5
 196 27569 19
 197 2902 2
 198 27569 19
 199 26118 18
 200 11608 8
 201 8706 6
 202 15961 11
 203 13059 9
 204 10157 7
 205 8706 6
 206 29020 20
 207 24667 17
 208 13059 9
 209 5804 4
 210 1451 1
 211 5804 4
 212 11608 8
 213 2902 2
 214 29020 20
 215 10157 7
 216 4353 3
 217 24667 17
 218 14510 10
 219 13059 9
 220 1451 1
 221 10157 7
 222 24667 17
 223 17412 12
 224 1451 1
 225 20314 14
 226 18863 13
 227 5804 4
 228 8706 6
 229 18863 13
 230 5804 4
 231 29020 20
 232 10157 7
 233 24667 17
 234 24667 17
 235 1451 1
 236 26118 18
 237 1451 1
 238 27569 19
 239 26118 18
 240 1451 1
 241 10157 7
 242 26118 18
 243 10157 7
 244 27569 19
 245 27569 19
 246 4353 3
 247 14510 10
 248 8706 6
 249 7255 5
 250 5804 4
 251 11608 8
 252 8706 6
 253 26118 18
 254 23216 16
 255 20314 14
 256 11608 8
 257 10157 7
 258 21765 15
 259 13059 9
 260 21765 15
 261 11608 8
 262 8706 6
 263 13059 9
 264 10157 7
 265 5804 4
 266 14510 10
 267 27569 19
 268 23216 16
 269 11608 8
 270 2902 2
 271 1451 1
 272 26118 18
 273 15961 11
 274 14510 10
 275 7255 5
 276 20314 14
 277 24667 17
 278 11608 8
 279 1451 1
 280 23216 16
 281 10157 7
 282 26118 18
 283 14510 10
 284 18863 13
 285 8706 6
 286 13059 9
 287 26118 18
 288 26118 18
 289 13059 9
 290 14510 10
 291 14510 10
 292 2902 2
 293 1451 1
 294 2902 2
 295 2902 2
 296 29020 20
 297 27569 19
 298 2902 2
 299 20314 14
 300 7255 5
 301 18863 13
 302 5804 4
 303 10157 7
 304 5804 4
 305 24667 17
 306 10157 7
 307 29020 20
 308 1451 1
 309 13059 9
 310 2902 2
 311 10157 7
 312 26118 18
 313 8706 6
 314 4353 3
 315 18863 13
 316 15961 11
 317 17412 12
 318 8706 6
 319 1451 1
 320 7255 5
 321 5804 4
 322 13059 9
 323 8706 6
 324 13059 9
 325 7255 5
 326 4353 3
 327 11608 8
 328 20314 14
 329 1451 1
 330 10157 7
 331 23216 16
 332 14510 10
 333 26118 18
 334 20314 14
 335 21765 15
 336 7255 5
 337 15961 11
 338 2902 2
 339 8706 6
 340 24667 17
 341 1451 1
 342 26118 18
 343 15961 11
 344 17412 12
 345 26118 18
 346 11608 8
 347 23216 16
 348 13059 9
 349 24667 17
 350 10157 7
 351 18863 13
 352 13059 9
 353 10157 7
 354 14510 10
 355 27569 19
 356 20314 14
 357 13059 9
 358 27569 19
 359 14510 10
 360 18863 13
 361 26118 18
 362 13059 9
 363 8706 6
 364 4353 3
 365 7255 5
 366 15961 11
 367 23216 16
 368 2902 2
 369 7255 5
 370 4353 3
 371 21765 15
 372 17412 12
 373 26118 18
 374 2902 2
 375 24667 17
 376 2902 2
 377 29020 20
 378 11608 8
 379 2902 2
 380 7255 5
 381 18863 13
 382 20314 14
 383 11608 8
 384 18863 13
 385 21765 15
 386 29020 20
 387 29020 20
 388 10157 7
 389 2902 2
 390 17412 12
 391 20314 14
 392 26118 18
 393 17412 12
 394 8706 6
 395 24667 17
 396 20314 14
 397 27569 19
 398 23216 16
 399 5804 4
 400 15961 11
 401 13059 9
 402 24667 17
 403 26118 18
 404 5804 4
 405 23216 16
 406 8706 6
 407 7255 5
 408 29020 20
 409 15961 11
 410 14510 10
 411 27569 19
 412 10157 7
 413 27569 19
 414 1451 1
 415 14510 10
 416 4353 3
 417 7255 5
 418 24667 17
 419 14510 10
 420 27569 19
 421 24667 17
 422 8706 6
 423 8706 6
 424 7255 5
 425 27569 19
 426 23216 16
 427 18863 13
 428 1451 1
 429 17412 12
 430 1451 1
 431 18863 13
 432 18863 13
 433 1451 1
 434 15961 11
 435 29020 20
 436 26118 18
 437 23216 16
 438 11608 8
 439 11608 8
 440 20314 14
 441 21765 15
 442 13059 9
 443 8706 6
 444 8706 6
 445 7255 5
 446 15961 11
 447 20314 14
 448 21765 15
 449 15961 11
 450 17412 12
 451 23216 16
 452 27569 19
 453 14510 10
 454 20314 14
 455 23216 16
 456 8706 6
 457 18863 13
 458 5804 4
 459 8706 6
 460 27569 19
 461 21765 15
 462 13059 9
 463 1451 1
 464 14510 10
 465 21765 15
 466 7255 5
 467 15961 11
 468 24667 17
 469 26118 18
 470 17412 12
 471 27569 19
 472 2902 2
 473 18863 13
 474 15961 11
 475 7255 5
 476 27569 19
 477 7255 5
 478 29020 20
 479 13059 9
 480 17412 12
 481 2902 2
 482 13059 9
 483 1451 1
 484 24667 17
 485 24667 17
 486 1451 1
 487 10157 7
 488 24667 17
 489 15961 11
 490 4353 3
 491 17412 12
 492 7255 5
 493 17412 12
 494 13059 9
 495 21765 15
 496 14510 10
 497 24667 17
 498 24667 17
 499 18863 13
 500 21765 15
 501 7255 5
 502 27569 19
 503 21765 15
 504 24667 17
 505 20314 14
 506 7255 5
 507 15961 11
 508 18863 13
 509 14510 10
 510 7255 5
 511 23216 16
 512 2902 2
 513 1451 1
 514 2902 2
 515 18863 13
 516 23216 16
 517 23216 16
 518 23216 16
 519 14510 10
 520 1451 1
 521 27569 19
 522 1451 1
 523 20314 14
 524 29020 20
 525 8706 6
 526 14510 10
 527 13059 9
 528 29020 20
 529 8706 6
 530 8706 6
 531 5804 4
 532 17412 12
 533 24667 17
 534 26118 18
 535 21765 15
 536 26118 18
 537 2902 2
 538 17412 12
 539 21765 15
 540 18863 13
 541 5804 4
 542 7255 5
 543 7255 5
 544 23216 16
 545 13059 9
 546 21765 15
 547 14510 10
 548 2902 2
 549 29020 20
 550 20314 14
 551 26118 18
 552 26118 18
 553 18863 13
 554 18863 13
 555 5804 4
 556 11608 8
 557 24667 17
 558 1451 1
 559 2902 2
 560 2902 2
 561 2902 2
 562 20314 14
 563 7255 5
 564 29020 20
 565 27569 19
 566 14510 10
 567 2902 2
 568 1451 1
 569 29020 20
 570 1451 1
 571 21765 15
 572 23216 16
 573 5804 4
 574 17412 12
 575 23216 16
 576 26118 18
 577 23216 16
 578 10157 7
 579 20314 14
 580 13059 9
 581 5804 4
 582 1451 1
 583 23216 16
 584 7255 5
 585 11608 8
 586 26118 18
 587 14510 10
 588 11608 8
 589 7255 5
 590 8706 6
 591 23216 16
 592 21765 15
 593 10157 7
 594 11608 8
 595 26118 18
 596 17412 12
 597 24667 17
 598 29020 20
 599 29020 20
 600 11608 8
 601 7255 5
 602 21765 15
 603 13059 9
 604 17412 12
 605 26118 18
 606 14510 10
 607 27569 19
 608 20314 14
 609 4353 3
 610 20314 14
 611 23216 16
 612 21765 15
 613 26118 18
 614 15961 11
 615 21765 15
 616 26118 18
 617 4353 3
 618 26118 18
 619 15961 11
 620 8706 6
 621 15961 11
 622 1451 1
 623 14510 10
 624 13059 9
 625 20314 14
 626 23216 16
 627 18863 13
 628 7255 5
 629 2902 2
 630 8706 6
 631 17412 12
 632 5804 4
 633 17412 12
 634 8706 6
 635 14510 10
 636 14510 10
 637 11608 8
 638 13059 9
 639 20314 14
 640 7255 5
 641 18863 13
 642 11608 8
 643 13059 9
 644 18863 13
 645 5804 4
 646 1451 1
 647 4353 3
 648 15961 11
 649 23216 16
 650 18863 13
 651 17412 12
 652 23216 16
 653 26118 18
 654 11608 8
 655 17412 12
 656 17412 12
 657 27569 19
 658 8706 6
 659 26118 18
 660 13059 9
 661 29020 20
 662 23216 16
 663 20314 14
 664 11608 8
 665 23216 16
 666 4353 3
 667 29020 20
 668 14510 10
 669 10157 7
 670 17412 12
 671 11608 8
 672 18863 13
 673 7255 5
 674 21765 15
 675 10157 7
 676 20314 14
 677 15961 11
 678 17412 12
 679 14510 10
 680 15961 11
 681 18863 13
 682 4353 3
 683 24667 17
 684 24667 17
 685 2902 2
 686 29020 20
 687 2902 2
 688 8706 6
 689 23216 16
 690 4353 3
 691 17412 12
 692 8706 6
 693 11608 8
 694 21765 15
 695 8706 6
 696 29020 20
 697 13059 9
 698 10157 7
 699 17412 12
 700 29020 20
 701 11608 8
 702 2902 2
 703 2902 2
 704 23216 16
 705 4353 3
 706 10157 7
 707 23216 16
 708 8706 6
 709 20314 14
 710 27569 19
 711 13059 9
 712 2902 2
 713 18863 13
 714 13059 9
 715 15961 11
 716 26118 18
 717 23216 16
 718 29020 20
 719 11608 8
 720 15961 11
 721 26118 18
 722 27569 19
 723 24667 17
 724 7255 5
 725 10157 7
 726 2902 2
 727 11608 8
 728 10157 7
 729 13059 9
 730 14510 10
 731 23216 16
 732 11608 8
 733 11608 8
 734 26118 18
 735 29020 20
 736 13059 9
 737 10157 7
 738 14510 10
 739 20314 14
 740 29020 20
 741 26118 18
 742 21765 15
 743 15961 11
 744 13059 9
 745 18863 13
 746 11608 8
 747 18863 13
 748 21765 15
 749 2902 2
 750 11608 8
 751 21765 15
 752 29020 20
 753 27569 19
 754 14510 10
 755 2902 2
 756 20314 14
 757 13059 9
 758 2902 2
 759 18863 13
 760 20314 14
 761 17412 12
 762 20314 14
 763 23216 16
 764 17412 12
 765 27569 19
 766 5804 4
 767 26118 18
 768 24667 17
 769 29020 20
 770 14510 10
 771 4353 3
 772 8706 6
 773 13059 9
 774 10157 7
 775 29020 20
 776 5804 4
 777 13059 9
 778 15961 11
 779 24667 17
 780 7255 5
 781 15961 11
 782 14510 10
 783 1451 1
 784 8706 6
 785 8706 6
 786 18863 13
 787 10157 7
 788 17412 12
 789 8706 6
 790 23216 16
 791 10157 7
 792 8706 6
 793 2902 2
 794 4353 3
 795 29020 20
 796 24667 17
 797 8706 6
 798 11608 8
 799 15961 11
 800 15961 11
 801 7255 5
 802 24667 17
 803 20314 14
 804 29020 20
 805 21765 15
 806 5804 4
 807 1451 1
 808 4353 3
 809 24667 17
 810 2902 2
 811 26118 18
 812 27569 19
 813 21765 15
 814 1451 1
 815 29020 20
 816 10157 7
 817 20314 14
 818 2902 2
 819 29020 20
 820 7255 5
 821 18863 13
 822 13059 9
 823 7255 5
 824 21765 15
 825 4353 3
 826 5804 4
 827 14510 10
 828 2902 2
 829 8706 6
 830 13059 9
 831 26118 18
 832 17412 12
 833 10157 7
 834 8706 6
 835 26118 18
 836 11608 8
 837 24667 17
 838 14510 10
 839 24667 17
 840 24667 17
 841 17412 12
 842 15961 11
 843 20314 14
 844 17412 12
 845 11608 8
 846 17412 12
 847 21765 15
 848 15961 11
 849 18863 13
 850 13059 9
 851 24667 17
 852 18863 13
 853 14510 10
 854 23216 16
 855 1451 1
 856 29020 20
 857 5804 4
 858 29020 20
 859 8706 6
 860 18863 13
 861 13059 9
 862 27569 19
 863 29020 20
 864 10157 7
 865 21765 15
 866 21765 15
 867 4353 3
 868 10157 7
 869 18863 13
 870 26118 18
 871 11608 8
 872 21765 15
 873 13059 9
 874 17412 12
 875 20314 14
 876 7255 5
 877 29020 20
 878 5804 4
 879 20314 14
 880 7255 5
 881 15961 11
 882 5804 4
 883 23216 16
 884 7255 5
 885 2902 2
 886 24667 17
 887 18863 13
 888 24667 17
 889 26118 18
 890 5804 4
 891 20314 14
 892 5804 4
 893 15961 11
 894 13059 9
 895 23216 16
 896 26118 18
 897 1451 1
 898 7255 5
 899 27569 19
 900 14510 10
 901 27569 19
 902 21765 15
 903 7255 5
 904 26118 18
 905 7255 5
 906 14510 10
 907 5804 4
 908 10157 7
 909 20314 14
 910 21765 15
 911 26118 18
 912 14510 10
 913 26118 18
 914 2902 2
 915 10157 7
 916 29020 20
 917 14510 10
 918 20314 14
 919 11608 8
 920 2902 2
 921 7255 5
 922 11608 8
 923 20314 14
 924 5804 4
 925 15961 11
 926 2902 2
 927 7255 5
 928 2902 2
 929 15961 11
 930 27569 19
 931 8706 6
 932 21765 15
 933 23216 16
 934 18863 13
 935 17412 12
 936 21765 15
 937 8706 6
 938 29020 20
 939 7255 5
 940 4353 3
 941 20314 14
 942 21765 15
 943 14510 10
 944 26118 18
 945 7255 5
 946 2902 2
 947 29020 20
 948 21765 15
 949 27569 19
 950 17412 12
 951 7255 5
 952 13059 9
 953 24667 17
 954 2902 2
 955 24667 17
 956 4353 3
 957 4353 3
 958 4353 3
 959 10157 7
 960 20314 14
 961 27569 19
 962 21765 15
 963 14510 10
 964 17412 12
 965 2902 2
 966 26118 18
 967 23216 16
 968 20314 14
 969 18863 13
 970 5804 4
 971 4353 3
 972 15961 11
 973 21765 15
 974 11608 8
 975 26118 18
 976 20314 14
 977 23216 16
 978 15961 11
 979 26118 18
 980 1451 1
 981 29020 20
 982 11608 8
 983 8706 6
 984 23216 16
 985 8706 6
 986 23216 16
 987 4353 3
 988 2902 2
 989 27569 19
 990 20314 14
 991 10157 7
 992 15961 11
 993 20314 14
 994 27569 19
 995 26118 18
 996 15961 11
 997 21765 15
 998 21765 15
 999 10157 7
 1000 20314 14
 1001 15961 11
 1002 1451 1
 1003 13059 9
 1004 1451 1
 1005 7255 5
 1006 27569 19
 1007 1451 1
 1008 27569 19
 1009 4353 3
 1010 20314 14
 1011 18863 13
 1012 1451 1
 1013 4353 3
 1014 29020 20
 1015 29020 20
 1016 20314 14
 1017 21765 15
 1018 23216 16
 1019 11608 8
 1020 8706 6
 1021 11608 8
 1022 5804 4
 1023 26118 18
 1024 5804 4
 1025 20314 14
 1026 17412 12
 1027 29020 20
 1028 18863 13
 1029 17412 12
 1030 11608 8
 1031 15961 11
 1032 2902 2
 1033 15961 11
 1034 1451 1
 1035 7255 5
 1036 21765 15
 1037 26118 18
 1038 23216 16
 1039 1451 1
 1040 26118 18
 1041 10157 7
 1042 27569 19
 1043 29020 20
 1044 27569 19
 1045 8706 6
 1046 20314 14
 1047 8706 6
 1048 8706 6
 1049 10157 7
 1050 20314 14
 1051 11608 8
 1052 24667 17
 1053 11608 8
 1054 10157 7
 1055 27569 19
 1056 24667 17
 1057 20314 14
 1058 4353 3
 1059 23216 16
 1060 8706 6
 1061 10157 7
 1062 11608 8
 1063 23216 16
 1064 1451 1
 1065 11608 8
 1066 21765 15
 1067 26118 18
 1068 15961 11
 1069 14510 10
 1070 27569 19
 1071 20314 14
 1072 2902 2
 1073 15961 11
 1074 24667 17
 1075 4353 3
 1076 4353 3
 1077 7255 5
 1078 14510 10
 1079 10157 7
 1080 20314 14
 1081 15961 11
 1082 24667 17
 1083 4353 3
 1084 17412 12
 1085 1451 1
 1086 26118 18
 1087 24667 17
 1088 15961 11
 1089 17412 12
 1090 4353 3
 1091 1451 1
 1092 11608 8
 1093 5804 4
 1094 4353 3
 1095 7255 5
 1096 15961 11
 1097 27569 19
 1098 23216 16
 1099 4353 3
 1100 14510 10
 1101 23216 16
 1102 2902 2
 1103 1451 1
 1104 14510 10
 1105 8706 6
 1106 5804 4
 1107 23216 16
 1108 27569 19
 1109 5804 4
 1110 24667 17
 1111 2902 2
 1112 7255 5
 1113 2902 2
 1114 18863 13
 1115 5804 4
 1116 1451 1
 1117 24667 17
 1118 23216 16
 1119 8706 6
 1120 1451 1
 1121 1451 1
 1122 21765 15
 1123 11608 8
 1124 1451 1
 1125 2902 2
 1126 29020 20
 1127 23216 16
 1128 13059 9
 1129 13059 9
 1130 4353 3
 1131 17412 12
 1132 14510 10
 1133 21765 15
 1134 15961 11
 1135 2902 2
 1136 10157 7
 1137 11608 8
 1138 4353 3
 1139 20314 14
 1140 1451 1
 1141 7255 5
 1142 29020 20
 1143 4353 3
 1144 5804 4
 1145 15961 11
 1146 10157 7
 1147 10157 7
 1148 7255 5
 1149 13059 9
 1150 20314 14
 1151 4353 3
 1152 7255 5
 1153 4353 3
 1154 13059 9
 1155 13059 9
 1156 11608 8
 1157 26118 18
 1158 15961 11
 1159 18863 13
 1160 5804 4
 1161 15961 11
 1162 18863 13
 1163 8706 6
 1164 17412 12
 1165 15961 11
 1166 1451 1
 1167 7255 5
 1168 24667 17
 1169 5804 4
 1170 1451 1
 1171 2902 2
 1172 21765 15
 1173 13059 9
 1174 14510 10
 1175 20314 14
 1176 21765 15
 1177 8706 6
 1178 8706 6
 1179 8706 6
 1180 8706 6
 1181 7255 5
 1182 24667 17
 1183 21765 15
 1184 23216 16
 1185 4353 3
 1186 21765 15
 1187 4353 3
 1188 29020 20
 1189 24667 17
 1190 4353 3
 1191 26118 18
 1192 20314 14
 1193 29020 20
 1194 24667 17
 1195 18863 13
 1196 1451 1
 1197 27569 19
 1198 20314 14
 1199 5804 4
 1200 1451 1
 1201 10157 7
 1202 18863 13
 1203 10157 7
 1204 21765 15
 1205 11608 8
 1206 21765 15
 1207 13059 9
 1208 17412 12
 1209 13059 9
 1210 21765 15
 1211 4353 3
 1212 23216 16
 1213 29020 20
 1214 23216 16
 1215 11608 8
 1216 20314 14
 1217 8706 6
 1218 27569 19
 1219 8706 6
 1220 29020 20
 1221 4353 3
 1222 13059 9
 1223 13059 9
 1224 1451 1
 1225 18863 13
 1226 2902 2
 1227 5804 4
 1228 2902 2
 1229 27569 19
 1230 27569 19
 1231 18863 13
 1232 24667 17
 1233 23216 16
 1234 26118 18
 1235 27569 19
 1236 13059 9
 1237 11608 8
 1238 7255 5
 1239 4353 3
 1240 24667 17
 1241 26118 18
 1242 21765 15
 1243 26118 18
 1244 17412 12
 1245 4353 3
 1246 20314 14
 1247 23216 16
 1248 1451 1
 1249 29020 20
 1250 11608 8
 1251 21765 15
 1252 26118 18
 1253 27569 19
 1254 18863 13
 1255 20314 14
 1256 7255 5
 1257 26118 18
 1258 27569 19
 1259 8706 6
 1260 11608 8
 1261 7255 5
 1262 26118 18
 1263 4353 3
 1264 26118 18
 1265 2902 2
 1266 18863 13
 1267 2902 2
 1268 14510 10
 1269 4353 3
 1270 21765 15
 1271 27569 19
 1272 27569 19
 1273 26118 18
 1274 26118 18
 1275 27569 19
 1276 13059 9
 1277 27569 19
 1278 2902 2
 1279 13059 9
 1280 17412 12
 1281 11608 8
 1282 7255 5
 1283 13059 9
 1284 2902 2
 1285 4353 3
 1286 8706 6
 1287 4353 3
 1288 4353 3
 1289 2902 2
 1290 15961 11
 1291 17412 12
 1292 24667 17
 1293 23216 16
 1294 14510 10
 1295 14510 10
 1296 18863 13
 1297 21765 15
 1298 23216 16
 1299 18863 13
 1300 23216 16
 1301 23216 16
 1302 24667 17
 1303 29020 20
 1304 11608 8
 1305 21765 15
 1306 27569 19
 1307 5804 4
 1308 14510 10
 1309 27569 19
 1310 21765 15
 1311 14510 10
 1312 18863 13
 1313 20314 14
 1314 27569 19
 1315 29020 20
 1316 11608 8
 1317 26118 18
 1318 29020 20
 1319 23216 16
 1320 14510 10
 1321 18863 13
 1322 1451 1
 1323 24667 17
 1324 29020 20
 1325 7255 5
 1326 24667 17
 1327 10157 7
 1328 20314 14
 1329 27569 19
 1330 24667 17
 1331 17412 12
 1332 29020 20
 1333 23216 16
 1334 17412 12
 1335 13059 9
 1336 11608 8
 1337 5804 4
 1338 27569 19
 1339 27569 19
 1340 20314 14
 1341 26118 18
 1342 29020 20
 1343 24667 17
 1344 5804 4
 1345 21765 15
 1346 29020 20
 1347 13059 9
 1348 27569 19
 1349 26118 18
 1350 11608 8
 1351 4353 3
 1352 5804 4
 1353 2902 2
 1354 10157 7
 1355 23216 16
 1356 29020 20
 1357 13059 9
 1358 24667 17
 1359 11608 8
 1360 24667 17
 1361 5804 4
 1362 26118 18
 1363 5804 4
 1364 7255 5
 1365 8706 6
 1366 29020 20
 1367 11608 8
 1368 8706 6
 1369 14510 10
 1370 17412 12
 1371 18863 13
 1372 10157 7
 1373 24667 17
 1374 21765 15
 1375 8706 6
 1376 5804 4
 1377 2902 2
 1378 7255 5
 1379 4353 3
 1380 20314 14
 1381 18863 13
 1382 5804 4
 1383 23216 16
 1384 23216 16
 1385 26118 18
 1386 24667 17
 1387 13059 9
 1388 29020 20
 1389 24667 17
 1390 11608 8
 1391 24667 17
 1392 8706 6
 1393 26118 18
 1394 24667 17
 1395 13059 9
 1396 10157 7
 1397 13059 9
 1398 24667 17
 1399 7255 5
 1400 4353 3
 1401 17412 12
 1402 8706 6
 1403 10157 7
 1404 29020 20
 1405 20314 14
 1406 17412 12
 1407 14510 10
 1408 10157 7
 1409 7255 5
 1410 24667 17
 1411 7255 5
 1412 14510 10
 1413 26118 18
 1414 8706 6
 1415 7255 5
 1416 10157 7
 1417 4353 3
 1418 13059 9
 1419 18863 13
 1420 15961 11
 1421 11608 8
 1422 20314 14
 1423 14510 10
 1424 20314 14
 1425 8706 6
 1426 15961 11
 1427 15961 11
 1428 17412 12
 1429 13059 9
 1430 26118 18
 1431 14510 10
 1432 10157 7
 1433 27569 19
 1434 7255 5
 1435 13059 9
 1436 13059 9
 1437 13059 9
 1438 21765 15
 1439 20314 14
 1440 15961 11
 1441 13059 9
 1442 20314 14
 1443 20314 14
 1444 29020 20
 1445 14510 10
 1446 5804 4
 1447 29020 20
 1448 18863 13
 1449 4353 3
 1450 11608 8
 1451 5804 4
14510