155
 1 2170 14
 2 2945 19
 3 3100 20
 4 1085 7
 5 1860 12
 6 1085 7
 7 930 6
 8 1860 12
 9 1860 12
 10 2480 16
 11 930 6
 12 1085 7
 13 3100 20
 14 2325 15
 15 2170 14
 16 2480 16
 17 2635 17
 18 930 6
 19 1240 8
 20 1705 11
 21 465 3
 22 310 2
 23 620 4
 24 1860 12
 25 1550 10
 26 2635 17
 27 3100 20
 28 620 4
 29 2480 16
 30 465 3
 31 155 1
 32 2015 13
 33 1860 12
 34 2170 14
 35 930 6
 36 2015 13
 37 2480 16
 38 3100 20
 39 1240 8
 40 1705 11
 41 1705 11
 42 1550 10
 43 1085 7
 44 310 2
 45 2015 13
 46 2480 16
 47 2170 14
 48 2635 17
 49 930 6
 50 1085 7
 51 2790 18
 52 1705 11
 53 1395 9
 54 2015 13
 55 1860 12
 56 1085 7
 57 2945 19
 58 1240 8
 59 2170 14
 60 1550 10
 61 3100 20
 62 1860 12
 63 775 5
 64 2170 14
 65 2635 17
 66 1395 9
 67 2325 15
 68 775 5
 69 2945 19
 70 3100 20
 71 775 5
 72 1550 10
 73 775 5
 74 930 6
 75 2015 13
 76 1395 9
 77 1550 10
 78 2015 13
 79 2635 17
 80 1705 11
 81 930 6
 82 1550 10
 83 775 5
 84 465 3
 85 2790 18
 86 2325 15
 87 1085 7
 88 155 1
 89 620 4
 90 2945 19
 91 310 2
 92 310 2
 93 155 1
 94 1860 12
 95 2790 18
 96 2480 16
 97 1240 8
 98 1240 8
 99 1705 11
 100 2015 13
 101 1085 7
 102 310 2
 103 2170 14
 104 930 6
 105 155 1
 106 2945 19
 107 2635 17
 108 775 5
 109 3100 20
 110 930 6
 111 310 2
 112 310 2
 113 2790 18
 114 2945 19
 115 620 4
 116 775 5
 117 1705 11
 118 2015 13
 119 155 1
 120 3100 20
 121 2790 18
 122 2635 17
 123 775 5
 124 310 2
 125 1550 10
 126 775 5
 127 465 3
 128 2170 14
 129 930 6
 130 2480 16
 131 1705 11
 132 310 2
 133 775 5
 134 2790 18
 135 620 4
 136 1395 9
 137 620 4
 138 2790 18
 139 775 5
 140 1860 12
 141 155 1
 142 775 5
 143 1395 9
 144 2635 17
 145 2790 18
 146 2325 15
 147 1550 10
 148 1550 10
 149 310 2
 150 2635 17
 151 1085 7
 152 465 3
 153 2170 14
 154 155 1
 155 1705 11
1395