178
 1 3026 17
 2 1602 9
 3 2848 16
 4 712 4
 5 1780 10
 6 2670 15
 7 3204 18
 8 3560 20
 9 890 5
 10 1958 11
 11 2670 15
 12 3382 19
 13 2136 12
 14 534 3
 15 1780 10
 16 2492 14
 17 534 3
 18 1068 6
 19 1068 6
 20 356 2
 21 356 2
 22 1246 7
 23 356 2
 24 3026 17
 25 2314 13
 26 1958 11
 27 2848 16
 28 1958 11
 29 1246 7
 30 3204 18
 31 2848 16
 32 3204 18
 33 1246 7
 34 3026 17
 35 2848 16
 36 1602 9
 37 712 4
 38 1780 10
 39 3560 20
 40 1068 6
 41 3204 18
 42 1780 10
 43 1602 9
 44 356 2
 45 1958 11
 46 890 5
 47 890 5
 48 2848 16
 49 3026 17
 50 1602 9
 51 2670 15
 52 2670 15
 53 712 4
 54 3204 18
 55 178 1
 56 1602 9
 57 534 3
 58 3560 20
 59 1068 6
 60 1602 9
 61 1602 9
 62 178 1
 63 1958 11
 64 712 4
 65 1958 11
 66 3382 19
 67 1780 10
 68 2314 13
 69 1068 6
 70 1246 7
 71 356 2
 72 2492 14
 73 890 5
 74 1424 8
 75 2492 14
 76 3026 17
 77 534 3
 78 2492 14
 79 3560 20
 80 2314 13
 81 712 4
 82 1424 8
 83 3204 18
 84 3204 18
 85 2848 16
 86 3026 17
 87 1780 10
 88 178 1
 89 3382 19
 90 178 1
 91 2492 14
 92 356 2
 93 2492 14
 94 356 2
 95 356 2
 96 2314 13
 97 3204 18
 98 2670 15
 99 1958 11
 100 3382 19
 101 1246 7
 102 3560 20
 103 3204 18
 104 1958 11
 105 2314 13
 106 2670 15
 107 3026 17
 108 2848 16
 109 178 1
 110 356 2
 111 2848 16
 112 2670 15
 113 1602 9
 114 178 1
 115 3560 20
 116 1958 11
 117 2848 16
 118 712 4
 119 3204 18
 120 3026 17
 121 2314 13
 122 534 3
 123 1602 9
 124 1424 8
 125 3204 18
 126 1780 10
 127 3560 20
 128 712 4
 129 178 1
 130 2314 13
 131 1246 7
 132 1246 7
 133 2492 14
 134 1246 7
 135 1602 9
 136 890 5
 137 712 4
 138 3204 18
 139 3026 17
 140 2314 13
 141 3382 19
 142 534 3
 143 1424 8
 144 2314 13
 145 3560 20
 146 178 1
 147 3026 17
 148 1780 10
 149 1424 8
 150 890 5
 151 2848 16
 152 712 4
 153 1958 11
 154 712 4
 155 1068 6
 156 1246 7
 157 2492 14
 158 3204 18
 159 3560 20
 160 178 1
 161 1958 11
 162 1780 10
 163 1958 11
 164 2492 14
 165 712 4
 166 2136 12
 167 534 3
 168 3382 19
 169 3026 17
 170 3382 19
 171 3026 17
 172 3204 18
 173 178 1
 174 2314 13
 175 2492 14
 176 1424 8
 177 2136 12
 178 1424 8
356