2209
 1 11045 5
 2 28717 13
 3 6627 3
 4 24299 11
 5 11045 5
 6 8836 4
 7 24299 11
 8 30926 14
 9 35344 16
 10 30926 14
 11 19881 9
 12 13254 6
 13 17672 8
 14 44180 20
 15 13254 6
 16 26508 12
 17 28717 13
 18 11045 5
 19 28717 13
 20 4418 2
 21 41971 19
 22 6627 3
 23 19881 9
 24 30926 14
 25 2209 1
 26 39762 18
 27 15463 7
 28 44180 20
 29 26508 12
 30 11045 5
 31 28717 13
 32 22090 10
 33 13254 6
 34 44180 20
 35 8836 4
 36 6627 3
 37 2209 1
 38 4418 2
 39 28717 13
 40 11045 5
 41 8836 4
 42 33135 15
 43 37553 17
 44 28717 13
 45 15463 7
 46 15463 7
 47 19881 9
 48 19881 9
 49 2209 1
 50 2209 1
 51 15463 7
 52 37553 17
 53 33135 15
 54 35344 16
 55 39762 18
 56 44180 20
 57 37553 17
 58 22090 10
 59 6627 3
 60 6627 3
 61 17672 8
 62 11045 5
 63 8836 4
 64 4418 2
 65 35344 16
 66 15463 7
 67 11045 5
 68 19881 9
 69 6627 3
 70 6627 3
 71 33135 15
 72 15463 7
 73 35344 16
 74 24299 11
 75 6627 3
 76 11045 5
 77 4418 2
 78 39762 18
 79 39762 18
 80 35344 16
 81 24299 11
 82 19881 9
 83 28717 13
 84 4418 2
 85 4418 2
 86 26508 12
 87 35344 16
 88 6627 3
 89 22090 10
 90 17672 8
 91 44180 20
 92 28717 13
 93 39762 18
 94 26508 12
 95 37553 17
 96 44180 20
 97 44180 20
 98 41971 19
 99 30926 14
 100 2209 1
 101 6627 3
 102 30926 14
 103 15463 7
 104 6627 3
 105 41971 19
 106 15463 7
 107 37553 17
 108 41971 19
 109 33135 15
 110 15463 7
 111 30926 14
 112 41971 19
 113 26508 12
 114 24299 11
 115 39762 18
 116 37553 17
 117 41971 19
 118 39762 18
 119 15463 7
 120 15463 7
 121 37553 17
 122 11045 5
 123 2209 1
 124 44180 20
 125 24299 11
 126 37553 17
 127 22090 10
 128 11045 5
 129 24299 11
 130 22090 10
 131 44180 20
 132 15463 7
 133 33135 15
 134 17672 8
 135 11045 5
 136 41971 19
 137 19881 9
 138 8836 4
 139 35344 16
 140 41971 19
 141 39762 18
 142 37553 17
 143 35344 16
 144 22090 10
 145 28717 13
 146 6627 3
 147 4418 2
 148 33135 15
 149 6627 3
 150 30926 14
 151 8836 4
 152 6627 3
 153 2209 1
 154 28717 13
 155 8836 4
 156 6627 3
 157 44180 20
 158 2209 1
 159 4418 2
 160 6627 3
 161 35344 16
 162 17672 8
 163 33135 15
 164 13254 6
 165 35344 16
 166 30926 14
 167 19881 9
 168 2209 1
 169 33135 15
 170 44180 20
 171 4418 2
 172 2209 1
 173 24299 11
 174 6627 3
 175 4418 2
 176 28717 13
 177 39762 18
 178 24299 11
 179 15463 7
 180 28717 13
 181 33135 15
 182 6627 3
 183 17672 8
 184 39762 18
 185 11045 5
 186 8836 4
 187 11045 5
 188 39762 18
 189 4418 2
 190 19881 9
 191 13254 6
 192 28717 13
 193 2209 1
 194 19881 9
 195 35344 16
 196 8836 4
 197 8836 4
 198 26508 12
 199 17672 8
 200 11045 5
 201 19881 9
 202 39762 18
 203 41971 19
 204 35344 16
 205 44180 20
 206 26508 12
 207 24299 11
 208 8836 4
 209 37553 17
 210 37553 17
 211 28717 13
 212 28717 13
 213 37553 17
 214 13254 6
 215 30926 14
 216 8836 4
 217 13254 6
 218 17672 8
 219 37553 17
 220 13254 6
 221 8836 4
 222 26508 12
 223 22090 10
 224 37553 17
 225 22090 10
 226 17672 8
 227 35344 16
 228 4418 2
 229 22090 10
 230 35344 16
 231 4418 2
 232 17672 8
 233 6627 3
 234 22090 10
 235 8836 4
 236 15463 7
 237 6627 3
 238 15463 7
 239 8836 4
 240 37553 17
 241 44180 20
 242 30926 14
 243 26508 12
 244 15463 7
 245 24299 11
 246 30926 14
 247 8836 4
 248 30926 14
 249 19881 9
 250 30926 14
 251 15463 7
 252 19881 9
 253 13254 6
 254 44180 20
 255 11045 5
 256 17672 8
 257 15463 7
 258 24299 11
 259 39762 18
 260 39762 18
 261 17672 8
 262 35344 16
 263 24299 11
 264 22090 10
 265 30926 14
 266 19881 9
 267 4418 2
 268 30926 14
 269 37553 17
 270 13254 6
 271 44180 20
 272 8836 4
 273 24299 11
 274 4418 2
 275 39762 18
 276 39762 18
 277 28717 13
 278 35344 16
 279 24299 11
 280 8836 4
 281 24299 11
 282 4418 2
 283 11045 5
 284 19881 9
 285 11045 5
 286 30926 14
 287 35344 16
 288 13254 6
 289 26508 12
 290 15463 7
 291 37553 17
 292 24299 11
 293 17672 8
 294 33135 15
 295 24299 11
 296 11045 5
 297 8836 4
 298 11045 5
 299 4418 2
 300 39762 18
 301 35344 16
 302 2209 1
 303 26508 12
 304 30926 14
 305 26508 12
 306 22090 10
 307 6627 3
 308 19881 9
 309 39762 18
 310 37553 17
 311 17672 8
 312 2209 1
 313 8836 4
 314 6627 3
 315 37553 17
 316 37553 17
 317 26508 12
 318 37553 17
 319 35344 16
 320 44180 20
 321 19881 9
 322 15463 7
 323 39762 18
 324 22090 10
 325 44180 20
 326 35344 16
 327 30926 14
 328 37553 17
 329 13254 6
 330 22090 10
 331 17672 8
 332 24299 11
 333 41971 19
 334 26508 12
 335 15463 7
 336 24299 11
 337 4418 2
 338 35344 16
 339 22090 10
 340 13254 6
 341 39762 18
 342 22090 10
 343 6627 3
 344 39762 18
 345 13254 6
 346 6627 3
 347 41971 19
 348 33135 15
 349 15463 7
 350 15463 7
 351 30926 14
 352 26508 12
 353 39762 18
 354 8836 4
 355 28717 13
 356 28717 13
 357 39762 18
 358 35344 16
 359 44180 20
 360 22090 10
 361 41971 19
 362 26508 12
 363 33135 15
 364 22090 10
 365 41971 19
 366 13254 6
 367 33135 15
 368 6627 3
 369 44180 20
 370 28717 13
 371 37553 17
 372 8836 4
 373 33135 15
 374 4418 2
 375 39762 18
 376 2209 1
 377 17672 8
 378 28717 13
 379 39762 18
 380 33135 15
 381 39762 18
 382 24299 11
 383 24299 11
 384 30926 14
 385 2209 1
 386 30926 14
 387 35344 16
 388 26508 12
 389 33135 15
 390 4418 2
 391 22090 10
 392 11045 5
 393 19881 9
 394 17672 8
 395 39762 18
 396 26508 12
 397 44180 20
 398 11045 5
 399 11045 5
 400 26508 12
 401 4418 2
 402 6627 3
 403 24299 11
 404 33135 15
 405 30926 14
 406 33135 15
 407 11045 5
 408 26508 12
 409 17672 8
 410 13254 6
 411 17672 8
 412 33135 15
 413 11045 5
 414 41971 19
 415 8836 4
 416 28717 13
 417 37553 17
 418 26508 12
 419 41971 19
 420 26508 12
 421 2209 1
 422 22090 10
 423 44180 20
 424 33135 15
 425 30926 14
 426 37553 17
 427 2209 1
 428 37553 17
 429 8836 4
 430 6627 3
 431 30926 14
 432 39762 18
 433 26508 12
 434 11045 5
 435 19881 9
 436 2209 1
 437 6627 3
 438 2209 1
 439 17672 8
 440 41971 19
 441 17672 8
 442 39762 18
 443 30926 14
 444 30926 14
 445 30926 14
 446 35344 16
 447 4418 2
 448 37553 17
 449 11045 5
 450 39762 18
 451 39762 18
 452 28717 13
 453 44180 20
 454 15463 7
 455 15463 7
 456 39762 18
 457 37553 17
 458 30926 14
 459 30926 14
 460 15463 7
 461 11045 5
 462 4418 2
 463 15463 7
 464 30926 14
 465 26508 12
 466 26508 12
 467 44180 20
 468 8836 4
 469 13254 6
 470 44180 20
 471 11045 5
 472 2209 1
 473 26508 12
 474 28717 13
 475 41971 19
 476 15463 7
 477 33135 15
 478 2209 1
 479 4418 2
 480 8836 4
 481 22090 10
 482 33135 15
 483 24299 11
 484 11045 5
 485 13254 6
 486 24299 11
 487 8836 4
 488 15463 7
 489 24299 11
 490 26508 12
 491 15463 7
 492 17672 8
 493 28717 13
 494 6627 3
 495 24299 11
 496 13254 6
 497 44180 20
 498 19881 9
 499 8836 4
 500 37553 17
 501 17672 8
 502 13254 6
 503 17672 8
 504 35344 16
 505 6627 3
 506 37553 17
 507 35344 16
 508 4418 2
 509 39762 18
 510 35344 16
 511 37553 17
 512 26508 12
 513 30926 14
 514 44180 20
 515 37553 17
 516 28717 13
 517 17672 8
 518 19881 9
 519 6627 3
 520 22090 10
 521 39762 18
 522 44180 20
 523 15463 7
 524 35344 16
 525 33135 15
 526 30926 14
 527 30926 14
 528 37553 17
 529 35344 16
 530 33135 15
 531 8836 4
 532 17672 8
 533 6627 3
 534 44180 20
 535 22090 10
 536 44180 20
 537 8836 4
 538 41971 19
 539 17672 8
 540 44180 20
 541 4418 2
 542 15463 7
 543 17672 8
 544 30926 14
 545 41971 19
 546 33135 15
 547 39762 18
 548 13254 6
 549 22090 10
 550 28717 13
 551 6627 3
 552 24299 11
 553 13254 6
 554 11045 5
 555 26508 12
 556 39762 18
 557 33135 15
 558 37553 17
 559 35344 16
 560 33135 15
 561 13254 6
 562 41971 19
 563 4418 2
 564 2209 1
 565 13254 6
 566 39762 18
 567 39762 18
 568 30926 14
 569 35344 16
 570 30926 14
 571 19881 9
 572 2209 1
 573 30926 14
 574 15463 7
 575 39762 18
 576 11045 5
 577 33135 15
 578 26508 12
 579 2209 1
 580 8836 4
 581 11045 5
 582 4418 2
 583 2209 1
 584 19881 9
 585 24299 11
 586 8836 4
 587 2209 1
 588 13254 6
 589 24299 11
 590 17672 8
 591 13254 6
 592 30926 14
 593 4418 2
 594 39762 18
 595 19881 9
 596 13254 6
 597 8836 4
 598 13254 6
 599 30926 14
 600 41971 19
 601 17672 8
 602 24299 11
 603 8836 4
 604 13254 6
 605 4418 2
 606 8836 4
 607 17672 8
 608 4418 2
 609 8836 4
 610 11045 5
 611 19881 9
 612 17672 8
 613 30926 14
 614 33135 15
 615 19881 9
 616 22090 10
 617 13254 6
 618 8836 4
 619 28717 13
 620 6627 3
 621 44180 20
 622 28717 13
 623 24299 11
 624 8836 4
 625 30926 14
 626 39762 18
 627 17672 8
 628 19881 9
 629 33135 15
 630 39762 18
 631 15463 7
 632 30926 14
 633 22090 10
 634 2209 1
 635 37553 17
 636 15463 7
 637 6627 3
 638 28717 13
 639 24299 11
 640 17672 8
 641 8836 4
 642 15463 7
 643 24299 11
 644 26508 12
 645 44180 20
 646 11045 5
 647 8836 4
 648 15463 7
 649 4418 2
 650 44180 20
 651 19881 9
 652 24299 11
 653 17672 8
 654 33135 15
 655 13254 6
 656 11045 5
 657 17672 8
 658 17672 8
 659 19881 9
 660 17672 8
 661 26508 12
 662 28717 13
 663 19881 9
 664 22090 10
 665 6627 3
 666 39762 18
 667 33135 15
 668 17672 8
 669 15463 7
 670 19881 9
 671 26508 12
 672 37553 17
 673 35344 16
 674 17672 8
 675 26508 12
 676 13254 6
 677 19881 9
 678 41971 19
 679 44180 20
 680 30926 14
 681 28717 13
 682 13254 6
 683 39762 18
 684 33135 15
 685 6627 3
 686 28717 13
 687 37553 17
 688 44180 20
 689 2209 1
 690 28717 13
 691 37553 17
 692 19881 9
 693 33135 15
 694 11045 5
 695 35344 16
 696 2209 1
 697 30926 14
 698 19881 9
 699 26508 12
 700 30926 14
 701 26508 12
 702 19881 9
 703 24299 11
 704 13254 6
 705 30926 14
 706 39762 18
 707 13254 6
 708 33135 15
 709 44180 20
 710 4418 2
 711 33135 15
 712 35344 16
 713 28717 13
 714 6627 3
 715 28717 13
 716 6627 3
 717 4418 2
 718 26508 12
 719 6627 3
 720 19881 9
 721 11045 5
 722 15463 7
 723 37553 17
 724 39762 18
 725 15463 7
 726 17672 8
 727 24299 11
 728 37553 17
 729 41971 19
 730 17672 8
 731 17672 8
 732 41971 19
 733 22090 10
 734 22090 10
 735 6627 3
 736 37553 17
 737 24299 11
 738 17672 8
 739 4418 2
 740 8836 4
 741 30926 14
 742 13254 6
 743 41971 19
 744 37553 17
 745 26508 12
 746 24299 11
 747 26508 12
 748 11045 5
 749 11045 5
 750 4418 2
 751 44180 20
 752 22090 10
 753 6627 3
 754 8836 4
 755 2209 1
 756 35344 16
 757 6627 3
 758 17672 8
 759 44180 20
 760 39762 18
 761 4418 2
 762 22090 10
 763 33135 15
 764 4418 2
 765 8836 4
 766 37553 17
 767 11045 5
 768 35344 16
 769 26508 12
 770 11045 5
 771 22090 10
 772 30926 14
 773 11045 5
 774 13254 6
 775 41971 19
 776 41971 19
 777 11045 5
 778 6627 3
 779 6627 3
 780 24299 11
 781 11045 5
 782 4418 2
 783 26508 12
 784 15463 7
 785 4418 2
 786 2209 1
 787 35344 16
 788 44180 20
 789 4418 2
 790 35344 16
 791 4418 2
 792 26508 12
 793 28717 13
 794 22090 10
 795 6627 3
 796 2209 1
 797 11045 5
 798 26508 12
 799 41971 19
 800 39762 18
 801 30926 14
 802 4418 2
 803 17672 8
 804 11045 5
 805 41971 19
 806 15463 7
 807 2209 1
 808 26508 12
 809 24299 11
 810 41971 19
 811 37553 17
 812 17672 8
 813 6627 3
 814 33135 15
 815 39762 18
 816 44180 20
 817 2209 1
 818 37553 17
 819 35344 16
 820 22090 10
 821 28717 13
 822 4418 2
 823 28717 13
 824 13254 6
 825 33135 15
 826 44180 20
 827 15463 7
 828 35344 16
 829 33135 15
 830 19881 9
 831 28717 13
 832 11045 5
 833 4418 2
 834 35344 16
 835 44180 20
 836 44180 20
 837 30926 14
 838 8836 4
 839 2209 1
 840 2209 1
 841 24299 11
 842 28717 13
 843 24299 11
 844 4418 2
 845 41971 19
 846 44180 20
 847 15463 7
 848 26508 12
 849 39762 18
 850 15463 7
 851 30926 14
 852 44180 20
 853 39762 18
 854 26508 12
 855 6627 3
 856 8836 4
 857 35344 16
 858 33135 15
 859 37553 17
 860 24299 11
 861 44180 20
 862 4418 2
 863 13254 6
 864 19881 9
 865 2209 1
 866 15463 7
 867 39762 18
 868 4418 2
 869 33135 15
 870 33135 15
 871 39762 18
 872 15463 7
 873 35344 16
 874 8836 4
 875 19881 9
 876 28717 13
 877 22090 10
 878 30926 14
 879 19881 9
 880 33135 15
 881 11045 5
 882 15463 7
 883 6627 3
 884 19881 9
 885 26508 12
 886 44180 20
 887 17672 8
 888 13254 6
 889 30926 14
 890 39762 18
 891 17672 8
 892 41971 19
 893 13254 6
 894 15463 7
 895 30926 14
 896 28717 13
 897 15463 7
 898 39762 18
 899 37553 17
 900 2209 1
 901 2209 1
 902 26508 12
 903 28717 13
 904 26508 12
 905 30926 14
 906 24299 11
 907 15463 7
 908 19881 9
 909 39762 18
 910 11045 5
 911 24299 11
 912 4418 2
 913 30926 14
 914 33135 15
 915 13254 6
 916 41971 19
 917 19881 9
 918 22090 10
 919 26508 12
 920 13254 6
 921 22090 10
 922 39762 18
 923 37553 17
 924 13254 6
 925 2209 1
 926 15463 7
 927 44180 20
 928 30926 14
 929 35344 16
 930 37553 17
 931 30926 14
 932 22090 10
 933 44180 20
 934 35344 16
 935 39762 18
 936 4418 2
 937 19881 9
 938 37553 17
 939 13254 6
 940 6627 3
 941 35344 16
 942 39762 18
 943 30926 14
 944 30926 14
 945 2209 1
 946 39762 18
 947 19881 9
 948 11045 5
 949 28717 13
 950 39762 18
 951 17672 8
 952 4418 2
 953 19881 9
 954 6627 3
 955 35344 16
 956 33135 15
 957 17672 8
 958 19881 9
 959 6627 3
 960 4418 2
 961 22090 10
 962 24299 11
 963 37553 17
 964 37553 17
 965 17672 8
 966 22090 10
 967 2209 1
 968 37553 17
 969 19881 9
 970 8836 4
 971 6627 3
 972 2209 1
 973 35344 16
 974 44180 20
 975 4418 2
 976 26508 12
 977 28717 13
 978 26508 12
 979 11045 5
 980 19881 9
 981 4418 2
 982 28717 13
 983 17672 8
 984 6627 3
 985 28717 13
 986 15463 7
 987 35344 16
 988 8836 4
 989 2209 1
 990 8836 4
 991 41971 19
 992 33135 15
 993 2209 1
 994 39762 18
 995 22090 10
 996 4418 2
 997 8836 4
 998 13254 6
 999 17672 8
 1000 4418 2
 1001 17672 8
 1002 30926 14
 1003 13254 6
 1004 26508 12
 1005 26508 12
 1006 6627 3
 1007 41971 19
 1008 8836 4
 1009 35344 16
 1010 4418 2
 1011 4418 2
 1012 13254 6
 1013 8836 4
 1014 6627 3
 1015 26508 12
 1016 17672 8
 1017 41971 19
 1018 24299 11
 1019 15463 7
 1020 4418 2
 1021 2209 1
 1022 30926 14
 1023 2209 1
 1024 33135 15
 1025 11045 5
 1026 39762 18
 1027 37553 17
 1028 11045 5
 1029 19881 9
 1030 28717 13
 1031 24299 11
 1032 19881 9
 1033 35344 16
 1034 30926 14
 1035 24299 11
 1036 41971 19
 1037 35344 16
 1038 6627 3
 1039 22090 10
 1040 8836 4
 1041 15463 7
 1042 44180 20
 1043 22090 10
 1044 41971 19
 1045 17672 8
 1046 39762 18
 1047 37553 17
 1048 24299 11
 1049 4418 2
 1050 6627 3
 1051 24299 11
 1052 22090 10
 1053 4418 2
 1054 6627 3
 1055 26508 12
 1056 4418 2
 1057 39762 18
 1058 19881 9
 1059 33135 15
 1060 28717 13
 1061 2209 1
 1062 41971 19
 1063 4418 2
 1064 13254 6
 1065 28717 13
 1066 26508 12
 1067 6627 3
 1068 37553 17
 1069 2209 1
 1070 15463 7
 1071 26508 12
 1072 19881 9
 1073 30926 14
 1074 8836 4
 1075 8836 4
 1076 24299 11
 1077 8836 4
 1078 15463 7
 1079 41971 19
 1080 41971 19
 1081 35344 16
 1082 24299 11
 1083 37553 17
 1084 33135 15
 1085 41971 19
 1086 37553 17
 1087 2209 1
 1088 4418 2
 1089 41971 19
 1090 11045 5
 1091 15463 7
 1092 13254 6
 1093 39762 18
 1094 2209 1
 1095 2209 1
 1096 15463 7
 1097 22090 10
 1098 22090 10
 1099 26508 12
 1100 17672 8
 1101 44180 20
 1102 17672 8
 1103 30926 14
 1104 8836 4
 1105 35344 16
 1106 35344 16
 1107 30926 14
 1108 19881 9
 1109 4418 2
 1110 41971 19
 1111 24299 11
 1112 30926 14
 1113 44180 20
 1114 39762 18
 1115 11045 5
 1116 15463 7
 1117 17672 8
 1118 39762 18
 1119 28717 13
 1120 33135 15
 1121 4418 2
 1122 19881 9
 1123 41971 19
 1124 17672 8
 1125 19881 9
 1126 6627 3
 1127 44180 20
 1128 26508 12
 1129 13254 6
 1130 19881 9
 1131 15463 7
 1132 24299 11
 1133 26508 12
 1134 44180 20
 1135 19881 9
 1136 24299 11
 1137 2209 1
 1138 33135 15
 1139 11045 5
 1140 35344 16
 1141 41971 19
 1142 44180 20
 1143 28717 13
 1144 24299 11
 1145 33135 15
 1146 35344 16
 1147 41971 19
 1148 35344 16
 1149 35344 16
 1150 30926 14
 1151 6627 3
 1152 13254 6
 1153 41971 19
 1154 19881 9
 1155 41971 19
 1156 11045 5
 1157 41971 19
 1158 39762 18
 1159 2209 1
 1160 39762 18
 1161 37553 17
 1162 15463 7
 1163 15463 7
 1164 24299 11
 1165 15463 7
 1166 35344 16
 1167 6627 3
 1168 35344 16
 1169 37553 17
 1170 35344 16
 1171 39762 18
 1172 22090 10
 1173 37553 17
 1174 24299 11
 1175 44180 20
 1176 19881 9
 1177 19881 9
 1178 35344 16
 1179 24299 11
 1180 4418 2
 1181 37553 17
 1182 30926 14
 1183 13254 6
 1184 44180 20
 1185 6627 3
 1186 13254 6
 1187 24299 11
 1188 8836 4
 1189 19881 9
 1190 44180 20
 1191 17672 8
 1192 22090 10
 1193 17672 8
 1194 8836 4
 1195 8836 4
 1196 19881 9
 1197 22090 10
 1198 4418 2
 1199 35344 16
 1200 19881 9
 1201 2209 1
 1202 30926 14
 1203 17672 8
 1204 13254 6
 1205 37553 17
 1206 6627 3
 1207 24299 11
 1208 17672 8
 1209 8836 4
 1210 35344 16
 1211 26508 12
 1212 33135 15
 1213 15463 7
 1214 11045 5
 1215 28717 13
 1216 39762 18
 1217 44180 20
 1218 35344 16
 1219 6627 3
 1220 35344 16
 1221 13254 6
 1222 24299 11
 1223 26508 12
 1224 4418 2
 1225 39762 18
 1226 13254 6
 1227 22090 10
 1228 2209 1
 1229 41971 19
 1230 39762 18
 1231 11045 5
 1232 4418 2
 1233 2209 1
 1234 17672 8
 1235 39762 18
 1236 15463 7
 1237 33135 15
 1238 6627 3
 1239 33135 15
 1240 24299 11
 1241 4418 2
 1242 24299 11
 1243 33135 15
 1244 19881 9
 1245 24299 11
 1246 2209 1
 1247 41971 19
 1248 4418 2
 1249 35344 16
 1250 39762 18
 1251 22090 10
 1252 19881 9
 1253 44180 20
 1254 8836 4
 1255 8836 4
 1256 30926 14
 1257 13254 6
 1258 11045 5
 1259 4418 2
 1260 44180 20
 1261 28717 13
 1262 22090 10
 1263 2209 1
 1264 15463 7
 1265 2209 1
 1266 41971 19
 1267 15463 7
 1268 6627 3
 1269 37553 17
 1270 28717 13
 1271 6627 3
 1272 6627 3
 1273 44180 20
 1274 28717 13
 1275 8836 4
 1276 2209 1
 1277 30926 14
 1278 24299 11
 1279 11045 5
 1280 13254 6
 1281 26508 12
 1282 33135 15
 1283 13254 6
 1284 26508 12
 1285 4418 2
 1286 35344 16
 1287 44180 20
 1288 33135 15
 1289 6627 3
 1290 35344 16
 1291 28717 13
 1292 44180 20
 1293 41971 19
 1294 8836 4
 1295 19881 9
 1296 41971 19
 1297 6627 3
 1298 17672 8
 1299 6627 3
 1300 24299 11
 1301 4418 2
 1302 15463 7
 1303 35344 16
 1304 30926 14
 1305 6627 3
 1306 33135 15
 1307 37553 17
 1308 22090 10
 1309 17672 8
 1310 4418 2
 1311 13254 6
 1312 6627 3
 1313 4418 2
 1314 41971 19
 1315 41971 19
 1316 24299 11
 1317 11045 5
 1318 8836 4
 1319 22090 10
 1320 6627 3
 1321 22090 10
 1322 2209 1
 1323 13254 6
 1324 26508 12
 1325 15463 7
 1326 4418 2
 1327 19881 9
 1328 26508 12
 1329 22090 10
 1330 24299 11
 1331 17672 8
 1332 15463 7
 1333 30926 14
 1334 44180 20
 1335 11045 5
 1336 33135 15
 1337 28717 13
 1338 37553 17
 1339 13254 6
 1340 8836 4
 1341 22090 10
 1342 37553 17
 1343 35344 16
 1344 44180 20
 1345 37553 17
 1346 41971 19
 1347 37553 17
 1348 35344 16
 1349 35344 16
 1350 37553 17
 1351 37553 17
 1352 35344 16
 1353 33135 15
 1354 4418 2
 1355 44180 20
 1356 44180 20
 1357 44180 20
 1358 15463 7
 1359 26508 12
 1360 30926 14
 1361 37553 17
 1362 4418 2
 1363 17672 8
 1364 4418 2
 1365 15463 7
 1366 19881 9
 1367 6627 3
 1368 33135 15
 1369 24299 11
 1370 41971 19
 1371 33135 15
 1372 4418 2
 1373 22090 10
 1374 11045 5
 1375 30926 14
 1376 39762 18
 1377 33135 15
 1378 24299 11
 1379 44180 20
 1380 15463 7
 1381 24299 11
 1382 2209 1
 1383 30926 14
 1384 30926 14
 1385 6627 3
 1386 37553 17
 1387 4418 2
 1388 24299 11
 1389 41971 19
 1390 33135 15
 1391 39762 18
 1392 41971 19
 1393 24299 11
 1394 44180 20
 1395 39762 18
 1396 6627 3
 1397 28717 13
 1398 11045 5
 1399 44180 20
 1400 15463 7
 1401 19881 9
 1402 39762 18
 1403 39762 18
 1404 8836 4
 1405 15463 7
 1406 8836 4
 1407 8836 4
 1408 26508 12
 1409 28717 13
 1410 4418 2
 1411 15463 7
 1412 11045 5
 1413 28717 13
 1414 44180 20
 1415 35344 16
 1416 37553 17
 1417 19881 9
 1418 33135 15
 1419 17672 8
 1420 11045 5
 1421 17672 8
 1422 37553 17
 1423 4418 2
 1424 33135 15
 1425 19881 9
 1426 13254 6
 1427 39762 18
 1428 17672 8
 1429 44180 20
 1430 13254 6
 1431 15463 7
 1432 26508 12
 1433 41971 19
 1434 11045 5
 1435 44180 20
 1436 26508 12
 1437 37553 17
 1438 2209 1
 1439 13254 6
 1440 44180 20
 1441 22090 10
 1442 35344 16
 1443 37553 17
 1444 39762 18
 1445 4418 2
 1446 28717 13
 1447 37553 17
 1448 30926 14
 1449 30926 14
 1450 26508 12
 1451 24299 11
 1452 13254 6
 1453 28717 13
 1454 37553 17
 1455 15463 7
 1456 2209 1
 1457 19881 9
 1458 39762 18
 1459 41971 19
 1460 44180 20
 1461 41971 19
 1462 37553 17
 1463 6627 3
 1464 17672 8
 1465 4418 2
 1466 8836 4
 1467 41971 19
 1468 17672 8
 1469 44180 20
 1470 2209 1
 1471 30926 14
 1472 30926 14
 1473 19881 9
 1474 33135 15
 1475 4418 2
 1476 26508 12
 1477 24299 11
 1478 26508 12
 1479 24299 11
 1480 28717 13
 1481 11045 5
 1482 22090 10
 1483 22090 10
 1484 11045 5
 1485 6627 3
 1486 41971 19
 1487 41971 19
 1488 41971 19
 1489 19881 9
 1490 30926 14
 1491 44180 20
 1492 8836 4
 1493 26508 12
 1494 35344 16
 1495 15463 7
 1496 11045 5
 1497 13254 6
 1498 26508 12
 1499 2209 1
 1500 15463 7
 1501 24299 11
 1502 28717 13
 1503 4418 2
 1504 6627 3
 1505 44180 20
 1506 33135 15
 1507 8836 4
 1508 28717 13
 1509 4418 2
 1510 2209 1
 1511 33135 15
 1512 39762 18
 1513 2209 1
 1514 28717 13
 1515 30926 14
 1516 41971 19
 1517 37553 17
 1518 26508 12
 1519 19881 9
 1520 35344 16
 1521 39762 18
 1522 35344 16
 1523 13254 6
 1524 37553 17
 1525 2209 1
 1526 30926 14
 1527 41971 19
 1528 2209 1
 1529 35344 16
 1530 30926 14
 1531 35344 16
 1532 41971 19
 1533 44180 20
 1534 15463 7
 1535 11045 5
 1536 41971 19
 1537 39762 18
 1538 13254 6
 1539 2209 1
 1540 39762 18
 1541 37553 17
 1542 22090 10
 1543 28717 13
 1544 24299 11
 1545 15463 7
 1546 39762 18
 1547 19881 9
 1548 28717 13
 1549 35344 16
 1550 15463 7
 1551 17672 8
 1552 19881 9
 1553 15463 7
 1554 2209 1
 1555 19881 9
 1556 33135 15
 1557 28717 13
 1558 4418 2
 1559 8836 4
 1560 37553 17
 1561 2209 1
 1562 6627 3
 1563 2209 1
 1564 39762 18
 1565 2209 1
 1566 11045 5
 1567 15463 7
 1568 24299 11
 1569 8836 4
 1570 2209 1
 1571 15463 7
 1572 28717 13
 1573 28717 13
 1574 13254 6
 1575 37553 17
 1576 41971 19
 1577 8836 4
 1578 26508 12
 1579 6627 3
 1580 22090 10
 1581 28717 13
 1582 41971 19
 1583 4418 2
 1584 22090 10
 1585 30926 14
 1586 2209 1
 1587 13254 6
 1588 39762 18
 1589 30926 14
 1590 44180 20
 1591 39762 18
 1592 2209 1
 1593 37553 17
 1594 33135 15
 1595 44180 20
 1596 6627 3
 1597 37553 17
 1598 19881 9
 1599 30926 14
 1600 35344 16
 1601 39762 18
 1602 17672 8
 1603 11045 5
 1604 19881 9
 1605 22090 10
 1606 33135 15
 1607 37553 17
 1608 11045 5
 1609 26508 12
 1610 30926 14
 1611 15463 7
 1612 39762 18
 1613 26508 12
 1614 19881 9
 1615 33135 15
 1616 24299 11
 1617 26508 12
 1618 41971 19
 1619 17672 8
 1620 15463 7
 1621 19881 9
 1622 17672 8
 1623 8836 4
 1624 35344 16
 1625 30926 14
 1626 22090 10
 1627 24299 11
 1628 19881 9
 1629 4418 2
 1630 8836 4
 1631 15463 7
 1632 22090 10
 1633 35344 16
 1634 8836 4
 1635 17672 8
 1636 33135 15
 1637 22090 10
 1638 4418 2
 1639 28717 13
 1640 19881 9
 1641 13254 6
 1642 35344 16
 1643 37553 17
 1644 33135 15
 1645 22090 10
 1646 41971 19
 1647 6627 3
 1648 44180 20
 1649 22090 10
 1650 22090 10
 1651 2209 1
 1652 13254 6
 1653 35344 16
 1654 13254 6
 1655 24299 11
 1656 8836 4
 1657 2209 1
 1658 33135 15
 1659 24299 11
 1660 24299 11
 1661 26508 12
 1662 4418 2
 1663 4418 2
 1664 19881 9
 1665 2209 1
 1666 15463 7
 1667 22090 10
 1668 8836 4
 1669 35344 16
 1670 17672 8
 1671 4418 2
 1672 2209 1
 1673 13254 6
 1674 2209 1
 1675 6627 3
 1676 33135 15
 1677 6627 3
 1678 6627 3
 1679 6627 3
 1680 35344 16
 1681 11045 5
 1682 41971 19
 1683 30926 14
 1684 39762 18
 1685 26508 12
 1686 28717 13
 1687 4418 2
 1688 30926 14
 1689 37553 17
 1690 2209 1
 1691 4418 2
 1692 44180 20
 1693 35344 16
 1694 8836 4
 1695 33135 15
 1696 41971 19
 1697 28717 13
 1698 4418 2
 1699 28717 13
 1700 41971 19
 1701 4418 2
 1702 11045 5
 1703 8836 4
 1704 2209 1
 1705 22090 10
 1706 39762 18
 1707 4418 2
 1708 19881 9
 1709 39762 18
 1710 17672 8
 1711 24299 11
 1712 11045 5
 1713 26508 12
 1714 6627 3
 1715 41971 19
 1716 13254 6
 1717 26508 12
 1718 8836 4
 1719 11045 5
 1720 41971 19
 1721 22090 10
 1722 41971 19
 1723 19881 9
 1724 24299 11
 1725 37553 17
 1726 13254 6
 1727 8836 4
 1728 22090 10
 1729 17672 8
 1730 15463 7
 1731 22090 10
 1732 15463 7
 1733 28717 13
 1734 6627 3
 1735 11045 5
 1736 2209 1
 1737 35344 16
 1738 13254 6
 1739 33135 15
 1740 11045 5
 1741 37553 17
 1742 11045 5
 1743 33135 15
 1744 8836 4
 1745 19881 9
 1746 26508 12
 1747 15463 7
 1748 4418 2
 1749 11045 5
 1750 4418 2
 1751 28717 13
 1752 26508 12
 1753 17672 8
 1754 35344 16
 1755 37553 17
 1756 22090 10
 1757 30926 14
 1758 4418 2
 1759 13254 6
 1760 26508 12
 1761 4418 2
 1762 37553 17
 1763 24299 11
 1764 22090 10
 1765 22090 10
 1766 6627 3
 1767 33135 15
 1768 15463 7
 1769 22090 10
 1770 6627 3
 1771 33135 15
 1772 24299 11
 1773 24299 11
 1774 41971 19
 1775 44180 20
 1776 6627 3
 1777 24299 11
 1778 2209 1
 1779 2209 1
 1780 15463 7
 1781 15463 7
 1782 15463 7
 1783 15463 7
 1784 2209 1
 1785 39762 18
 1786 6627 3
 1787 24299 11
 1788 13254 6
 1789 17672 8
 1790 17672 8
 1791 6627 3
 1792 30926 14
 1793 35344 16
 1794 24299 11
 1795 24299 11
 1796 11045 5
 1797 24299 11
 1798 28717 13
 1799 17672 8
 1800 24299 11
 1801 17672 8
 1802 37553 17
 1803 11045 5
 1804 17672 8
 1805 35344 16
 1806 8836 4
 1807 11045 5
 1808 26508 12
 1809 30926 14
 1810 28717 13
 1811 41971 19
 1812 24299 11
 1813 8836 4
 1814 33135 15
 1815 11045 5
 1816 33135 15
 1817 44180 20
 1818 8836 4
 1819 30926 14
 1820 35344 16
 1821 41971 19
 1822 44180 20
 1823 8836 4
 1824 44180 20
 1825 33135 15
 1826 35344 16
 1827 37553 17
 1828 11045 5
 1829 8836 4
 1830 35344 16
 1831 39762 18
 1832 6627 3
 1833 6627 3
 1834 44180 20
 1835 11045 5
 1836 4418 2
 1837 15463 7
 1838 44180 20
 1839 26508 12
 1840 30926 14
 1841 11045 5
 1842 22090 10
 1843 2209 1
 1844 37553 17
 1845 4418 2
 1846 24299 11
 1847 13254 6
 1848 26508 12
 1849 6627 3
 1850 41971 19
 1851 6627 3
 1852 28717 13
 1853 28717 13
 1854 4418 2
 1855 6627 3
 1856 41971 19
 1857 44180 20
 1858 17672 8
 1859 41971 19
 1860 4418 2
 1861 6627 3
 1862 35344 16
 1863 11045 5
 1864 2209 1
 1865 22090 10
 1866 4418 2
 1867 19881 9
 1868 24299 11
 1869 26508 12
 1870 17672 8
 1871 15463 7
 1872 24299 11
 1873 37553 17
 1874 4418 2
 1875 26508 12
 1876 15463 7
 1877 33135 15
 1878 8836 4
 1879 26508 12
 1880 33135 15
 1881 26508 12
 1882 26508 12
 1883 28717 13
 1884 44180 20
 1885 22090 10
 1886 35344 16
 1887 33135 15
 1888 39762 18
 1889 41971 19
 1890 24299 11
 1891 4418 2
 1892 28717 13
 1893 6627 3
 1894 44180 20
 1895 39762 18
 1896 26508 12
 1897 35344 16
 1898 8836 4
 1899 28717 13
 1900 41971 19
 1901 11045 5
 1902 17672 8
 1903 19881 9
 1904 6627 3
 1905 28717 13
 1906 35344 16
 1907 41971 19
 1908 22090 10
 1909 17672 8
 1910 15463 7
 1911 11045 5
 1912 13254 6
 1913 22090 10
 1914 41971 19
 1915 22090 10
 1916 28717 13
 1917 30926 14
 1918 26508 12
 1919 37553 17
 1920 15463 7
 1921 41971 19
 1922 15463 7
 1923 26508 12
 1924 6627 3
 1925 8836 4
 1926 33135 15
 1927 44180 20
 1928 17672 8
 1929 26508 12
 1930 4418 2
 1931 2209 1
 1932 44180 20
 1933 26508 12
 1934 13254 6
 1935 2209 1
 1936 44180 20
 1937 2209 1
 1938 26508 12
 1939 15463 7
 1940 4418 2
 1941 22090 10
 1942 11045 5
 1943 28717 13
 1944 15463 7
 1945 30926 14
 1946 19881 9
 1947 35344 16
 1948 6627 3
 1949 13254 6
 1950 19881 9
 1951 37553 17
 1952 28717 13
 1953 44180 20
 1954 35344 16
 1955 26508 12
 1956 13254 6
 1957 8836 4
 1958 37553 17
 1959 15463 7
 1960 13254 6
 1961 24299 11
 1962 33135 15
 1963 15463 7
 1964 37553 17
 1965 35344 16
 1966 6627 3
 1967 15463 7
 1968 33135 15
 1969 26508 12
 1970 35344 16
 1971 26508 12
 1972 4418 2
 1973 39762 18
 1974 17672 8
 1975 30926 14
 1976 19881 9
 1977 44180 20
 1978 11045 5
 1979 44180 20
 1980 6627 3
 1981 11045 5
 1982 2209 1
 1983 35344 16
 1984 13254 6
 1985 26508 12
 1986 4418 2
 1987 30926 14
 1988 26508 12
 1989 13254 6
 1990 13254 6
 1991 11045 5
 1992 28717 13
 1993 28717 13
 1994 41971 19
 1995 17672 8
 1996 4418 2
 1997 22090 10
 1998 39762 18
 1999 26508 12
 2000 30926 14
 2001 22090 10
 2002 35344 16
 2003 37553 17
 2004 30926 14
 2005 19881 9
 2006 44180 20
 2007 19881 9
 2008 33135 15
 2009 2209 1
 2010 13254 6
 2011 8836 4
 2012 15463 7
 2013 26508 12
 2014 41971 19
 2015 28717 13
 2016 35344 16
 2017 22090 10
 2018 35344 16
 2019 26508 12
 2020 44180 20
 2021 22090 10
 2022 39762 18
 2023 17672 8
 2024 11045 5
 2025 4418 2
 2026 24299 11
 2027 6627 3
 2028 6627 3
 2029 39762 18
 2030 13254 6
 2031 4418 2
 2032 17672 8
 2033 8836 4
 2034 2209 1
 2035 11045 5
 2036 4418 2
 2037 6627 3
 2038 19881 9
 2039 8836 4
 2040 35344 16
 2041 19881 9
 2042 30926 14
 2043 11045 5
 2044 33135 15
 2045 13254 6
 2046 26508 12
 2047 39762 18
 2048 33135 15
 2049 28717 13
 2050 37553 17
 2051 17672 8
 2052 13254 6
 2053 41971 19
 2054 2209 1
 2055 4418 2
 2056 24299 11
 2057 26508 12
 2058 2209 1
 2059 2209 1
 2060 17672 8
 2061 6627 3
 2062 28717 13
 2063 13254 6
 2064 8836 4
 2065 37553 17
 2066 19881 9
 2067 11045 5
 2068 41971 19
 2069 19881 9
 2070 8836 4
 2071 6627 3
 2072 2209 1
 2073 28717 13
 2074 28717 13
 2075 41971 19
 2076 39762 18
 2077 30926 14
 2078 26508 12
 2079 41971 19
 2080 28717 13
 2081 28717 13
 2082 35344 16
 2083 6627 3
 2084 24299 11
 2085 30926 14
 2086 11045 5
 2087 19881 9
 2088 2209 1
 2089 8836 4
 2090 11045 5
 2091 28717 13
 2092 35344 16
 2093 30926 14
 2094 19881 9
 2095 22090 10
 2096 17672 8
 2097 24299 11
 2098 15463 7
 2099 41971 19
 2100 28717 13
 2101 30926 14
 2102 13254 6
 2103 24299 11
 2104 44180 20
 2105 8836 4
 2106 35344 16
 2107 41971 19
 2108 17672 8
 2109 41971 19
 2110 22090 10
 2111 35344 16
 2112 39762 18
 2113 41971 19
 2114 33135 15
 2115 30926 14
 2116 26508 12
 2117 41971 19
 2118 24299 11
 2119 44180 20
 2120 15463 7
 2121 17672 8
 2122 35344 16
 2123 41971 19
 2124 44180 20
 2125 35344 16
 2126 22090 10
 2127 19881 9
 2128 22090 10
 2129 41971 19
 2130 17672 8
 2131 24299 11
 2132 24299 11
 2133 22090 10
 2134 41971 19
 2135 41971 19
 2136 30926 14
 2137 17672 8
 2138 24299 11
 2139 11045 5
 2140 39762 18
 2141 15463 7
 2142 28717 13
 2143 44180 20
 2144 11045 5
 2145 41971 19
 2146 15463 7
 2147 37553 17
 2148 44180 20
 2149 39762 18
 2150 11045 5
 2151 17672 8
 2152 33135 15
 2153 26508 12
 2154 35344 16
 2155 19881 9
 2156 6627 3
 2157 22090 10
 2158 30926 14
 2159 28717 13
 2160 26508 12
 2161 44180 20
 2162 39762 18
 2163 4418 2
 2164 2209 1
 2165 17672 8
 2166 15463 7
 2167 39762 18
 2168 4418 2
 2169 17672 8
 2170 44180 20
 2171 2209 1
 2172 15463 7
 2173 44180 20
 2174 39762 18
 2175 4418 2
 2176 44180 20
 2177 15463 7
 2178 24299 11
 2179 19881 9
 2180 26508 12
 2181 22090 10
 2182 15463 7
 2183 39762 18
 2184 13254 6
 2185 15463 7
 2186 22090 10
 2187 44180 20
 2188 30926 14
 2189 33135 15
 2190 37553 17
 2191 35344 16
 2192 28717 13
 2193 6627 3
 2194 17672 8
 2195 28717 13
 2196 17672 8
 2197 30926 14
 2198 41971 19
 2199 11045 5
 2200 19881 9
 2201 17672 8
 2202 17672 8
 2203 37553 17
 2204 6627 3
 2205 35344 16
 2206 30926 14
 2207 22090 10
 2208 33135 15
 2209 35344 16
19881