271
 1 1355 5
 2 2981 11
 3 2710 10
 4 4065 15
 5 4336 16
 6 4878 18
 7 1084 4
 8 4607 17
 9 2439 9
 10 2168 8
 11 4878 18
 12 271 1
 13 1355 5
 14 5149 19
 15 3794 14
 16 1626 6
 17 542 2
 18 3794 14
 19 1626 6
 20 5420 20
 21 3252 12
 22 3794 14
 23 2981 11
 24 813 3
 25 4878 18
 26 1084 4
 27 4878 18
 28 3252 12
 29 3523 13
 30 813 3
 31 5149 19
 32 4336 16
 33 2168 8
 34 1897 7
 35 542 2
 36 1355 5
 37 5149 19
 38 4607 17
 39 1626 6
 40 3794 14
 41 271 1
 42 3794 14
 43 3252 12
 44 5149 19
 45 1897 7
 46 813 3
 47 2981 11
 48 4336 16
 49 4336 16
 50 542 2
 51 1355 5
 52 1084 4
 53 2168 8
 54 813 3
 55 5420 20
 56 3794 14
 57 4878 18
 58 1084 4
 59 2168 8
 60 1897 7
 61 1897 7
 62 4336 16
 63 4878 18
 64 4065 15
 65 5149 19
 66 813 3
 67 2981 11
 68 3523 13
 69 5420 20
 70 5149 19
 71 3523 13
 72 4878 18
 73 5420 20
 74 5420 20
 75 1897 7
 76 4336 16
 77 271 1
 78 2168 8
 79 2981 11
 80 2981 11
 81 1626 6
 82 2168 8
 83 4607 17
 84 5420 20
 85 4065 15
 86 3523 13
 87 2168 8
 88 3794 14
 89 813 3
 90 2710 10
 91 1355 5
 92 2710 10
 93 2710 10
 94 2439 9
 95 2168 8
 96 813 3
 97 1897 7
 98 5149 19
 99 2439 9
 100 3794 14
 101 3523 13
 102 813 3
 103 4607 17
 104 4878 18
 105 271 1
 106 2439 9
 107 1084 4
 108 3252 12
 109 4065 15
 110 5420 20
 111 2710 10
 112 2439 9
 113 4065 15
 114 542 2
 115 5149 19
 116 1897 7
 117 5420 20
 118 4065 15
 119 4878 18
 120 2168 8
 121 5420 20
 122 2981 11
 123 4336 16
 124 2439 9
 125 1626 6
 126 4065 15
 127 1626 6
 128 1626 6
 129 5420 20
 130 3523 13
 131 4336 16
 132 1897 7
 133 813 3
 134 4878 18
 135 542 2
 136 5149 19
 137 271 1
 138 1897 7
 139 2168 8
 140 1897 7
 141 1355 5
 142 5149 19
 143 542 2
 144 2981 11
 145 3523 13
 146 2168 8
 147 1084 4
 148 3794 14
 149 1626 6
 150 813 3
 151 4065 15
 152 4607 17
 153 3523 13
 154 4336 16
 155 4336 16
 156 1626 6
 157 1355 5
 158 1626 6
 159 4607 17
 160 4336 16
 161 5149 19
 162 4878 18
 163 3252 12
 164 1626 6
 165 4065 15
 166 2981 11
 167 1355 5
 168 2439 9
 169 2168 8
 170 4336 16
 171 542 2
 172 5420 20
 173 2710 10
 174 4336 16
 175 813 3
 176 2981 11
 177 1626 6
 178 1626 6
 179 4065 15
 180 3252 12
 181 2981 11
 182 5149 19
 183 1084 4
 184 4878 18
 185 1084 4
 186 813 3
 187 2981 11
 188 813 3
 189 2168 8
 190 4336 16
 191 2710 10
 192 2710 10
 193 4336 16
 194 3523 13
 195 271 1
 196 2168 8
 197 3252 12
 198 4336 16
 199 2439 9
 200 813 3
 201 3523 13
 202 5149 19
 203 1355 5
 204 1626 6
 205 3794 14
 206 813 3
 207 2168 8
 208 2710 10
 209 1355 5
 210 3252 12
 211 4336 16
 212 5149 19
 213 2710 10
 214 4607 17
 215 3794 14
 216 542 2
 217 1897 7
 218 813 3
 219 271 1
 220 4878 18
 221 3794 14
 222 4065 15
 223 5420 20
 224 2168 8
 225 2710 10
 226 2981 11
 227 4878 18
 228 3523 13
 229 3794 14
 230 2439 9
 231 4878 18
 232 1084 4
 233 2710 10
 234 2168 8
 235 2981 11
 236 271 1
 237 813 3
 238 1355 5
 239 4065 15
 240 1897 7
 241 5420 20
 242 2981 11
 243 5149 19
 244 3252 12
 245 4336 16
 246 2710 10
 247 5420 20
 248 1626 6
 249 2981 11
 250 4065 15
 251 1626 6
 252 3794 14
 253 3252 12
 254 3794 14
 255 813 3
 256 2710 10
 257 4878 18
 258 4336 16
 259 2439 9
 260 5149 19
 261 5149 19
 262 813 3
 263 1355 5
 264 542 2
 265 4878 18
 266 3252 12
 267 1897 7
 268 3794 14
 269 542 2
 270 1084 4
 271 1355 5
2710