2922
 1 23376 8
 2 46752 16
 3 55518 19
 4 49674 17
 5 46752 16
 6 23376 8
 7 55518 19
 8 11688 4
 9 20454 7
 10 26298 9
 11 49674 17
 12 35064 12
 13 58440 20
 14 14610 5
 15 49674 17
 16 40908 14
 17 58440 20
 18 46752 16
 19 29220 10
 20 5844 2
 21 29220 10
 22 46752 16
 23 8766 3
 24 5844 2
 25 52596 18
 26 23376 8
 27 2922 1
 28 43830 15
 29 37986 13
 30 17532 6
 31 17532 6
 32 43830 15
 33 37986 13
 34 2922 1
 35 49674 17
 36 43830 15
 37 58440 20
 38 8766 3
 39 35064 12
 40 20454 7
 41 58440 20
 42 2922 1
 43 52596 18
 44 43830 15
 45 8766 3
 46 32142 11
 47 40908 14
 48 43830 15
 49 5844 2
 50 26298 9
 51 40908 14
 52 52596 18
 53 29220 10
 54 5844 2
 55 11688 4
 56 11688 4
 57 11688 4
 58 11688 4
 59 40908 14
 60 26298 9
 61 26298 9
 62 49674 17
 63 35064 12
 64 23376 8
 65 26298 9
 66 29220 10
 67 37986 13
 68 35064 12
 69 29220 10
 70 49674 17
 71 46752 16
 72 23376 8
 73 52596 18
 74 8766 3
 75 40908 14
 76 35064 12
 77 52596 18
 78 37986 13
 79 35064 12
 80 5844 2
 81 55518 19
 82 40908 14
 83 5844 2
 84 35064 12
 85 35064 12
 86 17532 6
 87 43830 15
 88 2922 1
 89 29220 10
 90 2922 1
 91 20454 7
 92 43830 15
 93 20454 7
 94 5844 2
 95 52596 18
 96 46752 16
 97 2922 1
 98 40908 14
 99 5844 2
 100 35064 12
 101 2922 1
 102 26298 9
 103 55518 19
 104 46752 16
 105 2922 1
 106 49674 17
 107 23376 8
 108 49674 17
 109 46752 16
 110 26298 9
 111 37986 13
 112 46752 16
 113 37986 13
 114 32142 11
 115 29220 10
 116 32142 11
 117 37986 13
 118 49674 17
 119 58440 20
 120 52596 18
 121 29220 10
 122 49674 17
 123 26298 9
 124 55518 19
 125 11688 4
 126 11688 4
 127 17532 6
 128 35064 12
 129 17532 6
 130 26298 9
 131 58440 20
 132 40908 14
 133 40908 14
 134 58440 20
 135 29220 10
 136 23376 8
 137 29220 10
 138 40908 14
 139 14610 5
 140 29220 10
 141 37986 13
 142 8766 3
 143 26298 9
 144 23376 8
 145 55518 19
 146 26298 9
 147 46752 16
 148 17532 6
 149 49674 17
 150 32142 11
 151 40908 14
 152 37986 13
 153 35064 12
 154 49674 17
 155 55518 19
 156 20454 7
 157 20454 7
 158 32142 11
 159 17532 6
 160 37986 13
 161 11688 4
 162 26298 9
 163 32142 11
 164 40908 14
 165 40908 14
 166 43830 15
 167 26298 9
 168 52596 18
 169 29220 10
 170 58440 20
 171 20454 7
 172 14610 5
 173 11688 4
 174 26298 9
 175 23376 8
 176 8766 3
 177 37986 13
 178 29220 10
 179 32142 11
 180 26298 9
 181 37986 13
 182 55518 19
 183 49674 17
 184 46752 16
 185 46752 16
 186 35064 12
 187 32142 11
 188 20454 7
 189 5844 2
 190 40908 14
 191 17532 6
 192 14610 5
 193 23376 8
 194 58440 20
 195 52596 18
 196 49674 17
 197 49674 17
 198 17532 6
 199 17532 6
 200 58440 20
 201 29220 10
 202 58440 20
 203 20454 7
 204 40908 14
 205 29220 10
 206 11688 4
 207 37986 13
 208 23376 8
 209 17532 6
 210 58440 20
 211 49674 17
 212 55518 19
 213 8766 3
 214 26298 9
 215 37986 13
 216 8766 3
 217 29220 10
 218 37986 13
 219 5844 2
 220 11688 4
 221 17532 6
 222 55518 19
 223 55518 19
 224 58440 20
 225 20454 7
 226 29220 10
 227 5844 2
 228 29220 10
 229 29220 10
 230 55518 19
 231 49674 17
 232 32142 11
 233 26298 9
 234 40908 14
 235 49674 17
 236 37986 13
 237 17532 6
 238 35064 12
 239 26298 9
 240 46752 16
 241 55518 19
 242 11688 4
 243 58440 20
 244 17532 6
 245 8766 3
 246 40908 14
 247 29220 10
 248 40908 14
 249 43830 15
 250 8766 3
 251 14610 5
 252 17532 6
 253 17532 6
 254 37986 13
 255 29220 10
 256 49674 17
 257 37986 13
 258 20454 7
 259 35064 12
 260 46752 16
 261 58440 20
 262 14610 5
 263 23376 8
 264 58440 20
 265 2922 1
 266 40908 14
 267 20454 7
 268 43830 15
 269 14610 5
 270 14610 5
 271 37986 13
 272 14610 5
 273 32142 11
 274 5844 2
 275 14610 5
 276 8766 3
 277 43830 15
 278 23376 8
 279 32142 11
 280 5844 2
 281 26298 9
 282 37986 13
 283 35064 12
 284 20454 7
 285 11688 4
 286 8766 3
 287 2922 1
 288 37986 13
 289 11688 4
 290 49674 17
 291 29220 10
 292 58440 20
 293 5844 2
 294 20454 7
 295 26298 9
 296 37986 13
 297 29220 10
 298 49674 17
 299 2922 1
 300 17532 6
 301 14610 5
 302 8766 3
 303 8766 3
 304 40908 14
 305 46752 16
 306 43830 15
 307 2922 1
 308 29220 10
 309 11688 4
 310 11688 4
 311 35064 12
 312 46752 16
 313 2922 1
 314 46752 16
 315 35064 12
 316 40908 14
 317 26298 9
 318 32142 11
 319 14610 5
 320 37986 13
 321 37986 13
 322 5844 2
 323 35064 12
 324 46752 16
 325 14610 5
 326 23376 8
 327 2922 1
 328 55518 19
 329 29220 10
 330 29220 10
 331 55518 19
 332 20454 7
 333 35064 12
 334 58440 20
 335 5844 2
 336 35064 12
 337 23376 8
 338 35064 12
 339 43830 15
 340 20454 7
 341 46752 16
 342 20454 7
 343 32142 11
 344 8766 3
 345 43830 15
 346 8766 3
 347 32142 11
 348 37986 13
 349 52596 18
 350 2922 1
 351 17532 6
 352 43830 15
 353 11688 4
 354 32142 11
 355 55518 19
 356 37986 13
 357 26298 9
 358 40908 14
 359 40908 14
 360 52596 18
 361 5844 2
 362 2922 1
 363 32142 11
 364 23376 8
 365 2922 1
 366 55518 19
 367 37986 13
 368 8766 3
 369 37986 13
 370 29220 10
 371 26298 9
 372 52596 18
 373 58440 20
 374 5844 2
 375 17532 6
 376 52596 18
 377 5844 2
 378 58440 20
 379 58440 20
 380 5844 2
 381 58440 20
 382 20454 7
 383 17532 6
 384 11688 4
 385 14610 5
 386 29220 10
 387 11688 4
 388 32142 11
 389 2922 1
 390 5844 2
 391 23376 8
 392 35064 12
 393 35064 12
 394 55518 19
 395 8766 3
 396 20454 7
 397 32142 11
 398 32142 11
 399 5844 2
 400 52596 18
 401 23376 8
 402 17532 6
 403 40908 14
 404 23376 8
 405 32142 11
 406 52596 18
 407 46752 16
 408 58440 20
 409 17532 6
 410 32142 11
 411 23376 8
 412 23376 8
 413 40908 14
 414 29220 10
 415 5844 2
 416 17532 6
 417 46752 16
 418 14610 5
 419 40908 14
 420 14610 5
 421 32142 11
 422 29220 10
 423 55518 19
 424 20454 7
 425 29220 10
 426 17532 6
 427 11688 4
 428 11688 4
 429 32142 11
 430 26298 9
 431 37986 13
 432 8766 3
 433 40908 14
 434 26298 9
 435 46752 16
 436 11688 4
 437 52596 18
 438 40908 14
 439 20454 7
 440 11688 4
 441 11688 4
 442 5844 2
 443 29220 10
 444 58440 20
 445 46752 16
 446 49674 17
 447 11688 4
 448 49674 17
 449 40908 14
 450 37986 13
 451 2922 1
 452 32142 11
 453 40908 14
 454 37986 13
 455 46752 16
 456 46752 16
 457 35064 12
 458 32142 11
 459 46752 16
 460 2922 1
 461 55518 19
 462 43830 15
 463 40908 14
 464 26298 9
 465 32142 11
 466 55518 19
 467 20454 7
 468 43830 15
 469 35064 12
 470 35064 12
 471 17532 6
 472 40908 14
 473 20454 7
 474 52596 18
 475 40908 14
 476 17532 6
 477 58440 20
 478 29220 10
 479 52596 18
 480 49674 17
 481 20454 7
 482 58440 20
 483 49674 17
 484 58440 20
 485 5844 2
 486 32142 11
 487 40908 14
 488 29220 10
 489 49674 17
 490 2922 1
 491 35064 12
 492 20454 7
 493 52596 18
 494 37986 13
 495 37986 13
 496 5844 2
 497 20454 7
 498 23376 8
 499 46752 16
 500 14610 5
 501 14610 5
 502 32142 11
 503 43830 15
 504 14610 5
 505 23376 8
 506 2922 1
 507 46752 16
 508 49674 17
 509 37986 13
 510 20454 7
 511 52596 18
 512 11688 4
 513 20454 7
 514 43830 15
 515 37986 13
 516 23376 8
 517 43830 15
 518 20454 7
 519 26298 9
 520 2922 1
 521 40908 14
 522 23376 8
 523 11688 4
 524 2922 1
 525 5844 2
 526 26298 9
 527 52596 18
 528 49674 17
 529 46752 16
 530 35064 12
 531 20454 7
 532 26298 9
 533 40908 14
 534 40908 14
 535 32142 11
 536 26298 9
 537 49674 17
 538 43830 15
 539 2922 1
 540 58440 20
 541 29220 10
 542 40908 14
 543 35064 12
 544 14610 5
 545 43830 15
 546 5844 2
 547 23376 8
 548 26298 9
 549 17532 6
 550 17532 6
 551 29220 10
 552 40908 14
 553 55518 19
 554 35064 12
 555 23376 8
 556 26298 9
 557 2922 1
 558 14610 5
 559 8766 3
 560 35064 12
 561 20454 7
 562 43830 15
 563 40908 14
 564 49674 17
 565 32142 11
 566 58440 20
 567 32142 11
 568 5844 2
 569 35064 12
 570 55518 19
 571 14610 5
 572 37986 13
 573 49674 17
 574 37986 13
 575 37986 13
 576 2922 1
 577 37986 13
 578 8766 3
 579 32142 11
 580 55518 19
 581 52596 18
 582 29220 10
 583 11688 4
 584 20454 7
 585 35064 12
 586 17532 6
 587 35064 12
 588 55518 19
 589 52596 18
 590 49674 17
 591 32142 11
 592 17532 6
 593 14610 5
 594 35064 12
 595 58440 20
 596 37986 13
 597 49674 17
 598 29220 10
 599 40908 14
 600 40908 14
 601 5844 2
 602 37986 13
 603 2922 1
 604 49674 17
 605 40908 14
 606 14610 5
 607 17532 6
 608 17532 6
 609 2922 1
 610 32142 11
 611 20454 7
 612 23376 8
 613 37986 13
 614 32142 11
 615 58440 20
 616 35064 12
 617 11688 4
 618 37986 13
 619 29220 10
 620 37986 13
 621 29220 10
 622 23376 8
 623 2922 1
 624 55518 19
 625 26298 9
 626 17532 6
 627 5844 2
 628 8766 3
 629 58440 20
 630 43830 15
 631 49674 17
 632 20454 7
 633 35064 12
 634 43830 15
 635 58440 20
 636 46752 16
 637 26298 9
 638 40908 14
 639 2922 1
 640 43830 15
 641 11688 4
 642 20454 7
 643 26298 9
 644 20454 7
 645 26298 9
 646 32142 11
 647 20454 7
 648 46752 16
 649 35064 12
 650 8766 3
 651 8766 3
 652 14610 5
 653 26298 9
 654 46752 16
 655 2922 1
 656 55518 19
 657 46752 16
 658 40908 14
 659 32142 11
 660 17532 6
 661 49674 17
 662 40908 14
 663 35064 12
 664 35064 12
 665 17532 6
 666 8766 3
 667 29220 10
 668 46752 16
 669 40908 14
 670 58440 20
 671 29220 10
 672 29220 10
 673 5844 2
 674 49674 17
 675 43830 15
 676 20454 7
 677 8766 3
 678 20454 7
 679 43830 15
 680 26298 9
 681 20454 7
 682 37986 13
 683 11688 4
 684 20454 7
 685 49674 17
 686 20454 7
 687 43830 15
 688 43830 15
 689 14610 5
 690 35064 12
 691 17532 6
 692 14610 5
 693 55518 19
 694 29220 10
 695 2922 1
 696 14610 5
 697 5844 2
 698 40908 14
 699 29220 10
 700 35064 12
 701 20454 7
 702 29220 10
 703 37986 13
 704 58440 20
 705 5844 2
 706 32142 11
 707 29220 10
 708 43830 15
 709 40908 14
 710 20454 7
 711 46752 16
 712 26298 9
 713 32142 11
 714 2922 1
 715 26298 9
 716 43830 15
 717 55518 19
 718 58440 20
 719 58440 20
 720 52596 18
 721 35064 12
 722 17532 6
 723 8766 3
 724 5844 2
 725 2922 1
 726 43830 15
 727 46752 16
 728 40908 14
 729 11688 4
 730 8766 3
 731 29220 10
 732 11688 4
 733 14610 5
 734 29220 10
 735 40908 14
 736 11688 4
 737 23376 8
 738 26298 9
 739 14610 5
 740 5844 2
 741 14610 5
 742 40908 14
 743 37986 13
 744 26298 9
 745 58440 20
 746 49674 17
 747 11688 4
 748 20454 7
 749 29220 10
 750 58440 20
 751 35064 12
 752 40908 14
 753 26298 9
 754 11688 4
 755 40908 14
 756 5844 2
 757 46752 16
 758 14610 5
 759 37986 13
 760 29220 10
 761 43830 15
 762 35064 12
 763 2922 1
 764 32142 11
 765 35064 12
 766 29220 10
 767 14610 5
 768 11688 4
 769 46752 16
 770 32142 11
 771 14610 5
 772 58440 20
 773 46752 16
 774 55518 19
 775 23376 8
 776 2922 1
 777 23376 8
 778 17532 6
 779 58440 20
 780 52596 18
 781 5844 2
 782 55518 19
 783 52596 18
 784 40908 14
 785 14610 5
 786 49674 17
 787 26298 9
 788 20454 7
 789 23376 8
 790 37986 13
 791 46752 16
 792 32142 11
 793 17532 6
 794 52596 18
 795 29220 10
 796 49674 17
 797 2922 1
 798 58440 20
 799 23376 8
 800 46752 16
 801 55518 19
 802 17532 6
 803 2922 1
 804 46752 16
 805 29220 10
 806 58440 20
 807 11688 4
 808 32142 11
 809 23376 8
 810 11688 4
 811 14610 5
 812 37986 13
 813 32142 11
 814 35064 12
 815 58440 20
 816 37986 13
 817 35064 12
 818 52596 18
 819 8766 3
 820 37986 13
 821 11688 4
 822 11688 4
 823 29220 10
 824 23376 8
 825 46752 16
 826 46752 16
 827 29220 10
 828 5844 2
 829 49674 17
 830 2922 1
 831 26298 9
 832 49674 17
 833 32142 11
 834 20454 7
 835 11688 4
 836 14610 5
 837 20454 7
 838 5844 2
 839 32142 11
 840 52596 18
 841 23376 8
 842 37986 13
 843 8766 3
 844 14610 5
 845 55518 19
 846 35064 12
 847 2922 1
 848 55518 19
 849 29220 10
 850 11688 4
 851 14610 5
 852 40908 14
 853 49674 17
 854 23376 8
 855 52596 18
 856 49674 17
 857 26298 9
 858 49674 17
 859 35064 12
 860 49674 17
 861 29220 10
 862 17532 6
 863 58440 20
 864 58440 20
 865 20454 7
 866 32142 11
 867 26298 9
 868 14610 5
 869 23376 8
 870 32142 11
 871 23376 8
 872 46752 16
 873 52596 18
 874 8766 3
 875 8766 3
 876 29220 10
 877 55518 19
 878 11688 4
 879 8766 3
 880 2922 1
 881 40908 14
 882 40908 14
 883 55518 19
 884 52596 18
 885 17532 6
 886 29220 10
 887 17532 6
 888 37986 13
 889 52596 18
 890 8766 3
 891 2922 1
 892 35064 12
 893 17532 6
 894 58440 20
 895 11688 4
 896 5844 2
 897 40908 14
 898 11688 4
 899 14610 5
 900 26298 9
 901 37986 13
 902 17532 6
 903 26298 9
 904 55518 19
 905 20454 7
 906 20454 7
 907 55518 19
 908 8766 3
 909 49674 17
 910 2922 1
 911 29220 10
 912 11688 4
 913 11688 4
 914 35064 12
 915 37986 13
 916 23376 8
 917 32142 11
 918 26298 9
 919 29220 10
 920 8766 3
 921 55518 19
 922 11688 4
 923 35064 12
 924 58440 20
 925 35064 12
 926 37986 13
 927 58440 20
 928 5844 2
 929 49674 17
 930 58440 20
 931 17532 6
 932 49674 17
 933 8766 3
 934 2922 1
 935 35064 12
 936 55518 19
 937 52596 18
 938 2922 1
 939 2922 1
 940 23376 8
 941 23376 8
 942 49674 17
 943 20454 7
 944 26298 9
 945 43830 15
 946 26298 9
 947 29220 10
 948 35064 12
 949 29220 10
 950 43830 15
 951 40908 14
 952 35064 12
 953 11688 4
 954 35064 12
 955 52596 18
 956 29220 10
 957 49674 17
 958 8766 3
 959 46752 16
 960 35064 12
 961 46752 16
 962 55518 19
 963 2922 1
 964 49674 17
 965 14610 5
 966 11688 4
 967 14610 5
 968 14610 5
 969 8766 3
 970 2922 1
 971 43830 15
 972 46752 16
 973 11688 4
 974 37986 13
 975 49674 17
 976 40908 14
 977 46752 16
 978 14610 5
 979 23376 8
 980 20454 7
 981 35064 12
 982 11688 4
 983 17532 6
 984 37986 13
 985 37986 13
 986 37986 13
 987 43830 15
 988 20454 7
 989 32142 11
 990 43830 15
 991 20454 7
 992 52596 18
 993 55518 19
 994 37986 13
 995 40908 14
 996 20454 7
 997 11688 4
 998 5844 2
 999 32142 11
 1000 14610 5
 1001 8766 3
 1002 5844 2
 1003 23376 8
 1004 58440 20
 1005 26298 9
 1006 32142 11
 1007 35064 12
 1008 49674 17
 1009 37986 13
 1010 46752 16
 1011 49674 17
 1012 49674 17
 1013 35064 12
 1014 17532 6
 1015 49674 17
 1016 46752 16
 1017 17532 6
 1018 40908 14
 1019 32142 11
 1020 26298 9
 1021 32142 11
 1022 35064 12
 1023 52596 18
 1024 14610 5
 1025 46752 16
 1026 29220 10
 1027 20454 7
 1028 49674 17
 1029 26298 9
 1030 40908 14
 1031 37986 13
 1032 55518 19
 1033 52596 18
 1034 8766 3
 1035 2922 1
 1036 46752 16
 1037 2922 1
 1038 20454 7
 1039 29220 10
 1040 2922 1
 1041 23376 8
 1042 11688 4
 1043 2922 1
 1044 29220 10
 1045 2922 1
 1046 11688 4
 1047 35064 12
 1048 52596 18
 1049 11688 4
 1050 17532 6
 1051 23376 8
 1052 55518 19
 1053 40908 14
 1054 29220 10
 1055 29220 10
 1056 11688 4
 1057 55518 19
 1058 8766 3
 1059 23376 8
 1060 5844 2
 1061 46752 16
 1062 43830 15
 1063 35064 12
 1064 11688 4
 1065 52596 18
 1066 35064 12
 1067 29220 10
 1068 49674 17
 1069 11688 4
 1070 55518 19
 1071 29220 10
 1072 8766 3
 1073 43830 15
 1074 26298 9
 1075 29220 10
 1076 40908 14
 1077 32142 11
 1078 14610 5
 1079 49674 17
 1080 14610 5
 1081 52596 18
 1082 37986 13
 1083 55518 19
 1084 20454 7
 1085 43830 15
 1086 49674 17
 1087 29220 10
 1088 46752 16
 1089 23376 8
 1090 26298 9
 1091 37986 13
 1092 23376 8
 1093 5844 2
 1094 40908 14
 1095 26298 9
 1096 58440 20
 1097 8766 3
 1098 23376 8
 1099 35064 12
 1100 37986 13
 1101 32142 11
 1102 14610 5
 1103 23376 8
 1104 20454 7
 1105 14610 5
 1106 43830 15
 1107 26298 9
 1108 49674 17
 1109 40908 14
 1110 35064 12
 1111 58440 20
 1112 35064 12
 1113 32142 11
 1114 17532 6
 1115 52596 18
 1116 52596 18
 1117 52596 18
 1118 14610 5
 1119 11688 4
 1120 26298 9
 1121 14610 5
 1122 26298 9
 1123 55518 19
 1124 20454 7
 1125 5844 2
 1126 40908 14
 1127 43830 15
 1128 20454 7
 1129 43830 15
 1130 5844 2
 1131 49674 17
 1132 14610 5
 1133 52596 18
 1134 5844 2
 1135 2922 1
 1136 14610 5
 1137 58440 20
 1138 37986 13
 1139 14610 5
 1140 20454 7
 1141 32142 11
 1142 49674 17
 1143 43830 15
 1144 52596 18
 1145 49674 17
 1146 8766 3
 1147 8766 3
 1148 52596 18
 1149 43830 15
 1150 17532 6
 1151 23376 8
 1152 46752 16
 1153 23376 8
 1154 11688 4
 1155 2922 1
 1156 35064 12
 1157 58440 20
 1158 29220 10
 1159 52596 18
 1160 37986 13
 1161 29220 10
 1162 37986 13
 1163 20454 7
 1164 58440 20
 1165 35064 12
 1166 40908 14
 1167 35064 12
 1168 46752 16
 1169 23376 8
 1170 20454 7
 1171 37986 13
 1172 29220 10
 1173 55518 19
 1174 20454 7
 1175 5844 2
 1176 37986 13
 1177 43830 15
 1178 11688 4
 1179 26298 9
 1180 37986 13
 1181 26298 9
 1182 58440 20
 1183 52596 18
 1184 35064 12
 1185 52596 18
 1186 37986 13
 1187 14610 5
 1188 5844 2
 1189 49674 17
 1190 5844 2
 1191 2922 1
 1192 37986 13
 1193 32142 11
 1194 14610 5
 1195 58440 20
 1196 11688 4
 1197 29220 10
 1198 2922 1
 1199 35064 12
 1200 8766 3
 1201 58440 20
 1202 14610 5
 1203 11688 4
 1204 11688 4
 1205 58440 20
 1206 11688 4
 1207 52596 18
 1208 52596 18
 1209 52596 18
 1210 2922 1
 1211 20454 7
 1212 29220 10
 1213 26298 9
 1214 26298 9
 1215 14610 5
 1216 29220 10
 1217 46752 16
 1218 37986 13
 1219 35064 12
 1220 14610 5
 1221 26298 9
 1222 14610 5
 1223 17532 6
 1224 11688 4
 1225 49674 17
 1226 17532 6
 1227 8766 3
 1228 2922 1
 1229 8766 3
 1230 58440 20
 1231 11688 4
 1232 40908 14
 1233 55518 19
 1234 8766 3
 1235 26298 9
 1236 14610 5
 1237 14610 5
 1238 52596 18
 1239 37986 13
 1240 8766 3
 1241 14610 5
 1242 55518 19
 1243 8766 3
 1244 55518 19
 1245 20454 7
 1246 14610 5
 1247 8766 3
 1248 32142 11
 1249 17532 6
 1250 17532 6
 1251 17532 6
 1252 58440 20
 1253 20454 7
 1254 43830 15
 1255 29220 10
 1256 11688 4
 1257 29220 10
 1258 52596 18
 1259 29220 10
 1260 35064 12
 1261 55518 19
 1262 32142 11
 1263 26298 9
 1264 32142 11
 1265 17532 6
 1266 37986 13
 1267 23376 8
 1268 49674 17
 1269 2922 1
 1270 8766 3
 1271 8766 3
 1272 37986 13
 1273 17532 6
 1274 26298 9
 1275 14610 5
 1276 14610 5
 1277 5844 2
 1278 35064 12
 1279 43830 15
 1280 46752 16
 1281 40908 14
 1282 58440 20
 1283 32142 11
 1284 49674 17
 1285 32142 11
 1286 32142 11
 1287 29220 10
 1288 55518 19
 1289 5844 2
 1290 43830 15
 1291 17532 6
 1292 29220 10
 1293 40908 14
 1294 58440 20
 1295 46752 16
 1296 35064 12
 1297 5844 2
 1298 5844 2
 1299 2922 1
 1300 5844 2
 1301 46752 16
 1302 37986 13
 1303 49674 17
 1304 32142 11
 1305 46752 16
 1306 52596 18
 1307 2922 1
 1308 58440 20
 1309 14610 5
 1310 40908 14
 1311 35064 12
 1312 26298 9
 1313 29220 10
 1314 23376 8
 1315 43830 15
 1316 55518 19
 1317 17532 6
 1318 2922 1
 1319 37986 13
 1320 11688 4
 1321 20454 7
 1322 46752 16
 1323 49674 17
 1324 8766 3
 1325 11688 4
 1326 40908 14
 1327 40908 14
 1328 40908 14
 1329 20454 7
 1330 46752 16
 1331 43830 15
 1332 20454 7
 1333 49674 17
 1334 46752 16
 1335 37986 13
 1336 52596 18
 1337 43830 15
 1338 46752 16
 1339 23376 8
 1340 35064 12
 1341 32142 11
 1342 35064 12
 1343 43830 15
 1344 23376 8
 1345 32142 11
 1346 11688 4
 1347 55518 19
 1348 14610 5
 1349 43830 15
 1350 40908 14
 1351 8766 3
 1352 37986 13
 1353 2922 1
 1354 29220 10
 1355 37986 13
 1356 20454 7
 1357 2922 1
 1358 32142 11
 1359 40908 14
 1360 14610 5
 1361 46752 16
 1362 58440 20
 1363 14610 5
 1364 32142 11
 1365 58440 20
 1366 8766 3
 1367 40908 14
 1368 14610 5
 1369 46752 16
 1370 2922 1
 1371 29220 10
 1372 58440 20
 1373 11688 4
 1374 49674 17
 1375 5844 2
 1376 37986 13
 1377 46752 16
 1378 26298 9
 1379 11688 4
 1380 11688 4
 1381 14610 5
 1382 37986 13
 1383 2922 1
 1384 23376 8
 1385 14610 5
 1386 11688 4
 1387 23376 8
 1388 5844 2
 1389 17532 6
 1390 49674 17
 1391 32142 11
 1392 26298 9
 1393 52596 18
 1394 37986 13
 1395 23376 8
 1396 23376 8
 1397 11688 4
 1398 14610 5
 1399 32142 11
 1400 2922 1
 1401 58440 20
 1402 32142 11
 1403 37986 13
 1404 55518 19
 1405 20454 7
 1406 52596 18
 1407 8766 3
 1408 5844 2
 1409 14610 5
 1410 26298 9
 1411 35064 12
 1412 43830 15
 1413 52596 18
 1414 5844 2
 1415 40908 14
 1416 17532 6
 1417 40908 14
 1418 26298 9
 1419 43830 15
 1420 5844 2
 1421 20454 7
 1422 43830 15
 1423 40908 14
 1424 46752 16
 1425 14610 5
 1426 20454 7
 1427 43830 15
 1428 46752 16
 1429 32142 11
 1430 35064 12
 1431 37986 13
 1432 20454 7
 1433 46752 16
 1434 5844 2
 1435 32142 11
 1436 14610 5
 1437 32142 11
 1438 29220 10
 1439 40908 14
 1440 11688 4
 1441 46752 16
 1442 8766 3
 1443 52596 18
 1444 8766 3
 1445 20454 7
 1446 37986 13
 1447 49674 17
 1448 8766 3
 1449 26298 9
 1450 29220 10
 1451 49674 17
 1452 35064 12
 1453 43830 15
 1454 2922 1
 1455 20454 7
 1456 43830 15
 1457 58440 20
 1458 43830 15
 1459 55518 19
 1460 11688 4
 1461 55518 19
 1462 35064 12
 1463 26298 9
 1464 5844 2
 1465 58440 20
 1466 58440 20
 1467 55518 19
 1468 49674 17
 1469 46752 16
 1470 20454 7
 1471 35064 12
 1472 46752 16
 1473 11688 4
 1474 35064 12
 1475 55518 19
 1476 40908 14
 1477 55518 19
 1478 35064 12
 1479 37986 13
 1480 37986 13
 1481 5844 2
 1482 43830 15
 1483 35064 12
 1484 55518 19
 1485 17532 6
 1486 46752 16
 1487 17532 6
 1488 17532 6
 1489 46752 16
 1490 5844 2
 1491 23376 8
 1492 46752 16
 1493 35064 12
 1494 20454 7
 1495 55518 19
 1496 58440 20
 1497 20454 7
 1498 32142 11
 1499 26298 9
 1500 2922 1
 1501 52596 18
 1502 20454 7
 1503 2922 1
 1504 46752 16
 1505 29220 10
 1506 17532 6
 1507 49674 17
 1508 8766 3
 1509 43830 15
 1510 46752 16
 1511 23376 8
 1512 55518 19
 1513 26298 9
 1514 40908 14
 1515 52596 18
 1516 55518 19
 1517 58440 20
 1518 35064 12
 1519 8766 3
 1520 46752 16
 1521 11688 4
 1522 32142 11
 1523 8766 3
 1524 32142 11
 1525 35064 12
 1526 2922 1
 1527 43830 15
 1528 8766 3
 1529 26298 9
 1530 2922 1
 1531 8766 3
 1532 29220 10
 1533 23376 8
 1534 23376 8
 1535 55518 19
 1536 43830 15
 1537 14610 5
 1538 35064 12
 1539 55518 19
 1540 11688 4
 1541 11688 4
 1542 40908 14
 1543 17532 6
 1544 35064 12
 1545 2922 1
 1546 5844 2
 1547 26298 9
 1548 35064 12
 1549 49674 17
 1550 29220 10
 1551 14610 5
 1552 43830 15
 1553 55518 19
 1554 14610 5
 1555 52596 18
 1556 46752 16
 1557 37986 13
 1558 29220 10
 1559 20454 7
 1560 43830 15
 1561 11688 4
 1562 29220 10
 1563 46752 16
 1564 17532 6
 1565 40908 14
 1566 17532 6
 1567 17532 6
 1568 46752 16
 1569 49674 17
 1570 5844 2
 1571 40908 14
 1572 20454 7
 1573 20454 7
 1574 26298 9
 1575 40908 14
 1576 49674 17
 1577 55518 19
 1578 2922 1
 1579 26298 9
 1580 52596 18
 1581 49674 17
 1582 52596 18
 1583 46752 16
 1584 20454 7
 1585 46752 16
 1586 49674 17
 1587 58440 20
 1588 17532 6
 1589 43830 15
 1590 46752 16
 1591 49674 17
 1592 14610 5
 1593 46752 16
 1594 46752 16
 1595 58440 20
 1596 29220 10
 1597 26298 9
 1598 58440 20
 1599 20454 7
 1600 23376 8
 1601 29220 10
 1602 2922 1
 1603 5844 2
 1604 20454 7
 1605 35064 12
 1606 5844 2
 1607 55518 19
 1608 55518 19
 1609 52596 18
 1610 37986 13
 1611 58440 20
 1612 20454 7
 1613 5844 2
 1614 8766 3
 1615 29220 10
 1616 17532 6
 1617 52596 18
 1618 35064 12
 1619 14610 5
 1620 37986 13
 1621 43830 15
 1622 58440 20
 1623 26298 9
 1624 49674 17
 1625 40908 14
 1626 37986 13
 1627 11688 4
 1628 35064 12
 1629 23376 8
 1630 23376 8
 1631 46752 16
 1632 46752 16
 1633 49674 17
 1634 29220 10
 1635 11688 4
 1636 20454 7
 1637 20454 7
 1638 40908 14
 1639 37986 13
 1640 43830 15
 1641 52596 18
 1642 40908 14
 1643 49674 17
 1644 29220 10
 1645 14610 5
 1646 2922 1
 1647 11688 4
 1648 46752 16
 1649 29220 10
 1650 23376 8
 1651 8766 3
 1652 49674 17
 1653 5844 2
 1654 2922 1
 1655 8766 3
 1656 32142 11
 1657 43830 15
 1658 46752 16
 1659 8766 3
 1660 55518 19
 1661 43830 15
 1662 8766 3
 1663 43830 15
 1664 8766 3
 1665 49674 17
 1666 49674 17
 1667 46752 16
 1668 5844 2
 1669 11688 4
 1670 14610 5
 1671 32142 11
 1672 52596 18
 1673 32142 11
 1674 35064 12
 1675 40908 14
 1676 52596 18
 1677 40908 14
 1678 37986 13
 1679 32142 11
 1680 55518 19
 1681 35064 12
 1682 37986 13
 1683 35064 12
 1684 55518 19
 1685 23376 8
 1686 40908 14
 1687 40908 14
 1688 32142 11
 1689 49674 17
 1690 17532 6
 1691 35064 12
 1692 5844 2
 1693 2922 1
 1694 55518 19
 1695 37986 13
 1696 40908 14
 1697 14610 5
 1698 2922 1
 1699 58440 20
 1700 11688 4
 1701 37986 13
 1702 20454 7
 1703 43830 15
 1704 23376 8
 1705 40908 14
 1706 37986 13
 1707 43830 15
 1708 2922 1
 1709 52596 18
 1710 17532 6
 1711 40908 14
 1712 55518 19
 1713 14610 5
 1714 11688 4
 1715 37986 13
 1716 43830 15
 1717 52596 18
 1718 29220 10
 1719 8766 3
 1720 43830 15
 1721 17532 6
 1722 58440 20
 1723 14610 5
 1724 43830 15
 1725 29220 10
 1726 23376 8
 1727 14610 5
 1728 43830 15
 1729 37986 13
 1730 58440 20
 1731 29220 10
 1732 2922 1
 1733 55518 19
 1734 11688 4
 1735 26298 9
 1736 58440 20
 1737 2922 1
 1738 17532 6
 1739 5844 2
 1740 17532 6
 1741 8766 3
 1742 49674 17
 1743 14610 5
 1744 49674 17
 1745 43830 15
 1746 29220 10
 1747 2922 1
 1748 2922 1
 1749 32142 11
 1750 46752 16
 1751 46752 16
 1752 35064 12
 1753 29220 10
 1754 32142 11
 1755 17532 6
 1756 40908 14
 1757 58440 20
 1758 55518 19
 1759 20454 7
 1760 17532 6
 1761 17532 6
 1762 2922 1
 1763 58440 20
 1764 55518 19
 1765 8766 3
 1766 29220 10
 1767 29220 10
 1768 32142 11
 1769 2922 1
 1770 58440 20
 1771 14610 5
 1772 17532 6
 1773 23376 8
 1774 8766 3
 1775 55518 19
 1776 58440 20
 1777 58440 20
 1778 35064 12
 1779 14610 5
 1780 40908 14
 1781 17532 6
 1782 46752 16
 1783 29220 10
 1784 14610 5
 1785 2922 1
 1786 5844 2
 1787 37986 13
 1788 52596 18
 1789 32142 11
 1790 46752 16
 1791 2922 1
 1792 2922 1
 1793 32142 11
 1794 46752 16
 1795 43830 15
 1796 8766 3
 1797 17532 6
 1798 55518 19
 1799 20454 7
 1800 35064 12
 1801 26298 9
 1802 14610 5
 1803 20454 7
 1804 14610 5
 1805 55518 19
 1806 23376 8
 1807 40908 14
 1808 49674 17
 1809 23376 8
 1810 43830 15
 1811 20454 7
 1812 32142 11
 1813 20454 7
 1814 58440 20
 1815 29220 10
 1816 37986 13
 1817 37986 13
 1818 2922 1
 1819 26298 9
 1820 32142 11
 1821 46752 16
 1822 11688 4
 1823 46752 16
 1824 5844 2
 1825 8766 3
 1826 46752 16
 1827 29220 10
 1828 14610 5
 1829 14610 5
 1830 49674 17
 1831 52596 18
 1832 20454 7
 1833 35064 12
 1834 26298 9
 1835 20454 7
 1836 40908 14
 1837 17532 6
 1838 32142 11
 1839 37986 13
 1840 5844 2
 1841 5844 2
 1842 40908 14
 1843 20454 7
 1844 40908 14
 1845 49674 17
 1846 58440 20
 1847 5844 2
 1848 58440 20
 1849 2922 1
 1850 32142 11
 1851 35064 12
 1852 58440 20
 1853 29220 10
 1854 46752 16
 1855 52596 18
 1856 52596 18
 1857 49674 17
 1858 11688 4
 1859 32142 11
 1860 20454 7
 1861 5844 2
 1862 20454 7
 1863 52596 18
 1864 20454 7
 1865 35064 12
 1866 52596 18
 1867 14610 5
 1868 8766 3
 1869 5844 2
 1870 43830 15
 1871 2922 1
 1872 43830 15
 1873 52596 18
 1874 40908 14
 1875 35064 12
 1876 49674 17
 1877 26298 9
 1878 35064 12
 1879 46752 16
 1880 46752 16
 1881 35064 12
 1882 17532 6
 1883 2922 1
 1884 37986 13
 1885 23376 8
 1886 11688 4
 1887 37986 13
 1888 17532 6
 1889 20454 7
 1890 43830 15
 1891 2922 1
 1892 37986 13
 1893 29220 10
 1894 49674 17
 1895 49674 17
 1896 26298 9
 1897 8766 3
 1898 40908 14
 1899 2922 1
 1900 58440 20
 1901 46752 16
 1902 43830 15
 1903 40908 14
 1904 5844 2
 1905 40908 14
 1906 37986 13
 1907 29220 10
 1908 14610 5
 1909 29220 10
 1910 14610 5
 1911 29220 10
 1912 46752 16
 1913 43830 15
 1914 5844 2
 1915 32142 11
 1916 32142 11
 1917 49674 17
 1918 43830 15
 1919 26298 9
 1920 52596 18
 1921 23376 8
 1922 46752 16
 1923 20454 7
 1924 29220 10
 1925 52596 18
 1926 26298 9
 1927 17532 6
 1928 58440 20
 1929 11688 4
 1930 5844 2
 1931 32142 11
 1932 40908 14
 1933 17532 6
 1934 37986 13
 1935 29220 10
 1936 52596 18
 1937 23376 8
 1938 58440 20
 1939 55518 19
 1940 11688 4
 1941 43830 15
 1942 43830 15
 1943 40908 14
 1944 17532 6
 1945 20454 7
 1946 26298 9
 1947 49674 17
 1948 14610 5
 1949 52596 18
 1950 52596 18
 1951 14610 5
 1952 8766 3
 1953 14610 5
 1954 40908 14
 1955 37986 13
 1956 2922 1
 1957 20454 7
 1958 40908 14
 1959 23376 8
 1960 35064 12
 1961 32142 11
 1962 20454 7
 1963 32142 11
 1964 20454 7
 1965 35064 12
 1966 17532 6
 1967 20454 7
 1968 26298 9
 1969 20454 7
 1970 43830 15
 1971 23376 8
 1972 23376 8
 1973 17532 6
 1974 17532 6
 1975 49674 17
 1976 20454 7
 1977 20454 7
 1978 40908 14
 1979 43830 15
 1980 52596 18
 1981 52596 18
 1982 58440 20
 1983 29220 10
 1984 26298 9
 1985 37986 13
 1986 14610 5
 1987 14610 5
 1988 43830 15
 1989 46752 16
 1990 5844 2
 1991 8766 3
 1992 29220 10
 1993 11688 4
 1994 52596 18
 1995 58440 20
 1996 55518 19
 1997 43830 15
 1998 29220 10
 1999 26298 9
 2000 49674 17
 2001 11688 4
 2002 14610 5
 2003 23376 8
 2004 20454 7
 2005 37986 13
 2006 55518 19
 2007 8766 3
 2008 35064 12
 2009 49674 17
 2010 32142 11
 2011 40908 14
 2012 58440 20
 2013 11688 4
 2014 8766 3
 2015 23376 8
 2016 11688 4
 2017 40908 14
 2018 49674 17
 2019 23376 8
 2020 26298 9
 2021 46752 16
 2022 46752 16
 2023 37986 13
 2024 14610 5
 2025 55518 19
 2026 23376 8
 2027 49674 17
 2028 23376 8
 2029 46752 16
 2030 46752 16
 2031 17532 6
 2032 43830 15
 2033 49674 17
 2034 52596 18
 2035 49674 17
 2036 55518 19
 2037 35064 12
 2038 58440 20
 2039 52596 18
 2040 58440 20
 2041 5844 2
 2042 20454 7
 2043 32142 11
 2044 58440 20
 2045 14610 5
 2046 40908 14
 2047 2922 1
 2048 52596 18
 2049 46752 16
 2050 40908 14
 2051 37986 13
 2052 5844 2
 2053 23376 8
 2054 55518 19
 2055 52596 18
 2056 5844 2
 2057 52596 18
 2058 55518 19
 2059 17532 6
 2060 11688 4
 2061 40908 14
 2062 23376 8
 2063 11688 4
 2064 11688 4
 2065 20454 7
 2066 11688 4
 2067 2922 1
 2068 37986 13
 2069 2922 1
 2070 35064 12
 2071 58440 20
 2072 29220 10
 2073 20454 7
 2074 23376 8
 2075 26298 9
 2076 23376 8
 2077 23376 8
 2078 35064 12
 2079 32142 11
 2080 8766 3
 2081 26298 9
 2082 17532 6
 2083 26298 9
 2084 23376 8
 2085 29220 10
 2086 40908 14
 2087 14610 5
 2088 14610 5
 2089 46752 16
 2090 35064 12
 2091 58440 20
 2092 52596 18
 2093 52596 18
 2094 29220 10
 2095 43830 15
 2096 2922 1
 2097 26298 9
 2098 43830 15
 2099 37986 13
 2100 46752 16
 2101 55518 19
 2102 2922 1
 2103 17532 6
 2104 49674 17
 2105 52596 18
 2106 55518 19
 2107 52596 18
 2108 14610 5
 2109 20454 7
 2110 37986 13
 2111 43830 15
 2112 32142 11
 2113 49674 17
 2114 35064 12
 2115 2922 1
 2116 49674 17
 2117 23376 8
 2118 17532 6
 2119 5844 2
 2120 5844 2
 2121 23376 8
 2122 46752 16
 2123 8766 3
 2124 2922 1
 2125 58440 20
 2126 14610 5
 2127 14610 5
 2128 2922 1
 2129 5844 2
 2130 8766 3
 2131 46752 16
 2132 55518 19
 2133 23376 8
 2134 46752 16
 2135 29220 10
 2136 46752 16
 2137 49674 17
 2138 11688 4
 2139 17532 6
 2140 52596 18
 2141 14610 5
 2142 49674 17
 2143 46752 16
 2144 14610 5
 2145 11688 4
 2146 5844 2
 2147 35064 12
 2148 29220 10
 2149 2922 1
 2150 5844 2
 2151 29220 10
 2152 43830 15
 2153 5844 2
 2154 29220 10
 2155 32142 11
 2156 43830 15
 2157 58440 20
 2158 52596 18
 2159 17532 6
 2160 46752 16
 2161 49674 17
 2162 52596 18
 2163 55518 19
 2164 17532 6
 2165 23376 8
 2166 40908 14
 2167 58440 20
 2168 32142 11
 2169 55518 19
 2170 52596 18
 2171 8766 3
 2172 52596 18
 2173 23376 8
 2174 5844 2
 2175 32142 11
 2176 29220 10
 2177 29220 10
 2178 52596 18
 2179 40908 14
 2180 11688 4
 2181 49674 17
 2182 17532 6
 2183 23376 8
 2184 35064 12
 2185 26298 9
 2186 46752 16
 2187 46752 16
 2188 23376 8
 2189 40908 14
 2190 8766 3
 2191 2922 1
 2192 52596 18
 2193 37986 13
 2194 46752 16
 2195 2922 1
 2196 11688 4
 2197 43830 15
 2198 32142 11
 2199 23376 8
 2200 46752 16
 2201 58440 20
 2202 40908 14
 2203 40908 14
 2204 17532 6
 2205 11688 4
 2206 23376 8
 2207 20454 7
 2208 2922 1
 2209 20454 7
 2210 32142 11
 2211 17532 6
 2212 55518 19
 2213 29220 10
 2214 17532 6
 2215 58440 20
 2216 14610 5
 2217 29220 10
 2218 32142 11
 2219 32142 11
 2220 20454 7
 2221 40908 14
 2222 26298 9
 2223 32142 11
 2224 52596 18
 2225 5844 2
 2226 35064 12
 2227 11688 4
 2228 5844 2
 2229 14610 5
 2230 2922 1
 2231 40908 14
 2232 2922 1
 2233 37986 13
 2234 37986 13
 2235 49674 17
 2236 26298 9
 2237 20454 7
 2238 32142 11
 2239 40908 14
 2240 2922 1
 2241 37986 13
 2242 26298 9
 2243 55518 19
 2244 23376 8
 2245 32142 11
 2246 40908 14
 2247 37986 13
 2248 35064 12
 2249 20454 7
 2250 5844 2
 2251 58440 20
 2252 14610 5
 2253 52596 18
 2254 26298 9
 2255 32142 11
 2256 8766 3
 2257 55518 19
 2258 49674 17
 2259 8766 3
 2260 43830 15
 2261 52596 18
 2262 17532 6
 2263 35064 12
 2264 11688 4
 2265 46752 16
 2266 58440 20
 2267 35064 12
 2268 55518 19
 2269 43830 15
 2270 40908 14
 2271 20454 7
 2272 37986 13
 2273 49674 17
 2274 58440 20
 2275 5844 2
 2276 35064 12
 2277 29220 10
 2278 55518 19
 2279 14610 5
 2280 49674 17
 2281 5844 2
 2282 20454 7
 2283 20454 7
 2284 52596 18
 2285 35064 12
 2286 8766 3
 2287 58440 20
 2288 17532 6
 2289 37986 13
 2290 52596 18
 2291 37986 13
 2292 46752 16
 2293 29220 10
 2294 40908 14
 2295 40908 14
 2296 40908 14
 2297 37986 13
 2298 40908 14
 2299 17532 6
 2300 58440 20
 2301 37986 13
 2302 26298 9
 2303 11688 4
 2304 23376 8
 2305 23376 8
 2306 46752 16
 2307 49674 17
 2308 26298 9
 2309 2922 1
 2310 58440 20
 2311 43830 15
 2312 17532 6
 2313 40908 14
 2314 11688 4
 2315 17532 6
 2316 11688 4
 2317 11688 4
 2318 29220 10
 2319 49674 17
 2320 43830 15
 2321 35064 12
 2322 58440 20
 2323 46752 16
 2324 40908 14
 2325 2922 1
 2326 26298 9
 2327 14610 5
 2328 5844 2
 2329 35064 12
 2330 14610 5
 2331 37986 13
 2332 55518 19
 2333 29220 10
 2334 29220 10
 2335 2922 1
 2336 37986 13
 2337 11688 4
 2338 26298 9
 2339 43830 15
 2340 43830 15
 2341 14610 5
 2342 52596 18
 2343 26298 9
 2344 58440 20
 2345 20454 7
 2346 35064 12
 2347 29220 10
 2348 40908 14
 2349 17532 6
 2350 20454 7
 2351 29220 10
 2352 14610 5
 2353 20454 7
 2354 32142 11
 2355 11688 4
 2356 29220 10
 2357 14610 5
 2358 49674 17
 2359 52596 18
 2360 2922 1
 2361 5844 2
 2362 32142 11
 2363 35064 12
 2364 43830 15
 2365 14610 5
 2366 26298 9
 2367 52596 18
 2368 2922 1
 2369 11688 4
 2370 2922 1
 2371 17532 6
 2372 29220 10
 2373 43830 15
 2374 5844 2
 2375 32142 11
 2376 43830 15
 2377 46752 16
 2378 26298 9
 2379 29220 10
 2380 37986 13
 2381 52596 18
 2382 55518 19
 2383 8766 3
 2384 23376 8
 2385 20454 7
 2386 26298 9
 2387 17532 6
 2388 58440 20
 2389 11688 4
 2390 35064 12
 2391 32142 11
 2392 8766 3
 2393 49674 17
 2394 49674 17
 2395 14610 5
 2396 17532 6
 2397 37986 13
 2398 43830 15
 2399 14610 5
 2400 23376 8
 2401 8766 3
 2402 49674 17
 2403 14610 5
 2404 40908 14
 2405 20454 7
 2406 58440 20
 2407 29220 10
 2408 52596 18
 2409 5844 2
 2410 32142 11
 2411 32142 11
 2412 14610 5
 2413 23376 8
 2414 55518 19
 2415 52596 18
 2416 55518 19
 2417 17532 6
 2418 37986 13
 2419 58440 20
 2420 5844 2
 2421 32142 11
 2422 26298 9
 2423 23376 8
 2424 55518 19
 2425 52596 18
 2426 49674 17
 2427 11688 4
 2428 43830 15
 2429 29220 10
 2430 23376 8
 2431 49674 17
 2432 58440 20
 2433 40908 14
 2434 55518 19
 2435 2922 1
 2436 2922 1
 2437 23376 8
 2438 8766 3
 2439 2922 1
 2440 58440 20
 2441 58440 20
 2442 43830 15
 2443 29220 10
 2444 55518 19
 2445 14610 5
 2446 23376 8
 2447 55518 19
 2448 8766 3
 2449 35064 12
 2450 2922 1
 2451 32142 11
 2452 26298 9
 2453 8766 3
 2454 58440 20
 2455 46752 16
 2456 37986 13
 2457 26298 9
 2458 32142 11
 2459 35064 12
 2460 2922 1
 2461 58440 20
 2462 23376 8
 2463 8766 3
 2464 46752 16
 2465 32142 11
 2466 52596 18
 2467 2922 1
 2468 2922 1
 2469 46752 16
 2470 43830 15
 2471 26298 9
 2472 20454 7
 2473 8766 3
 2474 37986 13
 2475 32142 11
 2476 11688 4
 2477 43830 15
 2478 49674 17
 2479 32142 11
 2480 37986 13
 2481 14610 5
 2482 5844 2
 2483 55518 19
 2484 29220 10
 2485 20454 7
 2486 40908 14
 2487 32142 11
 2488 58440 20
 2489 46752 16
 2490 52596 18
 2491 37986 13
 2492 26298 9
 2493 29220 10
 2494 37986 13
 2495 43830 15
 2496 17532 6
 2497 46752 16
 2498 37986 13
 2499 58440 20
 2500 14610 5
 2501 26298 9
 2502 49674 17
 2503 11688 4
 2504 37986 13
 2505 32142 11
 2506 46752 16
 2507 37986 13
 2508 52596 18
 2509 52596 18
 2510 5844 2
 2511 52596 18
 2512 2922 1
 2513 2922 1
 2514 5844 2
 2515 26298 9
 2516 52596 18
 2517 20454 7
 2518 40908 14
 2519 2922 1
 2520 2922 1
 2521 8766 3
 2522 43830 15
 2523 14610 5
 2524 5844 2
 2525 17532 6
 2526 14610 5
 2527 55518 19
 2528 8766 3
 2529 20454 7
 2530 37986 13
 2531 43830 15
 2532 26298 9
 2533 43830 15
 2534 2922 1
 2535 32142 11
 2536 58440 20
 2537 17532 6
 2538 17532 6
 2539 23376 8
 2540 26298 9
 2541 29220 10
 2542 55518 19
 2543 43830 15
 2544 49674 17
 2545 14610 5
 2546 40908 14
 2547 17532 6
 2548 55518 19
 2549 29220 10
 2550 32142 11
 2551 14610 5
 2552 17532 6
 2553 43830 15
 2554 35064 12
 2555 5844 2
 2556 5844 2
 2557 37986 13
 2558 2922 1
 2559 29220 10
 2560 29220 10
 2561 26298 9
 2562 37986 13
 2563 52596 18
 2564 17532 6
 2565 58440 20
 2566 23376 8
 2567 5844 2
 2568 26298 9
 2569 52596 18
 2570 23376 8
 2571 55518 19
 2572 20454 7
 2573 14610 5
 2574 40908 14
 2575 23376 8
 2576 5844 2
 2577 55518 19
 2578 29220 10
 2579 40908 14
 2580 49674 17
 2581 14610 5
 2582 2922 1
 2583 32142 11
 2584 26298 9
 2585 35064 12
 2586 58440 20
 2587 52596 18
 2588 37986 13
 2589 40908 14
 2590 23376 8
 2591 40908 14
 2592 17532 6
 2593 17532 6
 2594 14610 5
 2595 29220 10
 2596 52596 18
 2597 29220 10
 2598 46752 16
 2599 2922 1
 2600 29220 10
 2601 37986 13
 2602 49674 17
 2603 26298 9
 2604 35064 12
 2605 8766 3
 2606 26298 9
 2607 14610 5
 2608 20454 7
 2609 8766 3
 2610 55518 19
 2611 8766 3
 2612 46752 16
 2613 35064 12
 2614 37986 13
 2615 32142 11
 2616 17532 6
 2617 46752 16
 2618 35064 12
 2619 26298 9
 2620 32142 11
 2621 29220 10
 2622 49674 17
 2623 8766 3
 2624 46752 16
 2625 20454 7
 2626 14610 5
 2627 46752 16
 2628 23376 8
 2629 32142 11
 2630 11688 4
 2631 23376 8
 2632 40908 14
 2633 40908 14
 2634 14610 5
 2635 2922 1
 2636 52596 18
 2637 5844 2
 2638 32142 11
 2639 55518 19
 2640 46752 16
 2641 49674 17
 2642 14610 5
 2643 11688 4
 2644 17532 6
 2645 2922 1
 2646 43830 15
 2647 2922 1
 2648 20454 7
 2649 26298 9
 2650 20454 7
 2651 52596 18
 2652 35064 12
 2653 29220 10
 2654 20454 7
 2655 52596 18
 2656 8766 3
 2657 17532 6
 2658 46752 16
 2659 8766 3
 2660 11688 4
 2661 40908 14
 2662 40908 14
 2663 23376 8
 2664 46752 16
 2665 5844 2
 2666 43830 15
 2667 43830 15
 2668 40908 14
 2669 5844 2
 2670 2922 1
 2671 32142 11
 2672 20454 7
 2673 37986 13
 2674 32142 11
 2675 17532 6
 2676 40908 14
 2677 49674 17
 2678 14610 5
 2679 8766 3
 2680 26298 9
 2681 55518 19
 2682 26298 9
 2683 23376 8
 2684 35064 12
 2685 55518 19
 2686 40908 14
 2687 20454 7
 2688 43830 15
 2689 52596 18
 2690 43830 15
 2691 5844 2
 2692 43830 15
 2693 52596 18
 2694 14610 5
 2695 11688 4
 2696 55518 19
 2697 29220 10
 2698 49674 17
 2699 43830 15
 2700 55518 19
 2701 35064 12
 2702 52596 18
 2703 43830 15
 2704 49674 17
 2705 2922 1
 2706 5844 2
 2707 23376 8
 2708 29220 10
 2709 35064 12
 2710 52596 18
 2711 29220 10
 2712 49674 17
 2713 58440 20
 2714 58440 20
 2715 37986 13
 2716 49674 17
 2717 58440 20
 2718 5844 2
 2719 23376 8
 2720 40908 14
 2721 11688 4
 2722 11688 4
 2723 17532 6
 2724 20454 7
 2725 26298 9
 2726 17532 6
 2727 43830 15
 2728 40908 14
 2729 49674 17
 2730 20454 7
 2731 14610 5
 2732 52596 18
 2733 52596 18
 2734 20454 7
 2735 35064 12
 2736 11688 4
 2737 40908 14
 2738 40908 14
 2739 49674 17
 2740 32142 11
 2741 52596 18
 2742 8766 3
 2743 17532 6
 2744 26298 9
 2745 46752 16
 2746 52596 18
 2747 5844 2
 2748 5844 2
 2749 52596 18
 2750 5844 2
 2751 11688 4
 2752 8766 3
 2753 29220 10
 2754 55518 19
 2755 2922 1
 2756 52596 18
 2757 5844 2
 2758 14610 5
 2759 35064 12
 2760 40908 14
 2761 17532 6
 2762 17532 6
 2763 17532 6
 2764 43830 15
 2765 14610 5
 2766 58440 20
 2767 8766 3
 2768 37986 13
 2769 32142 11
 2770 8766 3
 2771 2922 1
 2772 32142 11
 2773 14610 5
 2774 49674 17
 2775 52596 18
 2776 46752 16
 2777 5844 2
 2778 40908 14
 2779 2922 1
 2780 37986 13
 2781 20454 7
 2782 43830 15
 2783 55518 19
 2784 55518 19
 2785 35064 12
 2786 17532 6
 2787 40908 14
 2788 55518 19
 2789 58440 20
 2790 20454 7
 2791 35064 12
 2792 29220 10
 2793 8766 3
 2794 35064 12
 2795 35064 12
 2796 46752 16
 2797 17532 6
 2798 37986 13
 2799 49674 17
 2800 58440 20
 2801 37986 13
 2802 40908 14
 2803 5844 2
 2804 40908 14
 2805 37986 13
 2806 5844 2
 2807 17532 6
 2808 23376 8
 2809 55518 19
 2810 37986 13
 2811 29220 10
 2812 52596 18
 2813 8766 3
 2814 49674 17
 2815 37986 13
 2816 46752 16
 2817 5844 2
 2818 26298 9
 2819 37986 13
 2820 32142 11
 2821 17532 6
 2822 20454 7
 2823 46752 16
 2824 23376 8
 2825 26298 9
 2826 11688 4
 2827 40908 14
 2828 43830 15
 2829 2922 1
 2830 23376 8
 2831 32142 11
 2832 2922 1
 2833 14610 5
 2834 29220 10
 2835 46752 16
 2836 35064 12
 2837 26298 9
 2838 58440 20
 2839 35064 12
 2840 2922 1
 2841 37986 13
 2842 49674 17
 2843 8766 3
 2844 2922 1
 2845 32142 11
 2846 55518 19
 2847 46752 16
 2848 5844 2
 2849 35064 12
 2850 35064 12
 2851 43830 15
 2852 17532 6
 2853 35064 12
 2854 11688 4
 2855 32142 11
 2856 29220 10
 2857 14610 5
 2858 43830 15
 2859 17532 6
 2860 5844 2
 2861 32142 11
 2862 23376 8
 2863 40908 14
 2864 29220 10
 2865 49674 17
 2866 52596 18
 2867 26298 9
 2868 32142 11
 2869 8766 3
 2870 29220 10
 2871 8766 3
 2872 17532 6
 2873 17532 6
 2874 14610 5
 2875 11688 4
 2876 52596 18
 2877 11688 4
 2878 49674 17
 2879 17532 6
 2880 8766 3
 2881 32142 11
 2882 14610 5
 2883 20454 7
 2884 55518 19
 2885 49674 17
 2886 32142 11
 2887 46752 16
 2888 49674 17
 2889 37986 13
 2890 46752 16
 2891 46752 16
 2892 2922 1
 2893 29220 10
 2894 17532 6
 2895 5844 2
 2896 58440 20
 2897 5844 2
 2898 46752 16
 2899 20454 7
 2900 17532 6
 2901 8766 3
 2902 55518 19
 2903 14610 5
 2904 49674 17
 2905 2922 1
 2906 11688 4
 2907 26298 9
 2908 29220 10
 2909 52596 18
 2910 35064 12
 2911 17532 6
 2912 29220 10
 2913 26298 9
 2914 29220 10
 2915 29220 10
 2916 8766 3
 2917 52596 18
 2918 29220 10
 2919 20454 7
 2920 8766 3
 2921 2922 1
 2922 49674 17
8766