312
 1 2184 7
 2 3120 10
 3 5928 19
 4 5616 18
 5 4680 15
 6 3744 12
 7 2496 8
 8 3120 10
 9 2808 9
 10 4368 14
 11 2808 9
 12 5304 17
 13 5616 18
 14 5616 18
 15 1560 5
 16 1248 4
 17 4368 14
 18 2808 9
 19 936 3
 20 2184 7
 21 3432 11
 22 5616 18
 23 5616 18
 24 5928 19
 25 4368 14
 26 4992 16
 27 2496 8
 28 312 1
 29 5304 17
 30 936 3
 31 312 1
 32 1872 6
 33 5616 18
 34 3432 11
 35 2184 7
 36 4368 14
 37 4368 14
 38 5616 18
 39 2184 7
 40 624 2
 41 5616 18
 42 5304 17
 43 1248 4
 44 5928 19
 45 3432 11
 46 4056 13
 47 4056 13
 48 312 1
 49 1248 4
 50 4992 16
 51 1560 5
 52 5616 18
 53 2184 7
 54 4992 16
 55 5928 19
 56 4680 15
 57 312 1
 58 5304 17
 59 6240 20
 60 4992 16
 61 2496 8
 62 3744 12
 63 2496 8
 64 4992 16
 65 624 2
 66 4368 14
 67 1560 5
 68 2496 8
 69 5928 19
 70 2496 8
 71 312 1
 72 1560 5
 73 4992 16
 74 1560 5
 75 2184 7
 76 2184 7
 77 1560 5
 78 5304 17
 79 2808 9
 80 5304 17
 81 624 2
 82 4368 14
 83 1872 6
 84 6240 20
 85 1872 6
 86 624 2
 87 3744 12
 88 3120 10
 89 2808 9
 90 2184 7
 91 1560 5
 92 4368 14
 93 4368 14
 94 4992 16
 95 5304 17
 96 4056 13
 97 5616 18
 98 1560 5
 99 6240 20
 100 5616 18
 101 4680 15
 102 936 3
 103 624 2
 104 6240 20
 105 5616 18
 106 1248 4
 107 2808 9
 108 4680 15
 109 624 2
 110 1248 4
 111 6240 20
 112 3120 10
 113 2496 8
 114 2184 7
 115 3432 11
 116 312 1
 117 2184 7
 118 5928 19
 119 936 3
 120 1248 4
 121 312 1
 122 4056 13
 123 2808 9
 124 4056 13
 125 936 3
 126 3120 10
 127 1248 4
 128 4992 16
 129 1872 6
 130 3432 11
 131 1872 6
 132 3432 11
 133 3744 12
 134 2808 9
 135 936 3
 136 4368 14
 137 624 2
 138 5616 18
 139 3432 11
 140 5304 17
 141 936 3
 142 1560 5
 143 3120 10
 144 4680 15
 145 5616 18
 146 312 1
 147 3744 12
 148 312 1
 149 1248 4
 150 5616 18
 151 5616 18
 152 5928 19
 153 5304 17
 154 1248 4
 155 2808 9
 156 3120 10
 157 6240 20
 158 2184 7
 159 3120 10
 160 2808 9
 161 4368 14
 162 624 2
 163 5616 18
 164 6240 20
 165 4680 15
 166 2808 9
 167 3432 11
 168 4056 13
 169 2808 9
 170 6240 20
 171 2808 9
 172 3120 10
 173 3120 10
 174 3120 10
 175 1248 4
 176 3432 11
 177 4368 14
 178 6240 20
 179 4680 15
 180 5304 17
 181 3120 10
 182 2184 7
 183 2496 8
 184 4056 13
 185 1248 4
 186 2496 8
 187 3744 12
 188 5304 17
 189 6240 20
 190 3120 10
 191 4680 15
 192 5616 18
 193 4056 13
 194 4680 15
 195 5928 19
 196 624 2
 197 2808 9
 198 4992 16
 199 2496 8
 200 5928 19
 201 1872 6
 202 4680 15
 203 312 1
 204 2496 8
 205 936 3
 206 5304 17
 207 5616 18
 208 1248 4
 209 2496 8
 210 4680 15
 211 3120 10
 212 5304 17
 213 1560 5
 214 4368 14
 215 5616 18
 216 6240 20
 217 5304 17
 218 2496 8
 219 2808 9
 220 4056 13
 221 1872 6
 222 624 2
 223 624 2
 224 5928 19
 225 1248 4
 226 3120 10
 227 3744 12
 228 936 3
 229 5928 19
 230 312 1
 231 3120 10
 232 3432 11
 233 2808 9
 234 3744 12
 235 3432 11
 236 2808 9
 237 4056 13
 238 5928 19
 239 2808 9
 240 936 3
 241 5304 17
 242 1560 5
 243 2496 8
 244 3432 11
 245 936 3
 246 3744 12
 247 5616 18
 248 4992 16
 249 2184 7
 250 5616 18
 251 1872 6
 252 2184 7
 253 3744 12
 254 3432 11
 255 2184 7
 256 3432 11
 257 1872 6
 258 4368 14
 259 2184 7
 260 4056 13
 261 3120 10
 262 312 1
 263 2184 7
 264 4368 14
 265 1560 5
 266 936 3
 267 5304 17
 268 4056 13
 269 3744 12
 270 312 1
 271 3744 12
 272 4368 14
 273 2184 7
 274 5616 18
 275 6240 20
 276 6240 20
 277 3432 11
 278 312 1
 279 4368 14
 280 4680 15
 281 3432 11
 282 6240 20
 283 4056 13
 284 312 1
 285 3120 10
 286 4056 13
 287 5304 17
 288 312 1
 289 1560 5
 290 4992 16
 291 4056 13
 292 624 2
 293 3432 11
 294 5304 17
 295 4056 13
 296 2496 8
 297 2808 9
 298 624 2
 299 312 1
 300 3120 10
 301 3432 11
 302 5304 17
 303 3432 11
 304 312 1
 305 2184 7
 306 3432 11
 307 1560 5
 308 5928 19
 309 2496 8
 310 1872 6
 311 5616 18
 312 312 1
5616