3362
 1 13448 4
 2 47068 14
 3 23534 7
 4 10086 3
 5 40344 12
 6 53792 16
 7 43706 13
 8 63878 19
 9 60516 18
 10 33620 10
 11 67240 20
 12 57154 17
 13 23534 7
 14 67240 20
 15 23534 7
 16 13448 4
 17 13448 4
 18 20172 6
 19 40344 12
 20 36982 11
 21 47068 14
 22 33620 10
 23 6724 2
 24 13448 4
 25 23534 7
 26 20172 6
 27 20172 6
 28 43706 13
 29 33620 10
 30 63878 19
 31 33620 10
 32 50430 15
 33 13448 4
 34 20172 6
 35 40344 12
 36 20172 6
 37 30258 9
 38 30258 9
 39 13448 4
 40 53792 16
 41 40344 12
 42 36982 11
 43 16810 5
 44 16810 5
 45 36982 11
 46 47068 14
 47 23534 7
 48 36982 11
 49 26896 8
 50 13448 4
 51 53792 16
 52 20172 6
 53 26896 8
 54 6724 2
 55 13448 4
 56 47068 14
 57 53792 16
 58 36982 11
 59 16810 5
 60 36982 11
 61 10086 3
 62 10086 3
 63 60516 18
 64 33620 10
 65 3362 1
 66 20172 6
 67 47068 14
 68 23534 7
 69 57154 17
 70 60516 18
 71 63878 19
 72 47068 14
 73 47068 14
 74 57154 17
 75 57154 17
 76 63878 19
 77 50430 15
 78 3362 1
 79 60516 18
 80 20172 6
 81 10086 3
 82 60516 18
 83 67240 20
 84 53792 16
 85 60516 18
 86 13448 4
 87 50430 15
 88 67240 20
 89 47068 14
 90 30258 9
 91 33620 10
 92 33620 10
 93 26896 8
 94 3362 1
 95 67240 20
 96 53792 16
 97 13448 4
 98 40344 12
 99 30258 9
 100 57154 17
 101 40344 12
 102 53792 16
 103 6724 2
 104 30258 9
 105 53792 16
 106 16810 5
 107 20172 6
 108 63878 19
 109 47068 14
 110 6724 2
 111 36982 11
 112 16810 5
 113 43706 13
 114 30258 9
 115 36982 11
 116 63878 19
 117 60516 18
 118 23534 7
 119 47068 14
 120 10086 3
 121 6724 2
 122 63878 19
 123 33620 10
 124 6724 2
 125 60516 18
 126 10086 3
 127 43706 13
 128 40344 12
 129 10086 3
 130 33620 10
 131 10086 3
 132 26896 8
 133 57154 17
 134 26896 8
 135 57154 17
 136 10086 3
 137 47068 14
 138 50430 15
 139 53792 16
 140 23534 7
 141 43706 13
 142 63878 19
 143 60516 18
 144 16810 5
 145 3362 1
 146 47068 14
 147 6724 2
 148 47068 14
 149 36982 11
 150 26896 8
 151 3362 1
 152 26896 8
 153 36982 11
 154 67240 20
 155 10086 3
 156 23534 7
 157 20172 6
 158 47068 14
 159 3362 1
 160 13448 4
 161 40344 12
 162 53792 16
 163 3362 1
 164 26896 8
 165 13448 4
 166 40344 12
 167 6724 2
 168 63878 19
 169 53792 16
 170 20172 6
 171 30258 9
 172 40344 12
 173 16810 5
 174 13448 4
 175 10086 3
 176 50430 15
 177 23534 7
 178 53792 16
 179 50430 15
 180 16810 5
 181 20172 6
 182 10086 3
 183 47068 14
 184 33620 10
 185 57154 17
 186 50430 15
 187 40344 12
 188 6724 2
 189 3362 1
 190 60516 18
 191 47068 14
 192 6724 2
 193 57154 17
 194 26896 8
 195 16810 5
 196 16810 5
 197 20172 6
 198 10086 3
 199 36982 11
 200 3362 1
 201 3362 1
 202 33620 10
 203 36982 11
 204 6724 2
 205 47068 14
 206 23534 7
 207 60516 18
 208 40344 12
 209 63878 19
 210 47068 14
 211 60516 18
 212 20172 6
 213 3362 1
 214 43706 13
 215 53792 16
 216 40344 12
 217 57154 17
 218 36982 11
 219 53792 16
 220 6724 2
 221 47068 14
 222 67240 20
 223 16810 5
 224 16810 5
 225 3362 1
 226 40344 12
 227 57154 17
 228 36982 11
 229 6724 2
 230 67240 20
 231 47068 14
 232 23534 7
 233 36982 11
 234 10086 3
 235 23534 7
 236 50430 15
 237 43706 13
 238 33620 10
 239 26896 8
 240 16810 5
 241 13448 4
 242 47068 14
 243 43706 13
 244 67240 20
 245 40344 12
 246 60516 18
 247 16810 5
 248 20172 6
 249 43706 13
 250 63878 19
 251 20172 6
 252 23534 7
 253 60516 18
 254 36982 11
 255 47068 14
 256 53792 16
 257 40344 12
 258 30258 9
 259 43706 13
 260 60516 18
 261 50430 15
 262 40344 12
 263 20172 6
 264 60516 18
 265 36982 11
 266 20172 6
 267 33620 10
 268 13448 4
 269 23534 7
 270 20172 6
 271 67240 20
 272 53792 16
 273 10086 3
 274 36982 11
 275 53792 16
 276 13448 4
 277 67240 20
 278 16810 5
 279 33620 10
 280 33620 10
 281 3362 1
 282 20172 6
 283 57154 17
 284 16810 5
 285 23534 7
 286 23534 7
 287 57154 17
 288 60516 18
 289 36982 11
 290 43706 13
 291 60516 18
 292 6724 2
 293 47068 14
 294 6724 2
 295 53792 16
 296 60516 18
 297 47068 14
 298 53792 16
 299 26896 8
 300 20172 6
 301 67240 20
 302 23534 7
 303 10086 3
 304 63878 19
 305 20172 6
 306 67240 20
 307 26896 8
 308 26896 8
 309 63878 19
 310 26896 8
 311 26896 8
 312 63878 19
 313 20172 6
 314 50430 15
 315 47068 14
 316 63878 19
 317 67240 20
 318 30258 9
 319 50430 15
 320 20172 6
 321 50430 15
 322 60516 18
 323 57154 17
 324 67240 20
 325 26896 8
 326 13448 4
 327 57154 17
 328 53792 16
 329 33620 10
 330 40344 12
 331 3362 1
 332 50430 15
 333 10086 3
 334 36982 11
 335 60516 18
 336 26896 8
 337 57154 17
 338 67240 20
 339 30258 9
 340 63878 19
 341 16810 5
 342 33620 10
 343 47068 14
 344 3362 1
 345 53792 16
 346 36982 11
 347 50430 15
 348 33620 10
 349 47068 14
 350 30258 9
 351 33620 10
 352 3362 1
 353 10086 3
 354 47068 14
 355 6724 2
 356 60516 18
 357 67240 20
 358 20172 6
 359 57154 17
 360 10086 3
 361 53792 16
 362 67240 20
 363 36982 11
 364 23534 7
 365 26896 8
 366 53792 16
 367 43706 13
 368 60516 18
 369 43706 13
 370 40344 12
 371 6724 2
 372 10086 3
 373 26896 8
 374 20172 6
 375 43706 13
 376 36982 11
 377 50430 15
 378 43706 13
 379 43706 13
 380 16810 5
 381 43706 13
 382 36982 11
 383 13448 4
 384 57154 17
 385 50430 15
 386 33620 10
 387 47068 14
 388 57154 17
 389 50430 15
 390 50430 15
 391 60516 18
 392 53792 16
 393 43706 13
 394 10086 3
 395 36982 11
 396 20172 6
 397 30258 9
 398 57154 17
 399 43706 13
 400 16810 5
 401 67240 20
 402 10086 3
 403 53792 16
 404 36982 11
 405 33620 10
 406 60516 18
 407 16810 5
 408 20172 6
 409 36982 11
 410 50430 15
 411 13448 4
 412 30258 9
 413 16810 5
 414 33620 10
 415 13448 4
 416 43706 13
 417 6724 2
 418 30258 9
 419 23534 7
 420 47068 14
 421 36982 11
 422 23534 7
 423 16810 5
 424 10086 3
 425 13448 4
 426 57154 17
 427 23534 7
 428 50430 15
 429 57154 17
 430 6724 2
 431 6724 2
 432 57154 17
 433 26896 8
 434 36982 11
 435 40344 12
 436 30258 9
 437 30258 9
 438 40344 12
 439 50430 15
 440 26896 8
 441 63878 19
 442 10086 3
 443 33620 10
 444 43706 13
 445 23534 7
 446 30258 9
 447 57154 17
 448 57154 17
 449 16810 5
 450 47068 14
 451 43706 13
 452 40344 12
 453 43706 13
 454 40344 12
 455 40344 12
 456 6724 2
 457 67240 20
 458 57154 17
 459 67240 20
 460 26896 8
 461 26896 8
 462 16810 5
 463 6724 2
 464 47068 14
 465 47068 14
 466 67240 20
 467 67240 20
 468 30258 9
 469 3362 1
 470 23534 7
 471 40344 12
 472 36982 11
 473 3362 1
 474 30258 9
 475 3362 1
 476 60516 18
 477 60516 18
 478 36982 11
 479 36982 11
 480 6724 2
 481 50430 15
 482 43706 13
 483 40344 12
 484 43706 13
 485 16810 5
 486 57154 17
 487 20172 6
 488 60516 18
 489 30258 9
 490 50430 15
 491 23534 7
 492 63878 19
 493 13448 4
 494 20172 6
 495 13448 4
 496 33620 10
 497 26896 8
 498 67240 20
 499 60516 18
 500 13448 4
 501 50430 15
 502 16810 5
 503 50430 15
 504 26896 8
 505 10086 3
 506 57154 17
 507 30258 9
 508 23534 7
 509 67240 20
 510 43706 13
 511 10086 3
 512 30258 9
 513 47068 14
 514 13448 4
 515 60516 18
 516 53792 16
 517 50430 15
 518 30258 9
 519 60516 18
 520 6724 2
 521 53792 16
 522 6724 2
 523 57154 17
 524 30258 9
 525 40344 12
 526 33620 10
 527 13448 4
 528 36982 11
 529 50430 15
 530 60516 18
 531 20172 6
 532 43706 13
 533 57154 17
 534 23534 7
 535 23534 7
 536 53792 16
 537 30258 9
 538 36982 11
 539 16810 5
 540 6724 2
 541 23534 7
 542 23534 7
 543 40344 12
 544 50430 15
 545 16810 5
 546 50430 15
 547 20172 6
 548 40344 12
 549 63878 19
 550 3362 1
 551 36982 11
 552 20172 6
 553 26896 8
 554 63878 19
 555 26896 8
 556 67240 20
 557 47068 14
 558 57154 17
 559 43706 13
 560 36982 11
 561 43706 13
 562 43706 13
 563 50430 15
 564 16810 5
 565 6724 2
 566 13448 4
 567 63878 19
 568 33620 10
 569 53792 16
 570 36982 11
 571 26896 8
 572 33620 10
 573 30258 9
 574 57154 17
 575 23534 7
 576 3362 1
 577 40344 12
 578 47068 14
 579 67240 20
 580 40344 12
 581 26896 8
 582 53792 16
 583 33620 10
 584 50430 15
 585 53792 16
 586 6724 2
 587 40344 12
 588 26896 8
 589 10086 3
 590 36982 11
 591 26896 8
 592 60516 18
 593 50430 15
 594 10086 3
 595 57154 17
 596 63878 19
 597 43706 13
 598 33620 10
 599 10086 3
 600 20172 6
 601 26896 8
 602 23534 7
 603 40344 12
 604 53792 16
 605 50430 15
 606 36982 11
 607 13448 4
 608 40344 12
 609 40344 12
 610 67240 20
 611 10086 3
 612 53792 16
 613 67240 20
 614 43706 13
 615 6724 2
 616 16810 5
 617 20172 6
 618 33620 10
 619 36982 11
 620 20172 6
 621 30258 9
 622 40344 12
 623 40344 12
 624 30258 9
 625 50430 15
 626 16810 5
 627 57154 17
 628 47068 14
 629 3362 1
 630 53792 16
 631 36982 11
 632 33620 10
 633 50430 15
 634 30258 9
 635 30258 9
 636 10086 3
 637 6724 2
 638 6724 2
 639 43706 13
 640 23534 7
 641 20172 6
 642 60516 18
 643 10086 3
 644 26896 8
 645 47068 14
 646 53792 16
 647 36982 11
 648 50430 15
 649 33620 10
 650 20172 6
 651 53792 16
 652 36982 11
 653 40344 12
 654 47068 14
 655 3362 1
 656 60516 18
 657 50430 15
 658 6724 2
 659 26896 8
 660 40344 12
 661 57154 17
 662 16810 5
 663 36982 11
 664 20172 6
 665 63878 19
 666 20172 6
 667 10086 3
 668 40344 12
 669 63878 19
 670 26896 8
 671 60516 18
 672 47068 14
 673 3362 1
 674 26896 8
 675 43706 13
 676 43706 13
 677 63878 19
 678 6724 2
 679 36982 11
 680 67240 20
 681 20172 6
 682 16810 5
 683 67240 20
 684 40344 12
 685 13448 4
 686 16810 5
 687 20172 6
 688 43706 13
 689 3362 1
 690 63878 19
 691 36982 11
 692 53792 16
 693 30258 9
 694 57154 17
 695 47068 14
 696 30258 9
 697 30258 9
 698 63878 19
 699 23534 7
 700 50430 15
 701 20172 6
 702 30258 9
 703 36982 11
 704 16810 5
 705 43706 13
 706 50430 15
 707 47068 14
 708 26896 8
 709 3362 1
 710 26896 8
 711 60516 18
 712 57154 17
 713 43706 13
 714 16810 5
 715 3362 1
 716 16810 5
 717 16810 5
 718 67240 20
 719 36982 11
 720 30258 9
 721 33620 10
 722 67240 20
 723 30258 9
 724 10086 3
 725 30258 9
 726 67240 20
 727 3362 1
 728 3362 1
 729 30258 9
 730 53792 16
 731 3362 1
 732 33620 10
 733 36982 11
 734 63878 19
 735 26896 8
 736 6724 2
 737 10086 3
 738 30258 9
 739 47068 14
 740 40344 12
 741 47068 14
 742 60516 18
 743 33620 10
 744 67240 20
 745 13448 4
 746 10086 3
 747 53792 16
 748 30258 9
 749 40344 12
 750 16810 5
 751 16810 5
 752 67240 20
 753 57154 17
 754 26896 8
 755 47068 14
 756 53792 16
 757 23534 7
 758 16810 5
 759 36982 11
 760 6724 2
 761 16810 5
 762 6724 2
 763 23534 7
 764 43706 13
 765 40344 12
 766 40344 12
 767 36982 11
 768 53792 16
 769 36982 11
 770 33620 10
 771 6724 2
 772 57154 17
 773 10086 3
 774 6724 2
 775 43706 13
 776 63878 19
 777 67240 20
 778 36982 11
 779 60516 18
 780 36982 11
 781 67240 20
 782 23534 7
 783 6724 2
 784 30258 9
 785 33620 10
 786 3362 1
 787 50430 15
 788 57154 17
 789 20172 6
 790 3362 1
 791 6724 2
 792 23534 7
 793 16810 5
 794 36982 11
 795 33620 10
 796 13448 4
 797 67240 20
 798 47068 14
 799 26896 8
 800 16810 5
 801 53792 16
 802 10086 3
 803 6724 2
 804 20172 6
 805 67240 20
 806 40344 12
 807 36982 11
 808 47068 14
 809 30258 9
 810 10086 3
 811 40344 12
 812 40344 12
 813 20172 6
 814 50430 15
 815 23534 7
 816 40344 12
 817 10086 3
 818 40344 12
 819 63878 19
 820 23534 7
 821 26896 8
 822 20172 6
 823 67240 20
 824 23534 7
 825 20172 6
 826 6724 2
 827 16810 5
 828 23534 7
 829 10086 3
 830 53792 16
 831 33620 10
 832 36982 11
 833 10086 3
 834 40344 12
 835 67240 20
 836 40344 12
 837 40344 12
 838 67240 20
 839 63878 19
 840 36982 11
 841 43706 13
 842 43706 13
 843 40344 12
 844 36982 11
 845 67240 20
 846 50430 15
 847 50430 15
 848 53792 16
 849 40344 12
 850 60516 18
 851 60516 18
 852 57154 17
 853 3362 1
 854 43706 13
 855 3362 1
 856 67240 20
 857 53792 16
 858 30258 9
 859 13448 4
 860 57154 17
 861 43706 13
 862 33620 10
 863 57154 17
 864 60516 18
 865 43706 13
 866 10086 3
 867 53792 16
 868 43706 13
 869 40344 12
 870 13448 4
 871 40344 12
 872 53792 16
 873 63878 19
 874 30258 9
 875 13448 4
 876 13448 4
 877 23534 7
 878 60516 18
 879 47068 14
 880 3362 1
 881 63878 19
 882 40344 12
 883 60516 18
 884 47068 14
 885 3362 1
 886 47068 14
 887 43706 13
 888 50430 15
 889 47068 14
 890 13448 4
 891 6724 2
 892 47068 14
 893 6724 2
 894 53792 16
 895 43706 13
 896 63878 19
 897 50430 15
 898 63878 19
 899 53792 16
 900 10086 3
 901 43706 13
 902 10086 3
 903 40344 12
 904 36982 11
 905 67240 20
 906 10086 3
 907 36982 11
 908 33620 10
 909 63878 19
 910 20172 6
 911 30258 9
 912 36982 11
 913 67240 20
 914 3362 1
 915 3362 1
 916 26896 8
 917 10086 3
 918 13448 4
 919 63878 19
 920 23534 7
 921 10086 3
 922 63878 19
 923 16810 5
 924 20172 6
 925 3362 1
 926 6724 2
 927 16810 5
 928 3362 1
 929 33620 10
 930 33620 10
 931 30258 9
 932 26896 8
 933 50430 15
 934 57154 17
 935 6724 2
 936 30258 9
 937 23534 7
 938 36982 11
 939 30258 9
 940 26896 8
 941 43706 13
 942 26896 8
 943 43706 13
 944 60516 18
 945 6724 2
 946 16810 5
 947 23534 7
 948 13448 4
 949 13448 4
 950 43706 13
 951 10086 3
 952 40344 12
 953 20172 6
 954 3362 1
 955 50430 15
 956 6724 2
 957 26896 8
 958 30258 9
 959 36982 11
 960 60516 18
 961 47068 14
 962 30258 9
 963 47068 14
 964 50430 15
 965 23534 7
 966 30258 9
 967 23534 7
 968 23534 7
 969 47068 14
 970 20172 6
 971 20172 6
 972 57154 17
 973 47068 14
 974 3362 1
 975 47068 14
 976 3362 1
 977 26896 8
 978 63878 19
 979 20172 6
 980 23534 7
 981 63878 19
 982 30258 9
 983 47068 14
 984 6724 2
 985 50430 15
 986 16810 5
 987 6724 2
 988 23534 7
 989 20172 6
 990 3362 1
 991 40344 12
 992 53792 16
 993 23534 7
 994 63878 19
 995 13448 4
 996 47068 14
 997 67240 20
 998 30258 9
 999 67240 20
 1000 67240 20
 1001 10086 3
 1002 30258 9
 1003 53792 16
 1004 3362 1
 1005 26896 8
 1006 53792 16
 1007 53792 16
 1008 23534 7
 1009 10086 3
 1010 47068 14
 1011 57154 17
 1012 40344 12
 1013 67240 20
 1014 10086 3
 1015 36982 11
 1016 30258 9
 1017 16810 5
 1018 50430 15
 1019 33620 10
 1020 33620 10
 1021 33620 10
 1022 43706 13
 1023 60516 18
 1024 47068 14
 1025 3362 1
 1026 23534 7
 1027 33620 10
 1028 40344 12
 1029 36982 11
 1030 63878 19
 1031 6724 2
 1032 60516 18
 1033 16810 5
 1034 57154 17
 1035 13448 4
 1036 40344 12
 1037 36982 11
 1038 3362 1
 1039 67240 20
 1040 13448 4
 1041 40344 12
 1042 57154 17
 1043 6724 2
 1044 60516 18
 1045 26896 8
 1046 23534 7
 1047 50430 15
 1048 36982 11
 1049 33620 10
 1050 43706 13
 1051 10086 3
 1052 3362 1
 1053 26896 8
 1054 67240 20
 1055 57154 17
 1056 60516 18
 1057 40344 12
 1058 50430 15
 1059 16810 5
 1060 40344 12
 1061 40344 12
 1062 43706 13
 1063 13448 4
 1064 23534 7
 1065 6724 2
 1066 57154 17
 1067 6724 2
 1068 30258 9
 1069 20172 6
 1070 20172 6
 1071 6724 2
 1072 53792 16
 1073 67240 20
 1074 13448 4
 1075 36982 11
 1076 10086 3
 1077 50430 15
 1078 53792 16
 1079 47068 14
 1080 13448 4
 1081 30258 9
 1082 53792 16
 1083 16810 5
 1084 53792 16
 1085 67240 20
 1086 43706 13
 1087 13448 4
 1088 3362 1
 1089 26896 8
 1090 50430 15
 1091 67240 20
 1092 36982 11
 1093 23534 7
 1094 33620 10
 1095 16810 5
 1096 16810 5
 1097 47068 14
 1098 26896 8
 1099 60516 18
 1100 43706 13
 1101 60516 18
 1102 63878 19
 1103 67240 20
 1104 57154 17
 1105 53792 16
 1106 33620 10
 1107 13448 4
 1108 30258 9
 1109 3362 1
 1110 53792 16
 1111 26896 8
 1112 26896 8
 1113 33620 10
 1114 10086 3
 1115 63878 19
 1116 60516 18
 1117 30258 9
 1118 40344 12
 1119 6724 2
 1120 33620 10
 1121 40344 12
 1122 47068 14
 1123 16810 5
 1124 40344 12
 1125 26896 8
 1126 16810 5
 1127 13448 4
 1128 63878 19
 1129 53792 16
 1130 33620 10
 1131 53792 16
 1132 6724 2
 1133 43706 13
 1134 6724 2
 1135 40344 12
 1136 16810 5
 1137 67240 20
 1138 26896 8
 1139 53792 16
 1140 10086 3
 1141 30258 9
 1142 63878 19
 1143 16810 5
 1144 23534 7
 1145 30258 9
 1146 50430 15
 1147 53792 16
 1148 67240 20
 1149 23534 7
 1150 33620 10
 1151 23534 7
 1152 30258 9
 1153 36982 11
 1154 20172 6
 1155 57154 17
 1156 20172 6
 1157 30258 9
 1158 3362 1
 1159 53792 16
 1160 36982 11
 1161 53792 16
 1162 67240 20
 1163 6724 2
 1164 50430 15
 1165 26896 8
 1166 30258 9
 1167 57154 17
 1168 26896 8
 1169 43706 13
 1170 57154 17
 1171 33620 10
 1172 40344 12
 1173 3362 1
 1174 57154 17
 1175 3362 1
 1176 50430 15
 1177 10086 3
 1178 43706 13
 1179 6724 2
 1180 36982 11
 1181 6724 2
 1182 57154 17
 1183 13448 4
 1184 47068 14
 1185 3362 1
 1186 47068 14
 1187 67240 20
 1188 63878 19
 1189 63878 19
 1190 33620 10
 1191 36982 11
 1192 13448 4
 1193 43706 13
 1194 36982 11
 1195 43706 13
 1196 3362 1
 1197 23534 7
 1198 13448 4
 1199 10086 3
 1200 60516 18
 1201 36982 11
 1202 33620 10
 1203 10086 3
 1204 40344 12
 1205 57154 17
 1206 16810 5
 1207 67240 20
 1208 43706 13
 1209 43706 13
 1210 3362 1
 1211 67240 20
 1212 67240 20
 1213 6724 2
 1214 47068 14
 1215 63878 19
 1216 33620 10
 1217 40344 12
 1218 13448 4
 1219 33620 10
 1220 57154 17
 1221 16810 5
 1222 50430 15
 1223 57154 17
 1224 57154 17
 1225 10086 3
 1226 50430 15
 1227 50430 15
 1228 47068 14
 1229 26896 8
 1230 26896 8
 1231 47068 14
 1232 50430 15
 1233 30258 9
 1234 67240 20
 1235 67240 20
 1236 40344 12
 1237 36982 11
 1238 6724 2
 1239 53792 16
 1240 60516 18
 1241 16810 5
 1242 30258 9
 1243 36982 11
 1244 23534 7
 1245 23534 7
 1246 6724 2
 1247 3362 1
 1248 43706 13
 1249 3362 1
 1250 13448 4
 1251 30258 9
 1252 16810 5
 1253 16810 5
 1254 23534 7
 1255 53792 16
 1256 23534 7
 1257 23534 7
 1258 13448 4
 1259 33620 10
 1260 6724 2
 1261 63878 19
 1262 3362 1
 1263 26896 8
 1264 60516 18
 1265 20172 6
 1266 43706 13
 1267 30258 9
 1268 40344 12
 1269 60516 18
 1270 67240 20
 1271 57154 17
 1272 57154 17
 1273 26896 8
 1274 50430 15
 1275 6724 2
 1276 16810 5
 1277 36982 11
 1278 13448 4
 1279 63878 19
 1280 3362 1
 1281 57154 17
 1282 3362 1
 1283 26896 8
 1284 6724 2
 1285 57154 17
 1286 50430 15
 1287 67240 20
 1288 3362 1
 1289 30258 9
 1290 36982 11
 1291 43706 13
 1292 16810 5
 1293 16810 5
 1294 57154 17
 1295 23534 7
 1296 40344 12
 1297 26896 8
 1298 10086 3
 1299 47068 14
 1300 3362 1
 1301 57154 17
 1302 36982 11
 1303 63878 19
 1304 30258 9
 1305 10086 3
 1306 23534 7
 1307 50430 15
 1308 63878 19
 1309 33620 10
 1310 43706 13
 1311 60516 18
 1312 6724 2
 1313 67240 20
 1314 36982 11
 1315 3362 1
 1316 57154 17
 1317 26896 8
 1318 60516 18
 1319 23534 7
 1320 20172 6
 1321 30258 9
 1322 40344 12
 1323 20172 6
 1324 30258 9
 1325 60516 18
 1326 3362 1
 1327 16810 5
 1328 47068 14
 1329 57154 17
 1330 30258 9
 1331 33620 10
 1332 47068 14
 1333 53792 16
 1334 36982 11
 1335 20172 6
 1336 16810 5
 1337 16810 5
 1338 53792 16
 1339 60516 18
 1340 30258 9
 1341 13448 4
 1342 53792 16
 1343 10086 3
 1344 57154 17
 1345 23534 7
 1346 60516 18
 1347 23534 7
 1348 33620 10
 1349 26896 8
 1350 36982 11
 1351 10086 3
 1352 10086 3
 1353 10086 3
 1354 3362 1
 1355 33620 10
 1356 60516 18
 1357 36982 11
 1358 30258 9
 1359 47068 14
 1360 20172 6
 1361 3362 1
 1362 6724 2
 1363 26896 8
 1364 16810 5
 1365 36982 11
 1366 33620 10
 1367 33620 10
 1368 57154 17
 1369 50430 15
 1370 36982 11
 1371 50430 15
 1372 57154 17
 1373 53792 16
 1374 20172 6
 1375 43706 13
 1376 47068 14
 1377 53792 16
 1378 67240 20
 1379 26896 8
 1380 40344 12
 1381 30258 9
 1382 60516 18
 1383 53792 16
 1384 16810 5
 1385 36982 11
 1386 6724 2
 1387 3362 1
 1388 50430 15
 1389 43706 13
 1390 33620 10
 1391 3362 1
 1392 57154 17
 1393 53792 16
 1394 57154 17
 1395 67240 20
 1396 36982 11
 1397 53792 16
 1398 10086 3
 1399 30258 9
 1400 13448 4
 1401 36982 11
 1402 63878 19
 1403 13448 4
 1404 26896 8
 1405 57154 17
 1406 30258 9
 1407 13448 4
 1408 36982 11
 1409 43706 13
 1410 57154 17
 1411 6724 2
 1412 6724 2
 1413 36982 11
 1414 6724 2
 1415 6724 2
 1416 6724 2
 1417 16810 5
 1418 47068 14
 1419 57154 17
 1420 6724 2
 1421 26896 8
 1422 60516 18
 1423 6724 2
 1424 30258 9
 1425 63878 19
 1426 47068 14
 1427 36982 11
 1428 6724 2
 1429 20172 6
 1430 67240 20
 1431 50430 15
 1432 36982 11
 1433 13448 4
 1434 63878 19
 1435 10086 3
 1436 20172 6
 1437 67240 20
 1438 43706 13
 1439 63878 19
 1440 47068 14
 1441 57154 17
 1442 60516 18
 1443 30258 9
 1444 30258 9
 1445 6724 2
 1446 6724 2
 1447 43706 13
 1448 30258 9
 1449 3362 1
 1450 47068 14
 1451 13448 4
 1452 63878 19
 1453 63878 19
 1454 40344 12
 1455 23534 7
 1456 13448 4
 1457 26896 8
 1458 50430 15
 1459 26896 8
 1460 3362 1
 1461 57154 17
 1462 67240 20
 1463 50430 15
 1464 63878 19
 1465 10086 3
 1466 57154 17
 1467 16810 5
 1468 30258 9
 1469 47068 14
 1470 67240 20
 1471 36982 11
 1472 26896 8
 1473 13448 4
 1474 30258 9
 1475 16810 5
 1476 3362 1
 1477 16810 5
 1478 67240 20
 1479 16810 5
 1480 16810 5
 1481 30258 9
 1482 40344 12
 1483 43706 13
 1484 6724 2
 1485 23534 7
 1486 33620 10
 1487 40344 12
 1488 67240 20
 1489 20172 6
 1490 57154 17
 1491 47068 14
 1492 10086 3
 1493 50430 15
 1494 3362 1
 1495 53792 16
 1496 13448 4
 1497 43706 13
 1498 40344 12
 1499 50430 15
 1500 67240 20
 1501 60516 18
 1502 6724 2
 1503 16810 5
 1504 57154 17
 1505 47068 14
 1506 13448 4
 1507 16810 5
 1508 50430 15
 1509 3362 1
 1510 23534 7
 1511 36982 11
 1512 16810 5
 1513 13448 4
 1514 63878 19
 1515 47068 14
 1516 43706 13
 1517 50430 15
 1518 23534 7
 1519 63878 19
 1520 63878 19
 1521 57154 17
 1522 30258 9
 1523 43706 13
 1524 36982 11
 1525 63878 19
 1526 50430 15
 1527 57154 17
 1528 30258 9
 1529 50430 15
 1530 43706 13
 1531 3362 1
 1532 36982 11
 1533 30258 9
 1534 30258 9
 1535 67240 20
 1536 60516 18
 1537 67240 20
 1538 53792 16
 1539 6724 2
 1540 6724 2
 1541 36982 11
 1542 36982 11
 1543 23534 7
 1544 63878 19
 1545 3362 1
 1546 33620 10
 1547 60516 18
 1548 20172 6
 1549 47068 14
 1550 43706 13
 1551 63878 19
 1552 3362 1
 1553 67240 20
 1554 6724 2
 1555 36982 11
 1556 33620 10
 1557 10086 3
 1558 26896 8
 1559 60516 18
 1560 16810 5
 1561 40344 12
 1562 43706 13
 1563 43706 13
 1564 13448 4
 1565 40344 12
 1566 43706 13
 1567 30258 9
 1568 6724 2
 1569 3362 1
 1570 43706 13
 1571 43706 13
 1572 47068 14
 1573 43706 13
 1574 26896 8
 1575 3362 1
 1576 53792 16
 1577 57154 17
 1578 60516 18
 1579 50430 15
 1580 23534 7
 1581 16810 5
 1582 47068 14
 1583 40344 12
 1584 60516 18
 1585 33620 10
 1586 43706 13
 1587 36982 11
 1588 30258 9
 1589 13448 4
 1590 16810 5
 1591 26896 8
 1592 3362 1
 1593 60516 18
 1594 43706 13
 1595 40344 12
 1596 67240 20
 1597 20172 6
 1598 53792 16
 1599 43706 13
 1600 60516 18
 1601 13448 4
 1602 13448 4
 1603 36982 11
 1604 6724 2
 1605 50430 15
 1606 26896 8
 1607 30258 9
 1608 47068 14
 1609 13448 4
 1610 43706 13
 1611 53792 16
 1612 63878 19
 1613 3362 1
 1614 60516 18
 1615 53792 16
 1616 43706 13
 1617 50430 15
 1618 23534 7
 1619 63878 19
 1620 57154 17
 1621 36982 11
 1622 63878 19
 1623 47068 14
 1624 3362 1
 1625 63878 19
 1626 26896 8
 1627 26896 8
 1628 67240 20
 1629 30258 9
 1630 50430 15
 1631 40344 12
 1632 47068 14
 1633 43706 13
 1634 57154 17
 1635 6724 2
 1636 10086 3
 1637 43706 13
 1638 6724 2
 1639 3362 1
 1640 47068 14
 1641 67240 20
 1642 47068 14
 1643 10086 3
 1644 67240 20
 1645 3362 1
 1646 20172 6
 1647 36982 11
 1648 67240 20
 1649 50430 15
 1650 57154 17
 1651 30258 9
 1652 67240 20
 1653 20172 6
 1654 43706 13
 1655 47068 14
 1656 40344 12
 1657 53792 16
 1658 10086 3
 1659 3362 1
 1660 23534 7
 1661 20172 6
 1662 67240 20
 1663 26896 8
 1664 20172 6
 1665 26896 8
 1666 33620 10
 1667 53792 16
 1668 63878 19
 1669 3362 1
 1670 43706 13
 1671 33620 10
 1672 30258 9
 1673 67240 20
 1674 26896 8
 1675 23534 7
 1676 67240 20
 1677 57154 17
 1678 36982 11
 1679 33620 10
 1680 63878 19
 1681 16810 5
 1682 53792 16
 1683 43706 13
 1684 67240 20
 1685 57154 17
 1686 53792 16
 1687 26896 8
 1688 43706 13
 1689 53792 16
 1690 47068 14
 1691 67240 20
 1692 57154 17
 1693 47068 14
 1694 40344 12
 1695 43706 13
 1696 6724 2
 1697 13448 4
 1698 23534 7
 1699 3362 1
 1700 3362 1
 1701 63878 19
 1702 6724 2
 1703 40344 12
 1704 10086 3
 1705 60516 18
 1706 53792 16
 1707 30258 9
 1708 50430 15
 1709 36982 11
 1710 53792 16
 1711 50430 15
 1712 20172 6
 1713 60516 18
 1714 23534 7
 1715 23534 7
 1716 36982 11
 1717 53792 16
 1718 23534 7
 1719 63878 19
 1720 3362 1
 1721 40344 12
 1722 13448 4
 1723 53792 16
 1724 16810 5
 1725 43706 13
 1726 26896 8
 1727 3362 1
 1728 13448 4
 1729 20172 6
 1730 60516 18
 1731 16810 5
 1732 60516 18
 1733 57154 17
 1734 47068 14
 1735 40344 12
 1736 40344 12
 1737 26896 8
 1738 6724 2
 1739 13448 4
 1740 3362 1
 1741 36982 11
 1742 60516 18
 1743 63878 19
 1744 16810 5
 1745 3362 1
 1746 57154 17
 1747 43706 13
 1748 50430 15
 1749 10086 3
 1750 10086 3
 1751 67240 20
 1752 53792 16
 1753 6724 2
 1754 20172 6
 1755 53792 16
 1756 23534 7
 1757 53792 16
 1758 43706 13
 1759 43706 13
 1760 43706 13
 1761 57154 17
 1762 67240 20
 1763 3362 1
 1764 3362 1
 1765 40344 12
 1766 10086 3
 1767 30258 9
 1768 50430 15
 1769 3362 1
 1770 60516 18
 1771 50430 15
 1772 36982 11
 1773 16810 5
 1774 13448 4
 1775 6724 2
 1776 13448 4
 1777 3362 1
 1778 3362 1
 1779 50430 15
 1780 63878 19
 1781 63878 19
 1782 33620 10
 1783 60516 18
 1784 30258 9
 1785 26896 8
 1786 50430 15
 1787 40344 12
 1788 6724 2
 1789 30258 9
 1790 33620 10
 1791 13448 4
 1792 57154 17
 1793 36982 11
 1794 53792 16
 1795 30258 9
 1796 13448 4
 1797 36982 11
 1798 60516 18
 1799 33620 10
 1800 33620 10
 1801 63878 19
 1802 16810 5
 1803 36982 11
 1804 63878 19
 1805 30258 9
 1806 3362 1
 1807 60516 18
 1808 50430 15
 1809 43706 13
 1810 67240 20
 1811 6724 2
 1812 40344 12
 1813 63878 19
 1814 13448 4
 1815 67240 20
 1816 16810 5
 1817 53792 16
 1818 6724 2
 1819 33620 10
 1820 13448 4
 1821 47068 14
 1822 47068 14
 1823 36982 11
 1824 26896 8
 1825 26896 8
 1826 30258 9
 1827 3362 1
 1828 33620 10
 1829 63878 19
 1830 43706 13
 1831 63878 19
 1832 67240 20
 1833 30258 9
 1834 63878 19
 1835 33620 10
 1836 63878 19
 1837 60516 18
 1838 20172 6
 1839 60516 18
 1840 47068 14
 1841 53792 16
 1842 33620 10
 1843 63878 19
 1844 60516 18
 1845 16810 5
 1846 20172 6
 1847 13448 4
 1848 40344 12
 1849 26896 8
 1850 6724 2
 1851 16810 5
 1852 36982 11
 1853 3362 1
 1854 20172 6
 1855 6724 2
 1856 10086 3
 1857 16810 5
 1858 60516 18
 1859 30258 9
 1860 60516 18
 1861 67240 20
 1862 43706 13
 1863 6724 2
 1864 33620 10
 1865 53792 16
 1866 60516 18
 1867 20172 6
 1868 13448 4
 1869 40344 12
 1870 10086 3
 1871 63878 19
 1872 10086 3
 1873 40344 12
 1874 10086 3
 1875 50430 15
 1876 23534 7
 1877 36982 11
 1878 50430 15
 1879 10086 3
 1880 23534 7
 1881 67240 20
 1882 13448 4
 1883 23534 7
 1884 43706 13
 1885 33620 10
 1886 16810 5
 1887 53792 16
 1888 33620 10
 1889 40344 12
 1890 6724 2
 1891 26896 8
 1892 20172 6
 1893 16810 5
 1894 60516 18
 1895 33620 10
 1896 33620 10
 1897 26896 8
 1898 20172 6
 1899 47068 14
 1900 3362 1
 1901 3362 1
 1902 33620 10
 1903 47068 14
 1904 23534 7
 1905 20172 6
 1906 20172 6
 1907 43706 13
 1908 33620 10
 1909 60516 18
 1910 26896 8
 1911 53792 16
 1912 43706 13
 1913 50430 15
 1914 20172 6
 1915 43706 13
 1916 10086 3
 1917 6724 2
 1918 36982 11
 1919 6724 2
 1920 36982 11
 1921 16810 5
 1922 26896 8
 1923 60516 18
 1924 67240 20
 1925 47068 14
 1926 30258 9
 1927 20172 6
 1928 6724 2
 1929 53792 16
 1930 57154 17
 1931 23534 7
 1932 40344 12
 1933 53792 16
 1934 30258 9
 1935 63878 19
 1936 16810 5
 1937 53792 16
 1938 33620 10
 1939 20172 6
 1940 40344 12
 1941 20172 6
 1942 63878 19
 1943 20172 6
 1944 16810 5
 1945 30258 9
 1946 43706 13
 1947 50430 15
 1948 50430 15
 1949 16810 5
 1950 50430 15
 1951 67240 20
 1952 36982 11
 1953 23534 7
 1954 3362 1
 1955 63878 19
 1956 13448 4
 1957 60516 18
 1958 33620 10
 1959 33620 10
 1960 47068 14
 1961 16810 5
 1962 43706 13
 1963 6724 2
 1964 60516 18
 1965 23534 7
 1966 20172 6
 1967 40344 12
 1968 43706 13
 1969 67240 20
 1970 6724 2
 1971 47068 14
 1972 36982 11
 1973 63878 19
 1974 36982 11
 1975 40344 12
 1976 26896 8
 1977 57154 17
 1978 40344 12
 1979 47068 14
 1980 63878 19
 1981 13448 4
 1982 57154 17
 1983 67240 20
 1984 57154 17
 1985 40344 12
 1986 3362 1
 1987 33620 10
 1988 43706 13
 1989 43706 13
 1990 63878 19
 1991 36982 11
 1992 16810 5
 1993 16810 5
 1994 60516 18
 1995 36982 11
 1996 20172 6
 1997 36982 11
 1998 33620 10
 1999 43706 13
 2000 6724 2
 2001 50430 15
 2002 36982 11
 2003 53792 16
 2004 57154 17
 2005 53792 16
 2006 16810 5
 2007 63878 19
 2008 26896 8
 2009 50430 15
 2010 53792 16
 2011 10086 3
 2012 10086 3
 2013 30258 9
 2014 23534 7
 2015 23534 7
 2016 63878 19
 2017 6724 2
 2018 23534 7
 2019 47068 14
 2020 20172 6
 2021 36982 11
 2022 53792 16
 2023 13448 4
 2024 3362 1
 2025 16810 5
 2026 57154 17
 2027 63878 19
 2028 13448 4
 2029 50430 15
 2030 60516 18
 2031 16810 5
 2032 47068 14
 2033 16810 5
 2034 26896 8
 2035 23534 7
 2036 33620 10
 2037 67240 20
 2038 23534 7
 2039 30258 9
 2040 60516 18
 2041 36982 11
 2042 67240 20
 2043 13448 4
 2044 67240 20
 2045 50430 15
 2046 16810 5
 2047 20172 6
 2048 40344 12
 2049 30258 9
 2050 67240 20
 2051 30258 9
 2052 13448 4
 2053 20172 6
 2054 43706 13
 2055 10086 3
 2056 50430 15
 2057 43706 13
 2058 6724 2
 2059 30258 9
 2060 60516 18
 2061 60516 18
 2062 10086 3
 2063 26896 8
 2064 53792 16
 2065 23534 7
 2066 13448 4
 2067 20172 6
 2068 47068 14
 2069 3362 1
 2070 40344 12
 2071 33620 10
 2072 67240 20
 2073 40344 12
 2074 63878 19
 2075 16810 5
 2076 57154 17
 2077 67240 20
 2078 43706 13
 2079 13448 4
 2080 40344 12
 2081 16810 5
 2082 6724 2
 2083 3362 1
 2084 20172 6
 2085 33620 10
 2086 63878 19
 2087 20172 6
 2088 63878 19
 2089 33620 10
 2090 63878 19
 2091 60516 18
 2092 16810 5
 2093 33620 10
 2094 30258 9
 2095 6724 2
 2096 36982 11
 2097 3362 1
 2098 30258 9
 2099 40344 12
 2100 6724 2
 2101 63878 19
 2102 23534 7
 2103 40344 12
 2104 20172 6
 2105 6724 2
 2106 26896 8
 2107 16810 5
 2108 30258 9
 2109 60516 18
 2110 6724 2
 2111 53792 16
 2112 10086 3
 2113 63878 19
 2114 6724 2
 2115 60516 18
 2116 60516 18
 2117 20172 6
 2118 57154 17
 2119 33620 10
 2120 57154 17
 2121 13448 4
 2122 63878 19
 2123 43706 13
 2124 10086 3
 2125 3362 1
 2126 36982 11
 2127 26896 8
 2128 53792 16
 2129 20172 6
 2130 10086 3
 2131 16810 5
 2132 67240 20
 2133 13448 4
 2134 30258 9
 2135 47068 14
 2136 36982 11
 2137 60516 18
 2138 3362 1
 2139 26896 8
 2140 53792 16
 2141 50430 15
 2142 26896 8
 2143 3362 1
 2144 67240 20
 2145 63878 19
 2146 23534 7
 2147 63878 19
 2148 67240 20
 2149 40344 12
 2150 40344 12
 2151 47068 14
 2152 3362 1
 2153 36982 11
 2154 43706 13
 2155 60516 18
 2156 20172 6
 2157 63878 19
 2158 36982 11
 2159 23534 7
 2160 36982 11
 2161 60516 18
 2162 20172 6
 2163 47068 14
 2164 47068 14
 2165 16810 5
 2166 10086 3
 2167 23534 7
 2168 50430 15
 2169 3362 1
 2170 10086 3
 2171 3362 1
 2172 53792 16
 2173 3362 1
 2174 33620 10
 2175 10086 3
 2176 26896 8
 2177 60516 18
 2178 20172 6
 2179 6724 2
 2180 3362 1
 2181 30258 9
 2182 33620 10
 2183 67240 20
 2184 67240 20
 2185 36982 11
 2186 50430 15
 2187 50430 15
 2188 50430 15
 2189 20172 6
 2190 26896 8
 2191 16810 5
 2192 30258 9
 2193 10086 3
 2194 50430 15
 2195 67240 20
 2196 33620 10
 2197 3362 1
 2198 50430 15
 2199 60516 18
 2200 23534 7
 2201 13448 4
 2202 60516 18
 2203 30258 9
 2204 60516 18
 2205 40344 12
 2206 3362 1
 2207 67240 20
 2208 33620 10
 2209 10086 3
 2210 3362 1
 2211 60516 18
 2212 6724 2
 2213 30258 9
 2214 63878 19
 2215 63878 19
 2216 13448 4
 2217 3362 1
 2218 23534 7
 2219 53792 16
 2220 6724 2
 2221 26896 8
 2222 43706 13
 2223 33620 10
 2224 30258 9
 2225 3362 1
 2226 50430 15
 2227 6724 2
 2228 57154 17
 2229 63878 19
 2230 50430 15
 2231 47068 14
 2232 33620 10
 2233 3362 1
 2234 30258 9
 2235 36982 11
 2236 10086 3
 2237 40344 12
 2238 53792 16
 2239 63878 19
 2240 30258 9
 2241 26896 8
 2242 23534 7
 2243 20172 6
 2244 63878 19
 2245 63878 19
 2246 67240 20
 2247 30258 9
 2248 26896 8
 2249 47068 14
 2250 43706 13
 2251 30258 9
 2252 57154 17
 2253 43706 13
 2254 50430 15
 2255 30258 9
 2256 63878 19
 2257 53792 16
 2258 10086 3
 2259 6724 2
 2260 57154 17
 2261 30258 9
 2262 20172 6
 2263 53792 16
 2264 13448 4
 2265 40344 12
 2266 23534 7
 2267 47068 14
 2268 60516 18
 2269 3362 1
 2270 43706 13
 2271 36982 11
 2272 23534 7
 2273 26896 8
 2274 16810 5
 2275 53792 16
 2276 63878 19
 2277 20172 6
 2278 3362 1
 2279 10086 3
 2280 3362 1
 2281 10086 3
 2282 30258 9
 2283 43706 13
 2284 13448 4
 2285 16810 5
 2286 20172 6
 2287 43706 13
 2288 16810 5
 2289 57154 17
 2290 57154 17
 2291 10086 3
 2292 3362 1
 2293 6724 2
 2294 23534 7
 2295 57154 17
 2296 53792 16
 2297 50430 15
 2298 33620 10
 2299 20172 6
 2300 63878 19
 2301 16810 5
 2302 53792 16
 2303 23534 7
 2304 36982 11
 2305 16810 5
 2306 60516 18
 2307 36982 11
 2308 6724 2
 2309 33620 10
 2310 67240 20
 2311 57154 17
 2312 67240 20
 2313 3362 1
 2314 26896 8
 2315 47068 14
 2316 23534 7
 2317 10086 3
 2318 67240 20
 2319 43706 13
 2320 47068 14
 2321 57154 17
 2322 60516 18
 2323 50430 15
 2324 67240 20
 2325 10086 3
 2326 26896 8
 2327 63878 19
 2328 6724 2
 2329 30258 9
 2330 63878 19
 2331 50430 15
 2332 63878 19
 2333 43706 13
 2334 16810 5
 2335 33620 10
 2336 36982 11
 2337 16810 5
 2338 67240 20
 2339 6724 2
 2340 16810 5
 2341 30258 9
 2342 13448 4
 2343 26896 8
 2344 57154 17
 2345 26896 8
 2346 53792 16
 2347 57154 17
 2348 30258 9
 2349 60516 18
 2350 10086 3
 2351 60516 18
 2352 33620 10
 2353 50430 15
 2354 57154 17
 2355 30258 9
 2356 3362 1
 2357 57154 17
 2358 43706 13
 2359 53792 16
 2360 16810 5
 2361 67240 20
 2362 47068 14
 2363 67240 20
 2364 23534 7
 2365 16810 5
 2366 16810 5
 2367 10086 3
 2368 63878 19
 2369 67240 20
 2370 43706 13
 2371 10086 3
 2372 6724 2
 2373 40344 12
 2374 50430 15
 2375 26896 8
 2376 40344 12
 2377 36982 11
 2378 67240 20
 2379 40344 12
 2380 40344 12
 2381 60516 18
 2382 63878 19
 2383 43706 13
 2384 10086 3
 2385 20172 6
 2386 43706 13
 2387 3362 1
 2388 53792 16
 2389 23534 7
 2390 6724 2
 2391 23534 7
 2392 53792 16
 2393 57154 17
 2394 26896 8
 2395 26896 8
 2396 10086 3
 2397 13448 4
 2398 57154 17
 2399 26896 8
 2400 13448 4
 2401 43706 13
 2402 20172 6
 2403 30258 9
 2404 10086 3
 2405 33620 10
 2406 6724 2
 2407 47068 14
 2408 6724 2
 2409 43706 13
 2410 40344 12
 2411 63878 19
 2412 30258 9
 2413 16810 5
 2414 40344 12
 2415 60516 18
 2416 63878 19
 2417 36982 11
 2418 36982 11
 2419 60516 18
 2420 16810 5
 2421 53792 16
 2422 50430 15
 2423 20172 6
 2424 40344 12
 2425 30258 9
 2426 13448 4
 2427 26896 8
 2428 26896 8
 2429 3362 1
 2430 40344 12
 2431 36982 11
 2432 6724 2
 2433 50430 15
 2434 43706 13
 2435 53792 16
 2436 57154 17
 2437 6724 2
 2438 26896 8
 2439 47068 14
 2440 40344 12
 2441 60516 18
 2442 33620 10
 2443 40344 12
 2444 16810 5
 2445 60516 18
 2446 60516 18
 2447 53792 16
 2448 43706 13
 2449 43706 13
 2450 43706 13
 2451 6724 2
 2452 30258 9
 2453 40344 12
 2454 26896 8
 2455 47068 14
 2456 47068 14
 2457 20172 6
 2458 57154 17
 2459 57154 17
 2460 30258 9
 2461 26896 8
 2462 26896 8
 2463 30258 9
 2464 30258 9
 2465 47068 14
 2466 13448 4
 2467 33620 10
 2468 67240 20
 2469 60516 18
 2470 33620 10
 2471 10086 3
 2472 43706 13
 2473 10086 3
 2474 16810 5
 2475 43706 13
 2476 26896 8
 2477 60516 18
 2478 60516 18
 2479 67240 20
 2480 53792 16
 2481 6724 2
 2482 43706 13
 2483 36982 11
 2484 43706 13
 2485 67240 20
 2486 10086 3
 2487 3362 1
 2488 33620 10
 2489 23534 7
 2490 33620 10
 2491 26896 8
 2492 6724 2
 2493 16810 5
 2494 47068 14
 2495 47068 14
 2496 50430 15
 2497 26896 8
 2498 40344 12
 2499 43706 13
 2500 3362 1
 2501 30258 9
 2502 10086 3
 2503 43706 13
 2504 36982 11
 2505 36982 11
 2506 60516 18
 2507 16810 5
 2508 26896 8
 2509 60516 18
 2510 43706 13
 2511 40344 12
 2512 60516 18
 2513 20172 6
 2514 30258 9
 2515 13448 4
 2516 63878 19
 2517 60516 18
 2518 50430 15
 2519 33620 10
 2520 26896 8
 2521 3362 1
 2522 26896 8
 2523 50430 15
 2524 10086 3
 2525 50430 15
 2526 3362 1
 2527 60516 18
 2528 67240 20
 2529 36982 11
 2530 53792 16
 2531 33620 10
 2532 47068 14
 2533 30258 9
 2534 33620 10
 2535 10086 3
 2536 3362 1
 2537 63878 19
 2538 53792 16
 2539 13448 4
 2540 67240 20
 2541 10086 3
 2542 16810 5
 2543 36982 11
 2544 47068 14
 2545 33620 10
 2546 16810 5
 2547 43706 13
 2548 23534 7
 2549 40344 12
 2550 6724 2
 2551 63878 19
 2552 40344 12
 2553 47068 14
 2554 30258 9
 2555 63878 19
 2556 47068 14
 2557 30258 9
 2558 23534 7
 2559 63878 19
 2560 57154 17
 2561 30258 9
 2562 60516 18
 2563 20172 6
 2564 67240 20
 2565 67240 20
 2566 36982 11
 2567 43706 13
 2568 63878 19
 2569 6724 2
 2570 3362 1
 2571 3362 1
 2572 57154 17
 2573 13448 4
 2574 57154 17
 2575 3362 1
 2576 63878 19
 2577 23534 7
 2578 50430 15
 2579 67240 20
 2580 40344 12
 2581 47068 14
 2582 36982 11
 2583 13448 4
 2584 26896 8
 2585 3362 1
 2586 53792 16
 2587 40344 12
 2588 63878 19
 2589 26896 8
 2590 43706 13
 2591 47068 14
 2592 63878 19
 2593 50430 15
 2594 16810 5
 2595 26896 8
 2596 23534 7
 2597 23534 7
 2598 10086 3
 2599 63878 19
 2600 60516 18
 2601 47068 14
 2602 13448 4
 2603 6724 2
 2604 57154 17
 2605 57154 17
 2606 63878 19
 2607 60516 18
 2608 63878 19
 2609 26896 8
 2610 50430 15
 2611 30258 9
 2612 30258 9
 2613 63878 19
 2614 47068 14
 2615 10086 3
 2616 26896 8
 2617 63878 19
 2618 47068 14
 2619 43706 13
 2620 63878 19
 2621 10086 3
 2622 20172 6
 2623 57154 17
 2624 33620 10
 2625 43706 13
 2626 33620 10
 2627 3362 1
 2628 6724 2
 2629 67240 20
 2630 36982 11
 2631 63878 19
 2632 3362 1
 2633 26896 8
 2634 10086 3
 2635 33620 10
 2636 36982 11
 2637 53792 16
 2638 30258 9
 2639 60516 18
 2640 50430 15
 2641 50430 15
 2642 26896 8
 2643 10086 3
 2644 10086 3
 2645 16810 5
 2646 50430 15
 2647 26896 8
 2648 47068 14
 2649 30258 9
 2650 13448 4
 2651 26896 8
 2652 3362 1
 2653 36982 11
 2654 26896 8
 2655 53792 16
 2656 50430 15
 2657 53792 16
 2658 50430 15
 2659 57154 17
 2660 53792 16
 2661 6724 2
 2662 3362 1
 2663 57154 17
 2664 10086 3
 2665 6724 2
 2666 33620 10
 2667 63878 19
 2668 20172 6
 2669 53792 16
 2670 10086 3
 2671 6724 2
 2672 40344 12
 2673 23534 7
 2674 63878 19
 2675 10086 3
 2676 16810 5
 2677 16810 5
 2678 10086 3
 2679 50430 15
 2680 20172 6
 2681 63878 19
 2682 57154 17
 2683 43706 13
 2684 23534 7
 2685 43706 13
 2686 13448 4
 2687 63878 19
 2688 23534 7
 2689 67240 20
 2690 67240 20
 2691 47068 14
 2692 6724 2
 2693 30258 9
 2694 23534 7
 2695 43706 13
 2696 36982 11
 2697 53792 16
 2698 47068 14
 2699 10086 3
 2700 67240 20
 2701 47068 14
 2702 60516 18
 2703 50430 15
 2704 6724 2
 2705 33620 10
 2706 36982 11
 2707 6724 2
 2708 67240 20
 2709 57154 17
 2710 30258 9
 2711 10086 3
 2712 47068 14
 2713 23534 7
 2714 63878 19
 2715 43706 13
 2716 57154 17
 2717 16810 5
 2718 53792 16
 2719 47068 14
 2720 53792 16
 2721 53792 16
 2722 57154 17
 2723 23534 7
 2724 26896 8
 2725 50430 15
 2726 20172 6
 2727 6724 2
 2728 50430 15
 2729 53792 16
 2730 10086 3
 2731 6724 2
 2732 63878 19
 2733 50430 15
 2734 47068 14
 2735 13448 4
 2736 43706 13
 2737 26896 8
 2738 50430 15
 2739 3362 1
 2740 47068 14
 2741 30258 9
 2742 67240 20
 2743 13448 4
 2744 63878 19
 2745 3362 1
 2746 36982 11
 2747 40344 12
 2748 60516 18
 2749 63878 19
 2750 26896 8
 2751 33620 10
 2752 57154 17
 2753 50430 15
 2754 16810 5
 2755 50430 15
 2756 50430 15
 2757 63878 19
 2758 13448 4
 2759 57154 17
 2760 20172 6
 2761 30258 9
 2762 33620 10
 2763 26896 8
 2764 43706 13
 2765 57154 17
 2766 10086 3
 2767 43706 13
 2768 40344 12
 2769 3362 1
 2770 36982 11
 2771 36982 11
 2772 57154 17
 2773 3362 1
 2774 16810 5
 2775 60516 18
 2776 33620 10
 2777 6724 2
 2778 63878 19
 2779 33620 10
 2780 67240 20
 2781 10086 3
 2782 57154 17
 2783 10086 3
 2784 63878 19
 2785 53792 16
 2786 36982 11
 2787 30258 9
 2788 30258 9
 2789 16810 5
 2790 23534 7
 2791 26896 8
 2792 26896 8
 2793 30258 9
 2794 20172 6
 2795 13448 4
 2796 60516 18
 2797 47068 14
 2798 33620 10
 2799 3362 1
 2800 47068 14
 2801 16810 5
 2802 20172 6
 2803 30258 9
 2804 16810 5
 2805 3362 1
 2806 16810 5
 2807 26896 8
 2808 20172 6
 2809 50430 15
 2810 40344 12
 2811 20172 6
 2812 53792 16
 2813 36982 11
 2814 36982 11
 2815 40344 12
 2816 13448 4
 2817 53792 16
 2818 3362 1
 2819 67240 20
 2820 43706 13
 2821 57154 17
 2822 53792 16
 2823 67240 20
 2824 47068 14
 2825 50430 15
 2826 30258 9
 2827 6724 2
 2828 57154 17
 2829 60516 18
 2830 16810 5
 2831 20172 6
 2832 47068 14
 2833 67240 20
 2834 3362 1
 2835 13448 4
 2836 3362 1
 2837 20172 6
 2838 50430 15
 2839 57154 17
 2840 47068 14
 2841 53792 16
 2842 20172 6
 2843 33620 10
 2844 43706 13
 2845 33620 10
 2846 40344 12
 2847 40344 12
 2848 36982 11
 2849 36982 11
 2850 10086 3
 2851 16810 5
 2852 23534 7
 2853 10086 3
 2854 50430 15
 2855 10086 3
 2856 60516 18
 2857 23534 7
 2858 43706 13
 2859 33620 10
 2860 40344 12
 2861 23534 7
 2862 36982 11
 2863 63878 19
 2864 67240 20
 2865 53792 16
 2866 67240 20
 2867 3362 1
 2868 13448 4
 2869 50430 15
 2870 3362 1
 2871 16810 5
 2872 50430 15
 2873 26896 8
 2874 57154 17
 2875 16810 5
 2876 57154 17
 2877 33620 10
 2878 67240 20
 2879 13448 4
 2880 20172 6
 2881 50430 15
 2882 67240 20
 2883 47068 14
 2884 23534 7
 2885 47068 14
 2886 43706 13
 2887 3362 1
 2888 40344 12
 2889 60516 18
 2890 13448 4
 2891 30258 9
 2892 57154 17
 2893 53792 16
 2894 10086 3
 2895 53792 16
 2896 53792 16
 2897 6724 2
 2898 67240 20
 2899 6724 2
 2900 43706 13
 2901 23534 7
 2902 40344 12
 2903 50430 15
 2904 23534 7
 2905 63878 19
 2906 40344 12
 2907 60516 18
 2908 16810 5
 2909 47068 14
 2910 53792 16
 2911 30258 9
 2912 23534 7
 2913 67240 20
 2914 50430 15
 2915 50430 15
 2916 13448 4
 2917 57154 17
 2918 63878 19
 2919 10086 3
 2920 10086 3
 2921 50430 15
 2922 47068 14
 2923 67240 20
 2924 36982 11
 2925 36982 11
 2926 67240 20
 2927 26896 8
 2928 43706 13
 2929 57154 17
 2930 6724 2
 2931 67240 20
 2932 57154 17
 2933 53792 16
 2934 3362 1
 2935 26896 8
 2936 40344 12
 2937 23534 7
 2938 40344 12
 2939 43706 13
 2940 63878 19
 2941 53792 16
 2942 26896 8
 2943 43706 13
 2944 47068 14
 2945 63878 19
 2946 10086 3
 2947 53792 16
 2948 26896 8
 2949 3362 1
 2950 40344 12
 2951 50430 15
 2952 16810 5
 2953 30258 9
 2954 36982 11
 2955 40344 12
 2956 36982 11
 2957 36982 11
 2958 63878 19
 2959 63878 19
 2960 6724 2
 2961 13448 4
 2962 20172 6
 2963 60516 18
 2964 63878 19
 2965 16810 5
 2966 47068 14
 2967 16810 5
 2968 40344 12
 2969 20172 6
 2970 50430 15
 2971 67240 20
 2972 26896 8
 2973 57154 17
 2974 30258 9
 2975 20172 6
 2976 30258 9
 2977 43706 13
 2978 53792 16
 2979 30258 9
 2980 10086 3
 2981 57154 17
 2982 16810 5
 2983 53792 16
 2984 60516 18
 2985 36982 11
 2986 47068 14
 2987 36982 11
 2988 10086 3
 2989 16810 5
 2990 57154 17
 2991 36982 11
 2992 63878 19
 2993 20172 6
 2994 57154 17
 2995 6724 2
 2996 23534 7
 2997 40344 12
 2998 40344 12
 2999 57154 17
 3000 3362 1
 3001 16810 5
 3002 40344 12
 3003 43706 13
 3004 10086 3
 3005 26896 8
 3006 30258 9
 3007 6724 2
 3008 33620 10
 3009 50430 15
 3010 43706 13
 3011 10086 3
 3012 6724 2
 3013 10086 3
 3014 10086 3
 3015 50430 15
 3016 43706 13
 3017 23534 7
 3018 10086 3
 3019 16810 5
 3020 63878 19
 3021 30258 9
 3022 50430 15
 3023 53792 16
 3024 6724 2
 3025 23534 7
 3026 63878 19
 3027 50430 15
 3028 33620 10
 3029 6724 2
 3030 36982 11
 3031 47068 14
 3032 33620 10
 3033 16810 5
 3034 53792 16
 3035 16810 5
 3036 60516 18
 3037 23534 7
 3038 26896 8
 3039 23534 7
 3040 3362 1
 3041 16810 5
 3042 36982 11
 3043 40344 12
 3044 40344 12
 3045 20172 6
 3046 6724 2
 3047 47068 14
 3048 16810 5
 3049 63878 19
 3050 30258 9
 3051 23534 7
 3052 67240 20
 3053 6724 2
 3054 63878 19
 3055 67240 20
 3056 47068 14
 3057 57154 17
 3058 43706 13
 3059 36982 11
 3060 30258 9
 3061 23534 7
 3062 63878 19
 3063 10086 3
 3064 23534 7
 3065 47068 14
 3066 33620 10
 3067 26896 8
 3068 20172 6
 3069 67240 20
 3070 60516 18
 3071 23534 7
 3072 10086 3
 3073 60516 18
 3074 16810 5
 3075 47068 14
 3076 60516 18
 3077 40344 12
 3078 23534 7
 3079 47068 14
 3080 26896 8
 3081 33620 10
 3082 50430 15
 3083 43706 13
 3084 40344 12
 3085 26896 8
 3086 20172 6
 3087 3362 1
 3088 3362 1
 3089 57154 17
 3090 63878 19
 3091 43706 13
 3092 67240 20
 3093 33620 10
 3094 33620 10
 3095 26896 8
 3096 3362 1
 3097 6724 2
 3098 13448 4
 3099 10086 3
 3100 6724 2
 3101 47068 14
 3102 23534 7
 3103 40344 12
 3104 23534 7
 3105 30258 9
 3106 13448 4
 3107 16810 5
 3108 6724 2
 3109 67240 20
 3110 16810 5
 3111 43706 13
 3112 33620 10
 3113 16810 5
 3114 50430 15
 3115 47068 14
 3116 47068 14
 3117 47068 14
 3118 3362 1
 3119 57154 17
 3120 47068 14
 3121 16810 5
 3122 60516 18
 3123 50430 15
 3124 47068 14
 3125 67240 20
 3126 57154 17
 3127 50430 15
 3128 40344 12
 3129 20172 6
 3130 36982 11
 3131 50430 15
 3132 20172 6
 3133 63878 19
 3134 13448 4
 3135 33620 10
 3136 67240 20
 3137 36982 11
 3138 16810 5
 3139 26896 8
 3140 63878 19
 3141 50430 15
 3142 63878 19
 3143 50430 15
 3144 60516 18
 3145 3362 1
 3146 33620 10
 3147 16810 5
 3148 53792 16
 3149 67240 20
 3150 36982 11
 3151 36982 11
 3152 63878 19
 3153 50430 15
 3154 3362 1
 3155 57154 17
 3156 43706 13
 3157 67240 20
 3158 57154 17
 3159 57154 17
 3160 60516 18
 3161 47068 14
 3162 3362 1
 3163 43706 13
 3164 60516 18
 3165 23534 7
 3166 36982 11
 3167 16810 5
 3168 57154 17
 3169 57154 17
 3170 3362 1
 3171 10086 3
 3172 36982 11
 3173 67240 20
 3174 67240 20
 3175 47068 14
 3176 3362 1
 3177 53792 16
 3178 16810 5
 3179 33620 10
 3180 67240 20
 3181 13448 4
 3182 63878 19
 3183 26896 8
 3184 10086 3
 3185 30258 9
 3186 30258 9
 3187 36982 11
 3188 47068 14
 3189 23534 7
 3190 26896 8
 3191 6724 2
 3192 20172 6
 3193 30258 9
 3194 57154 17
 3195 60516 18
 3196 60516 18
 3197 47068 14
 3198 57154 17
 3199 26896 8
 3200 26896 8
 3201 36982 11
 3202 63878 19
 3203 67240 20
 3204 43706 13
 3205 57154 17
 3206 33620 10
 3207 47068 14
 3208 57154 17
 3209 13448 4
 3210 60516 18
 3211 63878 19
 3212 63878 19
 3213 47068 14
 3214 43706 13
 3215 60516 18
 3216 67240 20
 3217 30258 9
 3218 40344 12
 3219 3362 1
 3220 40344 12
 3221 36982 11
 3222 23534 7
 3223 26896 8
 3224 26896 8
 3225 16810 5
 3226 20172 6
 3227 3362 1
 3228 30258 9
 3229 33620 10
 3230 57154 17
 3231 50430 15
 3232 40344 12
 3233 20172 6
 3234 53792 16
 3235 20172 6
 3236 50430 15
 3237 36982 11
 3238 50430 15
 3239 30258 9
 3240 47068 14
 3241 16810 5
 3242 60516 18
 3243 47068 14
 3244 43706 13
 3245 53792 16
 3246 33620 10
 3247 53792 16
 3248 36982 11
 3249 23534 7
 3250 53792 16
 3251 3362 1
 3252 53792 16
 3253 33620 10
 3254 67240 20
 3255 57154 17
 3256 16810 5
 3257 10086 3
 3258 43706 13
 3259 57154 17
 3260 23534 7
 3261 50430 15
 3262 60516 18
 3263 26896 8
 3264 3362 1
 3265 63878 19
 3266 13448 4
 3267 60516 18
 3268 3362 1
 3269 57154 17
 3270 63878 19
 3271 30258 9
 3272 23534 7
 3273 53792 16
 3274 26896 8
 3275 63878 19
 3276 23534 7
 3277 10086 3
 3278 67240 20
 3279 40344 12
 3280 6724 2
 3281 40344 12
 3282 43706 13
 3283 20172 6
 3284 36982 11
 3285 47068 14
 3286 20172 6
 3287 13448 4
 3288 16810 5
 3289 26896 8
 3290 36982 11
 3291 30258 9
 3292 33620 10
 3293 36982 11
 3294 67240 20
 3295 6724 2
 3296 23534 7
 3297 13448 4
 3298 40344 12
 3299 47068 14
 3300 50430 15
 3301 16810 5
 3302 43706 13
 3303 60516 18
 3304 47068 14
 3305 60516 18
 3306 43706 13
 3307 3362 1
 3308 3362 1
 3309 47068 14
 3310 40344 12
 3311 16810 5
 3312 30258 9
 3313 10086 3
 3314 26896 8
 3315 57154 17
 3316 6724 2
 3317 43706 13
 3318 67240 20
 3319 43706 13
 3320 23534 7
 3321 6724 2
 3322 63878 19
 3323 30258 9
 3324 3362 1
 3325 43706 13
 3326 63878 19
 3327 16810 5
 3328 40344 12
 3329 50430 15
 3330 57154 17
 3331 67240 20
 3332 40344 12
 3333 36982 11
 3334 40344 12
 3335 20172 6
 3336 30258 9
 3337 57154 17
 3338 30258 9
 3339 36982 11
 3340 43706 13
 3341 63878 19
 3342 53792 16
 3343 6724 2
 3344 6724 2
 3345 40344 12
 3346 60516 18
 3347 53792 16
 3348 6724 2
 3349 6724 2
 3350 20172 6
 3351 10086 3
 3352 60516 18
 3353 23534 7
 3354 13448 4
 3355 33620 10
 3356 60516 18
 3357 6724 2
 3358 6724 2
 3359 13448 4
 3360 20172 6
 3361 10086 3
 3362 33620 10
10086