5116
 1 81856 16
 2 86972 17
 3 51160 10
 4 15348 3
 5 71624 14
 6 46044 9
 7 66508 13
 8 102320 20
 9 86972 17
 10 86972 17
 11 10232 2
 12 86972 17
 13 92088 18
 14 15348 3
 15 25580 5
 16 20464 4
 17 86972 17
 18 35812 7
 19 97204 19
 20 5116 1
 21 97204 19
 22 81856 16
 23 40928 8
 24 71624 14
 25 30696 6
 26 76740 15
 27 10232 2
 28 5116 1
 29 46044 9
 30 35812 7
 31 51160 10
 32 20464 4
 33 56276 11
 34 102320 20
 35 35812 7
 36 10232 2
 37 25580 5
 38 15348 3
 39 40928 8
 40 76740 15
 41 61392 12
 42 71624 14
 43 15348 3
 44 51160 10
 45 35812 7
 46 92088 18
 47 40928 8
 48 71624 14
 49 15348 3
 50 5116 1
 51 25580 5
 52 56276 11
 53 5116 1
 54 10232 2
 55 86972 17
 56 10232 2
 57 35812 7
 58 35812 7
 59 92088 18
 60 71624 14
 61 66508 13
 62 30696 6
 63 76740 15
 64 102320 20
 65 66508 13
 66 76740 15
 67 97204 19
 68 30696 6
 69 40928 8
 70 76740 15
 71 40928 8
 72 10232 2
 73 76740 15
 74 51160 10
 75 97204 19
 76 15348 3
 77 56276 11
 78 81856 16
 79 30696 6
 80 30696 6
 81 25580 5
 82 76740 15
 83 71624 14
 84 56276 11
 85 81856 16
 86 102320 20
 87 46044 9
 88 35812 7
 89 51160 10
 90 56276 11
 91 92088 18
 92 66508 13
 93 10232 2
 94 46044 9
 95 5116 1
 96 66508 13
 97 86972 17
 98 71624 14
 99 20464 4
 100 35812 7
 101 102320 20
 102 20464 4
 103 40928 8
 104 102320 20
 105 40928 8
 106 71624 14
 107 10232 2
 108 40928 8
 109 25580 5
 110 15348 3
 111 25580 5
 112 51160 10
 113 86972 17
 114 35812 7
 115 97204 19
 116 56276 11
 117 10232 2
 118 46044 9
 119 86972 17
 120 25580 5
 121 51160 10
 122 97204 19
 123 61392 12
 124 30696 6
 125 56276 11
 126 92088 18
 127 25580 5
 128 40928 8
 129 102320 20
 130 15348 3
 131 56276 11
 132 61392 12
 133 61392 12
 134 92088 18
 135 102320 20
 136 61392 12
 137 20464 4
 138 61392 12
 139 61392 12
 140 51160 10
 141 81856 16
 142 71624 14
 143 15348 3
 144 5116 1
 145 25580 5
 146 25580 5
 147 56276 11
 148 51160 10
 149 5116 1
 150 56276 11
 151 35812 7
 152 35812 7
 153 35812 7
 154 86972 17
 155 51160 10
 156 46044 9
 157 76740 15
 158 20464 4
 159 46044 9
 160 25580 5
 161 56276 11
 162 61392 12
 163 76740 15
 164 5116 1
 165 51160 10
 166 30696 6
 167 92088 18
 168 5116 1
 169 46044 9
 170 81856 16
 171 81856 16
 172 40928 8
 173 40928 8
 174 86972 17
 175 86972 17
 176 102320 20
 177 15348 3
 178 76740 15
 179 40928 8
 180 10232 2
 181 92088 18
 182 61392 12
 183 102320 20
 184 97204 19
 185 35812 7
 186 92088 18
 187 35812 7
 188 30696 6
 189 5116 1
 190 5116 1
 191 30696 6
 192 15348 3
 193 15348 3
 194 51160 10
 195 10232 2
 196 71624 14
 197 35812 7
 198 97204 19
 199 56276 11
 200 56276 11
 201 5116 1
 202 66508 13
 203 97204 19
 204 35812 7
 205 56276 11
 206 30696 6
 207 20464 4
 208 46044 9
 209 61392 12
 210 66508 13
 211 61392 12
 212 76740 15
 213 81856 16
 214 66508 13
 215 66508 13
 216 25580 5
 217 15348 3
 218 15348 3
 219 71624 14
 220 71624 14
 221 97204 19
 222 71624 14
 223 5116 1
 224 66508 13
 225 92088 18
 226 25580 5
 227 46044 9
 228 15348 3
 229 46044 9
 230 15348 3
 231 25580 5
 232 97204 19
 233 51160 10
 234 81856 16
 235 81856 16
 236 30696 6
 237 76740 15
 238 86972 17
 239 81856 16
 240 35812 7
 241 10232 2
 242 102320 20
 243 15348 3
 244 46044 9
 245 102320 20
 246 40928 8
 247 66508 13
 248 66508 13
 249 15348 3
 250 76740 15
 251 97204 19
 252 97204 19
 253 66508 13
 254 15348 3
 255 86972 17
 256 10232 2
 257 25580 5
 258 86972 17
 259 81856 16
 260 5116 1
 261 71624 14
 262 25580 5
 263 97204 19
 264 5116 1
 265 66508 13
 266 40928 8
 267 15348 3
 268 56276 11
 269 5116 1
 270 66508 13
 271 102320 20
 272 35812 7
 273 66508 13
 274 102320 20
 275 46044 9
 276 10232 2
 277 15348 3
 278 40928 8
 279 10232 2
 280 10232 2
 281 5116 1
 282 25580 5
 283 35812 7
 284 76740 15
 285 71624 14
 286 66508 13
 287 10232 2
 288 97204 19
 289 92088 18
 290 86972 17
 291 51160 10
 292 66508 13
 293 71624 14
 294 81856 16
 295 25580 5
 296 102320 20
 297 10232 2
 298 76740 15
 299 97204 19
 300 56276 11
 301 92088 18
 302 25580 5
 303 92088 18
 304 5116 1
 305 61392 12
 306 30696 6
 307 81856 16
 308 76740 15
 309 86972 17
 310 10232 2
 311 76740 15
 312 61392 12
 313 20464 4
 314 30696 6
 315 20464 4
 316 35812 7
 317 97204 19
 318 40928 8
 319 20464 4
 320 30696 6
 321 56276 11
 322 81856 16
 323 20464 4
 324 35812 7
 325 15348 3
 326 40928 8
 327 97204 19
 328 102320 20
 329 71624 14
 330 66508 13
 331 66508 13
 332 76740 15
 333 15348 3
 334 46044 9
 335 102320 20
 336 10232 2
 337 30696 6
 338 102320 20
 339 15348 3
 340 30696 6
 341 86972 17
 342 56276 11
 343 76740 15
 344 20464 4
 345 102320 20
 346 46044 9
 347 51160 10
 348 51160 10
 349 61392 12
 350 71624 14
 351 66508 13
 352 51160 10
 353 61392 12
 354 25580 5
 355 20464 4
 356 61392 12
 357 102320 20
 358 30696 6
 359 25580 5
 360 40928 8
 361 10232 2
 362 81856 16
 363 40928 8
 364 71624 14
 365 92088 18
 366 15348 3
 367 92088 18
 368 92088 18
 369 102320 20
 370 66508 13
 371 51160 10
 372 35812 7
 373 97204 19
 374 30696 6
 375 46044 9
 376 35812 7
 377 5116 1
 378 35812 7
 379 97204 19
 380 92088 18
 381 30696 6
 382 40928 8
 383 35812 7
 384 20464 4
 385 66508 13
 386 40928 8
 387 92088 18
 388 5116 1
 389 86972 17
 390 5116 1
 391 10232 2
 392 97204 19
 393 20464 4
 394 61392 12
 395 66508 13
 396 30696 6
 397 66508 13
 398 71624 14
 399 56276 11
 400 61392 12
 401 40928 8
 402 71624 14
 403 61392 12
 404 10232 2
 405 76740 15
 406 66508 13
 407 71624 14
 408 97204 19
 409 102320 20
 410 71624 14
 411 61392 12
 412 5116 1
 413 102320 20
 414 15348 3
 415 40928 8
 416 15348 3
 417 102320 20
 418 51160 10
 419 92088 18
 420 81856 16
 421 102320 20
 422 25580 5
 423 66508 13
 424 97204 19
 425 97204 19
 426 102320 20
 427 10232 2
 428 46044 9
 429 81856 16
 430 35812 7
 431 102320 20
 432 102320 20
 433 40928 8
 434 71624 14
 435 15348 3
 436 5116 1
 437 56276 11
 438 92088 18
 439 102320 20
 440 61392 12
 441 102320 20
 442 40928 8
 443 51160 10
 444 40928 8
 445 30696 6
 446 46044 9
 447 40928 8
 448 66508 13
 449 10232 2
 450 97204 19
 451 81856 16
 452 66508 13
 453 81856 16
 454 30696 6
 455 46044 9
 456 102320 20
 457 71624 14
 458 66508 13
 459 5116 1
 460 61392 12
 461 10232 2
 462 35812 7
 463 46044 9
 464 15348 3
 465 92088 18
 466 71624 14
 467 71624 14
 468 46044 9
 469 5116 1
 470 5116 1
 471 61392 12
 472 51160 10
 473 81856 16
 474 66508 13
 475 15348 3
 476 40928 8
 477 92088 18
 478 97204 19
 479 76740 15
 480 20464 4
 481 30696 6
 482 25580 5
 483 97204 19
 484 81856 16
 485 5116 1
 486 86972 17
 487 40928 8
 488 40928 8
 489 5116 1
 490 35812 7
 491 15348 3
 492 51160 10
 493 56276 11
 494 71624 14
 495 56276 11
 496 102320 20
 497 20464 4
 498 76740 15
 499 51160 10
 500 61392 12
 501 30696 6
 502 35812 7
 503 20464 4
 504 71624 14
 505 30696 6
 506 71624 14
 507 40928 8
 508 56276 11
 509 86972 17
 510 46044 9
 511 35812 7
 512 10232 2
 513 71624 14
 514 102320 20
 515 40928 8
 516 56276 11
 517 51160 10
 518 46044 9
 519 40928 8
 520 10232 2
 521 10232 2
 522 51160 10
 523 97204 19
 524 81856 16
 525 30696 6
 526 35812 7
 527 102320 20
 528 46044 9
 529 102320 20
 530 30696 6
 531 66508 13
 532 46044 9
 533 97204 19
 534 86972 17
 535 102320 20
 536 10232 2
 537 25580 5
 538 56276 11
 539 35812 7
 540 30696 6
 541 92088 18
 542 92088 18
 543 102320 20
 544 102320 20
 545 20464 4
 546 25580 5
 547 92088 18
 548 10232 2
 549 66508 13
 550 71624 14
 551 10232 2
 552 66508 13
 553 30696 6
 554 51160 10
 555 97204 19
 556 30696 6
 557 25580 5
 558 81856 16
 559 81856 16
 560 97204 19
 561 25580 5
 562 25580 5
 563 81856 16
 564 10232 2
 565 56276 11
 566 15348 3
 567 40928 8
 568 61392 12
 569 56276 11
 570 15348 3
 571 102320 20
 572 81856 16
 573 5116 1
 574 20464 4
 575 25580 5
 576 10232 2
 577 71624 14
 578 46044 9
 579 20464 4
 580 30696 6
 581 76740 15
 582 51160 10
 583 76740 15
 584 71624 14
 585 5116 1
 586 25580 5
 587 20464 4
 588 35812 7
 589 5116 1
 590 66508 13
 591 61392 12
 592 92088 18
 593 5116 1
 594 102320 20
 595 97204 19
 596 61392 12
 597 46044 9
 598 20464 4
 599 40928 8
 600 25580 5
 601 15348 3
 602 92088 18
 603 71624 14
 604 97204 19
 605 5116 1
 606 76740 15
 607 46044 9
 608 15348 3
 609 5116 1
 610 56276 11
 611 40928 8
 612 76740 15
 613 97204 19
 614 61392 12
 615 81856 16
 616 15348 3
 617 71624 14
 618 81856 16
 619 71624 14
 620 56276 11
 621 71624 14
 622 20464 4
 623 66508 13
 624 30696 6
 625 56276 11
 626 86972 17
 627 35812 7
 628 97204 19
 629 66508 13
 630 15348 3
 631 15348 3
 632 102320 20
 633 35812 7
 634 40928 8
 635 102320 20
 636 10232 2
 637 25580 5
 638 20464 4
 639 15348 3
 640 97204 19
 641 61392 12
 642 35812 7
 643 15348 3
 644 61392 12
 645 20464 4
 646 76740 15
 647 76740 15
 648 102320 20
 649 76740 15
 650 56276 11
 651 61392 12
 652 76740 15
 653 86972 17
 654 81856 16
 655 92088 18
 656 30696 6
 657 20464 4
 658 35812 7
 659 20464 4
 660 15348 3
 661 20464 4
 662 76740 15
 663 97204 19
 664 35812 7
 665 92088 18
 666 66508 13
 667 40928 8
 668 25580 5
 669 20464 4
 670 15348 3
 671 71624 14
 672 97204 19
 673 102320 20
 674 10232 2
 675 10232 2
 676 66508 13
 677 71624 14
 678 71624 14
 679 66508 13
 680 35812 7
 681 61392 12
 682 40928 8
 683 40928 8
 684 40928 8
 685 102320 20
 686 10232 2
 687 35812 7
 688 56276 11
 689 81856 16
 690 56276 11
 691 51160 10
 692 35812 7
 693 46044 9
 694 5116 1
 695 40928 8
 696 97204 19
 697 97204 19
 698 71624 14
 699 10232 2
 700 30696 6
 701 86972 17
 702 76740 15
 703 51160 10
 704 102320 20
 705 71624 14
 706 20464 4
 707 61392 12
 708 76740 15
 709 10232 2
 710 97204 19
 711 20464 4
 712 30696 6
 713 40928 8
 714 20464 4
 715 66508 13
 716 71624 14
 717 81856 16
 718 20464 4
 719 5116 1
 720 51160 10
 721 51160 10
 722 76740 15
 723 25580 5
 724 71624 14
 725 56276 11
 726 35812 7
 727 97204 19
 728 97204 19
 729 40928 8
 730 86972 17
 731 40928 8
 732 81856 16
 733 71624 14
 734 46044 9
 735 97204 19
 736 46044 9
 737 92088 18
 738 92088 18
 739 66508 13
 740 92088 18
 741 71624 14
 742 35812 7
 743 30696 6
 744 76740 15
 745 20464 4
 746 92088 18
 747 71624 14
 748 92088 18
 749 66508 13
 750 30696 6
 751 35812 7
 752 102320 20
 753 25580 5
 754 76740 15
 755 92088 18
 756 102320 20
 757 10232 2
 758 76740 15
 759 92088 18
 760 5116 1
 761 25580 5
 762 46044 9
 763 25580 5
 764 30696 6
 765 97204 19
 766 71624 14
 767 25580 5
 768 30696 6
 769 97204 19
 770 5116 1
 771 46044 9
 772 30696 6
 773 102320 20
 774 40928 8
 775 97204 19
 776 86972 17
 777 25580 5
 778 20464 4
 779 71624 14
 780 66508 13
 781 61392 12
 782 61392 12
 783 40928 8
 784 20464 4
 785 66508 13
 786 97204 19
 787 25580 5
 788 20464 4
 789 92088 18
 790 30696 6
 791 92088 18
 792 61392 12
 793 40928 8
 794 30696 6
 795 35812 7
 796 46044 9
 797 51160 10
 798 5116 1
 799 81856 16
 800 61392 12
 801 25580 5
 802 10232 2
 803 66508 13
 804 46044 9
 805 51160 10
 806 102320 20
 807 20464 4
 808 30696 6
 809 102320 20
 810 40928 8
 811 92088 18
 812 81856 16
 813 5116 1
 814 66508 13
 815 71624 14
 816 56276 11
 817 20464 4
 818 51160 10
 819 102320 20
 820 15348 3
 821 40928 8
 822 51160 10
 823 71624 14
 824 30696 6
 825 25580 5
 826 76740 15
 827 66508 13
 828 51160 10
 829 10232 2
 830 20464 4
 831 25580 5
 832 81856 16
 833 5116 1
 834 25580 5
 835 92088 18
 836 46044 9
 837 25580 5
 838 66508 13
 839 30696 6
 840 102320 20
 841 25580 5
 842 46044 9
 843 40928 8
 844 56276 11
 845 61392 12
 846 56276 11
 847 46044 9
 848 76740 15
 849 35812 7
 850 30696 6
 851 97204 19
 852 25580 5
 853 76740 15
 854 35812 7
 855 71624 14
 856 51160 10
 857 97204 19
 858 56276 11
 859 97204 19
 860 102320 20
 861 15348 3
 862 71624 14
 863 25580 5
 864 92088 18
 865 76740 15
 866 76740 15
 867 97204 19
 868 46044 9
 869 92088 18
 870 5116 1
 871 30696 6
 872 56276 11
 873 102320 20
 874 15348 3
 875 20464 4
 876 35812 7
 877 61392 12
 878 25580 5
 879 81856 16
 880 5116 1
 881 51160 10
 882 97204 19
 883 92088 18
 884 66508 13
 885 66508 13
 886 102320 20
 887 66508 13
 888 40928 8
 889 97204 19
 890 10232 2
 891 76740 15
 892 86972 17
 893 76740 15
 894 35812 7
 895 30696 6
 896 51160 10
 897 76740 15
 898 86972 17
 899 46044 9
 900 25580 5
 901 35812 7
 902 15348 3
 903 46044 9
 904 102320 20
 905 5116 1
 906 86972 17
 907 46044 9
 908 10232 2
 909 61392 12
 910 15348 3
 911 25580 5
 912 40928 8
 913 76740 15
 914 92088 18
 915 5116 1
 916 86972 17
 917 56276 11
 918 51160 10
 919 5116 1
 920 61392 12
 921 30696 6
 922 102320 20
 923 102320 20
 924 10232 2
 925 71624 14
 926 92088 18
 927 92088 18
 928 92088 18
 929 5116 1
 930 25580 5
 931 61392 12
 932 102320 20
 933 61392 12
 934 92088 18
 935 35812 7
 936 66508 13
 937 97204 19
 938 46044 9
 939 10232 2
 940 15348 3
 941 30696 6
 942 20464 4
 943 81856 16
 944 35812 7
 945 51160 10
 946 35812 7
 947 25580 5
 948 61392 12
 949 56276 11
 950 76740 15
 951 5116 1
 952 71624 14
 953 35812 7
 954 97204 19
 955 15348 3
 956 61392 12
 957 25580 5
 958 25580 5
 959 61392 12
 960 5116 1
 961 102320 20
 962 46044 9
 963 61392 12
 964 92088 18
 965 71624 14
 966 20464 4
 967 46044 9
 968 15348 3
 969 15348 3
 970 5116 1
 971 35812 7
 972 20464 4
 973 71624 14
 974 10232 2
 975 97204 19
 976 20464 4
 977 40928 8
 978 10232 2
 979 15348 3
 980 81856 16
 981 102320 20
 982 102320 20
 983 97204 19
 984 15348 3
 985 40928 8
 986 25580 5
 987 56276 11
 988 61392 12
 989 97204 19
 990 46044 9
 991 86972 17
 992 51160 10
 993 76740 15
 994 51160 10
 995 30696 6
 996 71624 14
 997 56276 11
 998 92088 18
 999 40928 8
 1000 97204 19
 1001 56276 11
 1002 71624 14
 1003 10232 2
 1004 66508 13
 1005 97204 19
 1006 20464 4
 1007 25580 5
 1008 71624 14
 1009 5116 1
 1010 92088 18
 1011 10232 2
 1012 92088 18
 1013 92088 18
 1014 61392 12
 1015 97204 19
 1016 10232 2
 1017 86972 17
 1018 81856 16
 1019 56276 11
 1020 5116 1
 1021 56276 11
 1022 5116 1
 1023 20464 4
 1024 71624 14
 1025 30696 6
 1026 10232 2
 1027 15348 3
 1028 10232 2
 1029 86972 17
 1030 86972 17
 1031 20464 4
 1032 20464 4
 1033 15348 3
 1034 5116 1
 1035 35812 7
 1036 86972 17
 1037 25580 5
 1038 102320 20
 1039 46044 9
 1040 56276 11
 1041 92088 18
 1042 76740 15
 1043 81856 16
 1044 92088 18
 1045 10232 2
 1046 71624 14
 1047 76740 15
 1048 30696 6
 1049 20464 4
 1050 35812 7
 1051 102320 20
 1052 66508 13
 1053 71624 14
 1054 102320 20
 1055 71624 14
 1056 10232 2
 1057 30696 6
 1058 102320 20
 1059 76740 15
 1060 15348 3
 1061 10232 2
 1062 86972 17
 1063 86972 17
 1064 46044 9
 1065 76740 15
 1066 71624 14
 1067 97204 19
 1068 56276 11
 1069 92088 18
 1070 46044 9
 1071 61392 12
 1072 20464 4
 1073 35812 7
 1074 51160 10
 1075 97204 19
 1076 15348 3
 1077 66508 13
 1078 56276 11
 1079 51160 10
 1080 56276 11
 1081 56276 11
 1082 92088 18
 1083 20464 4
 1084 51160 10
 1085 35812 7
 1086 81856 16
 1087 97204 19
 1088 30696 6
 1089 92088 18
 1090 71624 14
 1091 5116 1
 1092 15348 3
 1093 86972 17
 1094 86972 17
 1095 56276 11
 1096 20464 4
 1097 40928 8
 1098 35812 7
 1099 30696 6
 1100 61392 12
 1101 40928 8
 1102 76740 15
 1103 25580 5
 1104 86972 17
 1105 35812 7
 1106 81856 16
 1107 51160 10
 1108 46044 9
 1109 30696 6
 1110 97204 19
 1111 5116 1
 1112 25580 5
 1113 25580 5
 1114 25580 5
 1115 86972 17
 1116 92088 18
 1117 20464 4
 1118 102320 20
 1119 102320 20
 1120 5116 1
 1121 61392 12
 1122 92088 18
 1123 81856 16
 1124 61392 12
 1125 40928 8
 1126 10232 2
 1127 5116 1
 1128 40928 8
 1129 102320 20
 1130 40928 8
 1131 61392 12
 1132 51160 10
 1133 71624 14
 1134 25580 5
 1135 20464 4
 1136 46044 9
 1137 25580 5
 1138 76740 15
 1139 97204 19
 1140 102320 20
 1141 81856 16
 1142 15348 3
 1143 92088 18
 1144 15348 3
 1145 61392 12
 1146 10232 2
 1147 86972 17
 1148 102320 20
 1149 46044 9
 1150 56276 11
 1151 81856 16
 1152 61392 12
 1153 71624 14
 1154 35812 7
 1155 92088 18
 1156 20464 4
 1157 15348 3
 1158 97204 19
 1159 20464 4
 1160 15348 3
 1161 10232 2
 1162 15348 3
 1163 35812 7
 1164 102320 20
 1165 97204 19
 1166 56276 11
 1167 81856 16
 1168 66508 13
 1169 92088 18
 1170 40928 8
 1171 97204 19
 1172 46044 9
 1173 51160 10
 1174 86972 17
 1175 56276 11
 1176 56276 11
 1177 35812 7
 1178 66508 13
 1179 35812 7
 1180 15348 3
 1181 61392 12
 1182 102320 20
 1183 86972 17
 1184 71624 14
 1185 76740 15
 1186 86972 17
 1187 10232 2
 1188 97204 19
 1189 15348 3
 1190 51160 10
 1191 66508 13
 1192 81856 16
 1193 25580 5
 1194 10232 2
 1195 5116 1
 1196 102320 20
 1197 66508 13
 1198 30696 6
 1199 66508 13
 1200 25580 5
 1201 20464 4
 1202 81856 16
 1203 35812 7
 1204 56276 11
 1205 102320 20
 1206 40928 8
 1207 76740 15
 1208 5116 1
 1209 56276 11
 1210 76740 15
 1211 51160 10
 1212 97204 19
 1213 81856 16
 1214 66508 13
 1215 86972 17
 1216 10232 2
 1217 76740 15
 1218 61392 12
 1219 20464 4
 1220 46044 9
 1221 30696 6
 1222 25580 5
 1223 10232 2
 1224 66508 13
 1225 15348 3
 1226 76740 15
 1227 56276 11
 1228 5116 1
 1229 15348 3
 1230 10232 2
 1231 25580 5
 1232 66508 13
 1233 46044 9
 1234 102320 20
 1235 92088 18
 1236 25580 5
 1237 92088 18
 1238 66508 13
 1239 15348 3
 1240 86972 17
 1241 81856 16
 1242 35812 7
 1243 92088 18
 1244 102320 20
 1245 5116 1
 1246 66508 13
 1247 5116 1
 1248 15348 3
 1249 20464 4
 1250 20464 4
 1251 10232 2
 1252 40928 8
 1253 5116 1
 1254 25580 5
 1255 97204 19
 1256 61392 12
 1257 25580 5
 1258 92088 18
 1259 102320 20
 1260 102320 20
 1261 71624 14
 1262 86972 17
 1263 97204 19
 1264 46044 9
 1265 56276 11
 1266 92088 18
 1267 15348 3
 1268 81856 16
 1269 66508 13
 1270 35812 7
 1271 10232 2
 1272 5116 1
 1273 25580 5
 1274 20464 4
 1275 30696 6
 1276 15348 3
 1277 86972 17
 1278 30696 6
 1279 92088 18
 1280 97204 19
 1281 51160 10
 1282 10232 2
 1283 46044 9
 1284 40928 8
 1285 102320 20
 1286 30696 6
 1287 46044 9
 1288 86972 17
 1289 10232 2
 1290 76740 15
 1291 15348 3
 1292 92088 18
 1293 10232 2
 1294 97204 19
 1295 35812 7
 1296 40928 8
 1297 51160 10
 1298 92088 18
 1299 51160 10
 1300 15348 3
 1301 10232 2
 1302 92088 18
 1303 5116 1
 1304 76740 15
 1305 30696 6
 1306 86972 17
 1307 51160 10
 1308 66508 13
 1309 25580 5
 1310 66508 13
 1311 66508 13
 1312 56276 11
 1313 76740 15
 1314 102320 20
 1315 10232 2
 1316 76740 15
 1317 71624 14
 1318 86972 17
 1319 25580 5
 1320 61392 12
 1321 35812 7
 1322 40928 8
 1323 86972 17
 1324 56276 11
 1325 25580 5
 1326 15348 3
 1327 5116 1
 1328 30696 6
 1329 61392 12
 1330 81856 16
 1331 71624 14
 1332 56276 11
 1333 92088 18
 1334 76740 15
 1335 97204 19
 1336 40928 8
 1337 30696 6
 1338 66508 13
 1339 66508 13
 1340 25580 5
 1341 71624 14
 1342 30696 6
 1343 86972 17
 1344 86972 17
 1345 102320 20
 1346 61392 12
 1347 76740 15
 1348 71624 14
 1349 40928 8
 1350 46044 9
 1351 97204 19
 1352 46044 9
 1353 102320 20
 1354 15348 3
 1355 76740 15
 1356 56276 11
 1357 51160 10
 1358 10232 2
 1359 61392 12
 1360 51160 10
 1361 81856 16
 1362 30696 6
 1363 20464 4
 1364 66508 13
 1365 76740 15
 1366 102320 20
 1367 86972 17
 1368 15348 3
 1369 40928 8
 1370 5116 1
 1371 15348 3
 1372 61392 12
 1373 20464 4
 1374 102320 20
 1375 56276 11
 1376 97204 19
 1377 86972 17
 1378 10232 2
 1379 76740 15
 1380 66508 13
 1381 30696 6
 1382 92088 18
 1383 71624 14
 1384 30696 6
 1385 46044 9
 1386 56276 11
 1387 97204 19
 1388 10232 2
 1389 35812 7
 1390 25580 5
 1391 5116 1
 1392 97204 19
 1393 76740 15
 1394 10232 2
 1395 30696 6
 1396 35812 7
 1397 66508 13
 1398 5116 1
 1399 81856 16
 1400 10232 2
 1401 97204 19
 1402 10232 2
 1403 10232 2
 1404 97204 19
 1405 40928 8
 1406 5116 1
 1407 5116 1
 1408 81856 16
 1409 46044 9
 1410 35812 7
 1411 97204 19
 1412 25580 5
 1413 15348 3
 1414 30696 6
 1415 10232 2
 1416 46044 9
 1417 15348 3
 1418 46044 9
 1419 51160 10
 1420 56276 11
 1421 81856 16
 1422 51160 10
 1423 25580 5
 1424 97204 19
 1425 30696 6
 1426 76740 15
 1427 46044 9
 1428 20464 4
 1429 76740 15
 1430 51160 10
 1431 46044 9
 1432 46044 9
 1433 51160 10
 1434 81856 16
 1435 30696 6
 1436 30696 6
 1437 46044 9
 1438 61392 12
 1439 5116 1
 1440 20464 4
 1441 15348 3
 1442 76740 15
 1443 5116 1
 1444 46044 9
 1445 92088 18
 1446 76740 15
 1447 51160 10
 1448 97204 19
 1449 102320 20
 1450 20464 4
 1451 97204 19
 1452 20464 4
 1453 20464 4
 1454 102320 20
 1455 35812 7
 1456 51160 10
 1457 15348 3
 1458 20464 4
 1459 25580 5
 1460 20464 4
 1461 25580 5
 1462 92088 18
 1463 56276 11
 1464 66508 13
 1465 40928 8
 1466 15348 3
 1467 66508 13
 1468 51160 10
 1469 71624 14
 1470 20464 4
 1471 15348 3
 1472 81856 16
 1473 56276 11
 1474 61392 12
 1475 71624 14
 1476 40928 8
 1477 20464 4
 1478 40928 8
 1479 61392 12
 1480 56276 11
 1481 30696 6
 1482 25580 5
 1483 20464 4
 1484 5116 1
 1485 30696 6
 1486 51160 10
 1487 71624 14
 1488 61392 12
 1489 25580 5
 1490 10232 2
 1491 20464 4
 1492 92088 18
 1493 25580 5
 1494 97204 19
 1495 10232 2
 1496 15348 3
 1497 15348 3
 1498 10232 2
 1499 15348 3
 1500 15348 3
 1501 25580 5
 1502 35812 7
 1503 25580 5
 1504 92088 18
 1505 15348 3
 1506 81856 16
 1507 5116 1
 1508 66508 13
 1509 35812 7
 1510 35812 7
 1511 66508 13
 1512 81856 16
 1513 15348 3
 1514 20464 4
 1515 20464 4
 1516 35812 7
 1517 71624 14
 1518 40928 8
 1519 97204 19
 1520 10232 2
 1521 71624 14
 1522 81856 16
 1523 5116 1
 1524 10232 2
 1525 102320 20
 1526 86972 17
 1527 56276 11
 1528 46044 9
 1529 46044 9
 1530 102320 20
 1531 71624 14
 1532 56276 11
 1533 92088 18
 1534 97204 19
 1535 97204 19
 1536 66508 13
 1537 71624 14
 1538 66508 13
 1539 61392 12
 1540 35812 7
 1541 92088 18
 1542 81856 16
 1543 10232 2
 1544 5116 1
 1545 25580 5
 1546 51160 10
 1547 66508 13
 1548 92088 18
 1549 61392 12
 1550 35812 7
 1551 86972 17
 1552 46044 9
 1553 97204 19
 1554 25580 5
 1555 71624 14
 1556 51160 10
 1557 15348 3
 1558 71624 14
 1559 20464 4
 1560 35812 7
 1561 61392 12
 1562 15348 3
 1563 10232 2
 1564 56276 11
 1565 81856 16
 1566 86972 17
 1567 40928 8
 1568 15348 3
 1569 25580 5
 1570 30696 6
 1571 102320 20
 1572 97204 19
 1573 97204 19
 1574 76740 15
 1575 97204 19
 1576 5116 1
 1577 76740 15
 1578 15348 3
 1579 20464 4
 1580 66508 13
 1581 15348 3
 1582 56276 11
 1583 30696 6
 1584 40928 8
 1585 20464 4
 1586 15348 3
 1587 15348 3
 1588 40928 8
 1589 102320 20
 1590 86972 17
 1591 51160 10
 1592 56276 11
 1593 46044 9
 1594 97204 19
 1595 66508 13
 1596 40928 8
 1597 25580 5
 1598 30696 6
 1599 86972 17
 1600 40928 8
 1601 102320 20
 1602 46044 9
 1603 5116 1
 1604 97204 19
 1605 15348 3
 1606 10232 2
 1607 35812 7
 1608 35812 7
 1609 86972 17
 1610 81856 16
 1611 76740 15
 1612 97204 19
 1613 10232 2
 1614 102320 20
 1615 30696 6
 1616 5116 1
 1617 92088 18
 1618 92088 18
 1619 35812 7
 1620 97204 19
 1621 56276 11
 1622 46044 9
 1623 71624 14
 1624 97204 19
 1625 86972 17
 1626 40928 8
 1627 20464 4
 1628 56276 11
 1629 76740 15
 1630 102320 20
 1631 102320 20
 1632 35812 7
 1633 40928 8
 1634 46044 9
 1635 46044 9
 1636 35812 7
 1637 35812 7
 1638 35812 7
 1639 20464 4
 1640 40928 8
 1641 10232 2
 1642 46044 9
 1643 92088 18
 1644 92088 18
 1645 81856 16
 1646 20464 4
 1647 56276 11
 1648 66508 13
 1649 92088 18
 1650 20464 4
 1651 102320 20
 1652 5116 1
 1653 66508 13
 1654 92088 18
 1655 46044 9
 1656 92088 18
 1657 5116 1
 1658 97204 19
 1659 40928 8
 1660 102320 20
 1661 10232 2
 1662 10232 2
 1663 40928 8
 1664 76740 15
 1665 76740 15
 1666 102320 20
 1667 51160 10
 1668 66508 13
 1669 97204 19
 1670 30696 6
 1671 92088 18
 1672 56276 11
 1673 56276 11
 1674 102320 20
 1675 81856 16
 1676 56276 11
 1677 86972 17
 1678 97204 19
 1679 97204 19
 1680 61392 12
 1681 51160 10
 1682 86972 17
 1683 76740 15
 1684 25580 5
 1685 40928 8
 1686 92088 18
 1687 92088 18
 1688 40928 8
 1689 40928 8
 1690 76740 15
 1691 97204 19
 1692 81856 16
 1693 56276 11
 1694 92088 18
 1695 25580 5
 1696 30696 6
 1697 97204 19
 1698 92088 18
 1699 5116 1
 1700 86972 17
 1701 15348 3
 1702 35812 7
 1703 66508 13
 1704 81856 16
 1705 76740 15
 1706 86972 17
 1707 102320 20
 1708 51160 10
 1709 86972 17
 1710 15348 3
 1711 46044 9
 1712 40928 8
 1713 92088 18
 1714 46044 9
 1715 5116 1
 1716 10232 2
 1717 86972 17
 1718 71624 14
 1719 71624 14
 1720 40928 8
 1721 92088 18
 1722 102320 20
 1723 40928 8
 1724 30696 6
 1725 97204 19
 1726 30696 6
 1727 61392 12
 1728 71624 14
 1729 25580 5
 1730 20464 4
 1731 97204 19
 1732 51160 10
 1733 61392 12
 1734 66508 13
 1735 102320 20
 1736 20464 4
 1737 61392 12
 1738 56276 11
 1739 40928 8
 1740 71624 14
 1741 20464 4
 1742 92088 18
 1743 92088 18
 1744 15348 3
 1745 20464 4
 1746 30696 6
 1747 56276 11
 1748 56276 11
 1749 10232 2
 1750 92088 18
 1751 71624 14
 1752 40928 8
 1753 71624 14
 1754 5116 1
 1755 25580 5
 1756 15348 3
 1757 92088 18
 1758 5116 1
 1759 76740 15
 1760 10232 2
 1761 40928 8
 1762 97204 19
 1763 81856 16
 1764 10232 2
 1765 76740 15
 1766 15348 3
 1767 61392 12
 1768 66508 13
 1769 56276 11
 1770 46044 9
 1771 15348 3
 1772 5116 1
 1773 20464 4
 1774 92088 18
 1775 51160 10
 1776 61392 12
 1777 92088 18
 1778 61392 12
 1779 61392 12
 1780 30696 6
 1781 15348 3
 1782 56276 11
 1783 30696 6
 1784 61392 12
 1785 25580 5
 1786 5116 1
 1787 30696 6
 1788 97204 19
 1789 40928 8
 1790 46044 9
 1791 61392 12
 1792 102320 20
 1793 97204 19
 1794 10232 2
 1795 92088 18
 1796 51160 10
 1797 25580 5
 1798 10232 2
 1799 56276 11
 1800 40928 8
 1801 40928 8
 1802 102320 20
 1803 56276 11
 1804 20464 4
 1805 92088 18
 1806 71624 14
 1807 10232 2
 1808 66508 13
 1809 102320 20
 1810 86972 17
 1811 25580 5
 1812 5116 1
 1813 61392 12
 1814 97204 19
 1815 86972 17
 1816 5116 1
 1817 76740 15
 1818 66508 13
 1819 35812 7
 1820 76740 15
 1821 86972 17
 1822 56276 11
 1823 71624 14
 1824 97204 19
 1825 40928 8
 1826 35812 7
 1827 81856 16
 1828 71624 14
 1829 97204 19
 1830 61392 12
 1831 61392 12
 1832 56276 11
 1833 92088 18
 1834 81856 16
 1835 56276 11
 1836 35812 7
 1837 76740 15
 1838 35812 7
 1839 102320 20
 1840 76740 15
 1841 61392 12
 1842 30696 6
 1843 61392 12
 1844 71624 14
 1845 97204 19
 1846 46044 9
 1847 56276 11
 1848 40928 8
 1849 35812 7
 1850 51160 10
 1851 10232 2
 1852 51160 10
 1853 71624 14
 1854 51160 10
 1855 102320 20
 1856 76740 15
 1857 5116 1
 1858 35812 7
 1859 97204 19
 1860 76740 15
 1861 56276 11
 1862 76740 15
 1863 51160 10
 1864 66508 13
 1865 5116 1
 1866 102320 20
 1867 30696 6
 1868 61392 12
 1869 86972 17
 1870 81856 16
 1871 46044 9
 1872 92088 18
 1873 51160 10
 1874 51160 10
 1875 25580 5
 1876 71624 14
 1877 30696 6
 1878 40928 8
 1879 5116 1
 1880 5116 1
 1881 71624 14
 1882 5116 1
 1883 20464 4
 1884 86972 17
 1885 10232 2
 1886 10232 2
 1887 56276 11
 1888 92088 18
 1889 40928 8
 1890 30696 6
 1891 15348 3
 1892 76740 15
 1893 25580 5
 1894 10232 2
 1895 86972 17
 1896 56276 11
 1897 61392 12
 1898 51160 10
 1899 30696 6
 1900 61392 12
 1901 46044 9
 1902 15348 3
 1903 30696 6
 1904 5116 1
 1905 15348 3
 1906 92088 18
 1907 30696 6
 1908 97204 19
 1909 51160 10
 1910 30696 6
 1911 25580 5
 1912 97204 19
 1913 56276 11
 1914 51160 10
 1915 10232 2
 1916 86972 17
 1917 5116 1
 1918 51160 10
 1919 86972 17
 1920 102320 20
 1921 5116 1
 1922 61392 12
 1923 102320 20
 1924 76740 15
 1925 81856 16
 1926 35812 7
 1927 20464 4
 1928 97204 19
 1929 81856 16
 1930 61392 12
 1931 86972 17
 1932 61392 12
 1933 15348 3
 1934 61392 12
 1935 76740 15
 1936 66508 13
 1937 35812 7
 1938 25580 5
 1939 61392 12
 1940 81856 16
 1941 86972 17
 1942 5116 1
 1943 40928 8
 1944 61392 12
 1945 92088 18
 1946 15348 3
 1947 20464 4
 1948 97204 19
 1949 5116 1
 1950 86972 17
 1951 25580 5
 1952 66508 13
 1953 97204 19
 1954 51160 10
 1955 86972 17
 1956 40928 8
 1957 10232 2
 1958 35812 7
 1959 40928 8
 1960 51160 10
 1961 71624 14
 1962 10232 2
 1963 46044 9
 1964 46044 9
 1965 56276 11
 1966 10232 2
 1967 5116 1
 1968 56276 11
 1969 46044 9
 1970 56276 11
 1971 92088 18
 1972 40928 8
 1973 86972 17
 1974 71624 14
 1975 92088 18
 1976 51160 10
 1977 92088 18
 1978 5116 1
 1979 92088 18
 1980 35812 7
 1981 30696 6
 1982 25580 5
 1983 25580 5
 1984 35812 7
 1985 25580 5
 1986 10232 2
 1987 10232 2
 1988 66508 13
 1989 56276 11
 1990 86972 17
 1991 25580 5
 1992 61392 12
 1993 56276 11
 1994 10232 2
 1995 15348 3
 1996 25580 5
 1997 40928 8
 1998 51160 10
 1999 5116 1
 2000 56276 11
 2001 92088 18
 2002 20464 4
 2003 61392 12
 2004 25580 5
 2005 15348 3
 2006 66508 13
 2007 66508 13
 2008 61392 12
 2009 102320 20
 2010 40928 8
 2011 56276 11
 2012 20464 4
 2013 61392 12
 2014 30696 6
 2015 61392 12
 2016 5116 1
 2017 71624 14
 2018 20464 4
 2019 15348 3
 2020 76740 15
 2021 102320 20
 2022 71624 14
 2023 20464 4
 2024 66508 13
 2025 51160 10
 2026 51160 10
 2027 102320 20
 2028 97204 19
 2029 66508 13
 2030 102320 20
 2031 86972 17
 2032 20464 4
 2033 51160 10
 2034 51160 10
 2035 66508 13
 2036 15348 3
 2037 30696 6
 2038 35812 7
 2039 51160 10
 2040 97204 19
 2041 15348 3
 2042 25580 5
 2043 51160 10
 2044 66508 13
 2045 15348 3
 2046 71624 14
 2047 71624 14
 2048 71624 14
 2049 61392 12
 2050 76740 15
 2051 81856 16
 2052 15348 3
 2053 92088 18
 2054 71624 14
 2055 81856 16
 2056 61392 12
 2057 76740 15
 2058 35812 7
 2059 35812 7
 2060 5116 1
 2061 25580 5
 2062 76740 15
 2063 15348 3
 2064 76740 15
 2065 92088 18
 2066 35812 7
 2067 46044 9
 2068 86972 17
 2069 76740 15
 2070 5116 1
 2071 20464 4
 2072 86972 17
 2073 76740 15
 2074 81856 16
 2075 5116 1
 2076 71624 14
 2077 5116 1
 2078 97204 19
 2079 40928 8
 2080 35812 7
 2081 5116 1
 2082 20464 4
 2083 56276 11
 2084 20464 4
 2085 5116 1
 2086 71624 14
 2087 97204 19
 2088 56276 11
 2089 61392 12
 2090 35812 7
 2091 5116 1
 2092 15348 3
 2093 97204 19
 2094 81856 16
 2095 81856 16
 2096 102320 20
 2097 51160 10
 2098 15348 3
 2099 81856 16
 2100 76740 15
 2101 102320 20
 2102 46044 9
 2103 56276 11
 2104 97204 19
 2105 92088 18
 2106 86972 17
 2107 10232 2
 2108 86972 17
 2109 15348 3
 2110 71624 14
 2111 81856 16
 2112 25580 5
 2113 20464 4
 2114 66508 13
 2115 56276 11
 2116 51160 10
 2117 97204 19
 2118 25580 5
 2119 61392 12
 2120 71624 14
 2121 5116 1
 2122 40928 8
 2123 5116 1
 2124 102320 20
 2125 61392 12
 2126 86972 17
 2127 35812 7
 2128 56276 11
 2129 20464 4
 2130 86972 17
 2131 30696 6
 2132 30696 6
 2133 10232 2
 2134 56276 11
 2135 86972 17
 2136 40928 8
 2137 76740 15
 2138 76740 15
 2139 35812 7
 2140 81856 16
 2141 92088 18
 2142 56276 11
 2143 35812 7
 2144 5116 1
 2145 25580 5
 2146 81856 16
 2147 86972 17
 2148 71624 14
 2149 51160 10
 2150 20464 4
 2151 97204 19
 2152 66508 13
 2153 97204 19
 2154 10232 2
 2155 10232 2
 2156 5116 1
 2157 46044 9
 2158 86972 17
 2159 40928 8
 2160 46044 9
 2161 15348 3
 2162 61392 12
 2163 20464 4
 2164 20464 4
 2165 81856 16
 2166 66508 13
 2167 40928 8
 2168 71624 14
 2169 51160 10
 2170 10232 2
 2171 81856 16
 2172 86972 17
 2173 71624 14
 2174 86972 17
 2175 76740 15
 2176 20464 4
 2177 56276 11
 2178 15348 3
 2179 71624 14
 2180 15348 3
 2181 20464 4
 2182 81856 16
 2183 102320 20
 2184 102320 20
 2185 76740 15
 2186 46044 9
 2187 71624 14
 2188 71624 14
 2189 20464 4
 2190 5116 1
 2191 25580 5
 2192 15348 3
 2193 86972 17
 2194 61392 12
 2195 20464 4
 2196 35812 7
 2197 81856 16
 2198 86972 17
 2199 5116 1
 2200 71624 14
 2201 92088 18
 2202 66508 13
 2203 10232 2
 2204 10232 2
 2205 102320 20
 2206 71624 14
 2207 15348 3
 2208 56276 11
 2209 46044 9
 2210 102320 20
 2211 20464 4
 2212 61392 12
 2213 20464 4
 2214 35812 7
 2215 10232 2
 2216 76740 15
 2217 92088 18
 2218 56276 11
 2219 76740 15
 2220 76740 15
 2221 81856 16
 2222 51160 10
 2223 66508 13
 2224 71624 14
 2225 92088 18
 2226 25580 5
 2227 102320 20
 2228 30696 6
 2229 92088 18
 2230 15348 3
 2231 81856 16
 2232 25580 5
 2233 97204 19
 2234 102320 20
 2235 35812 7
 2236 5116 1
 2237 102320 20
 2238 35812 7
 2239 46044 9
 2240 25580 5
 2241 30696 6
 2242 92088 18
 2243 35812 7
 2244 35812 7
 2245 40928 8
 2246 81856 16
 2247 25580 5
 2248 15348 3
 2249 76740 15
 2250 56276 11
 2251 30696 6
 2252 97204 19
 2253 92088 18
 2254 15348 3
 2255 25580 5
 2256 86972 17
 2257 76740 15
 2258 30696 6
 2259 86972 17
 2260 71624 14
 2261 51160 10
 2262 20464 4
 2263 51160 10
 2264 97204 19
 2265 35812 7
 2266 102320 20
 2267 102320 20
 2268 46044 9
 2269 76740 15
 2270 102320 20
 2271 5116 1
 2272 46044 9
 2273 15348 3
 2274 46044 9
 2275 40928 8
 2276 81856 16
 2277 5116 1
 2278 102320 20
 2279 76740 15
 2280 5116 1
 2281 61392 12
 2282 20464 4
 2283 66508 13
 2284 10232 2
 2285 35812 7
 2286 20464 4
 2287 5116 1
 2288 40928 8
 2289 51160 10
 2290 51160 10
 2291 51160 10
 2292 51160 10
 2293 35812 7
 2294 66508 13
 2295 76740 15
 2296 15348 3
 2297 15348 3
 2298 40928 8
 2299 97204 19
 2300 76740 15
 2301 5116 1
 2302 71624 14
 2303 71624 14
 2304 15348 3
 2305 102320 20
 2306 102320 20
 2307 102320 20
 2308 102320 20
 2309 56276 11
 2310 20464 4
 2311 92088 18
 2312 15348 3
 2313 86972 17
 2314 40928 8
 2315 61392 12
 2316 66508 13
 2317 61392 12
 2318 35812 7
 2319 92088 18
 2320 92088 18
 2321 51160 10
 2322 10232 2
 2323 76740 15
 2324 20464 4
 2325 10232 2
 2326 25580 5
 2327 35812 7
 2328 56276 11
 2329 92088 18
 2330 66508 13
 2331 102320 20
 2332 92088 18
 2333 97204 19
 2334 5116 1
 2335 51160 10
 2336 30696 6
 2337 35812 7
 2338 92088 18
 2339 61392 12
 2340 76740 15
 2341 10232 2
 2342 86972 17
 2343 51160 10
 2344 92088 18
 2345 51160 10
 2346 30696 6
 2347 51160 10
 2348 30696 6
 2349 51160 10
 2350 15348 3
 2351 20464 4
 2352 51160 10
 2353 66508 13
 2354 81856 16
 2355 71624 14
 2356 61392 12
 2357 66508 13
 2358 102320 20
 2359 15348 3
 2360 25580 5
 2361 66508 13
 2362 81856 16
 2363 86972 17
 2364 71624 14
 2365 56276 11
 2366 35812 7
 2367 20464 4
 2368 76740 15
 2369 71624 14
 2370 15348 3
 2371 25580 5
 2372 5116 1
 2373 15348 3
 2374 10232 2
 2375 35812 7
 2376 5116 1
 2377 76740 15
 2378 35812 7
 2379 76740 15
 2380 71624 14
 2381 30696 6
 2382 66508 13
 2383 56276 11
 2384 35812 7
 2385 61392 12
 2386 10232 2
 2387 56276 11
 2388 10232 2
 2389 102320 20
 2390 10232 2
 2391 30696 6
 2392 66508 13
 2393 86972 17
 2394 20464 4
 2395 86972 17
 2396 5116 1
 2397 10232 2
 2398 10232 2
 2399 56276 11
 2400 40928 8
 2401 81856 16
 2402 56276 11
 2403 61392 12
 2404 46044 9
 2405 61392 12
 2406 81856 16
 2407 81856 16
 2408 10232 2
 2409 71624 14
 2410 30696 6
 2411 20464 4
 2412 97204 19
 2413 25580 5
 2414 5116 1
 2415 81856 16
 2416 71624 14
 2417 56276 11
 2418 30696 6
 2419 30696 6
 2420 20464 4
 2421 15348 3
 2422 25580 5
 2423 25580 5
 2424 10232 2
 2425 61392 12
 2426 81856 16
 2427 97204 19
 2428 66508 13
 2429 92088 18
 2430 30696 6
 2431 102320 20
 2432 46044 9
 2433 20464 4
 2434 86972 17
 2435 76740 15
 2436 86972 17
 2437 5116 1
 2438 20464 4
 2439 61392 12
 2440 61392 12
 2441 76740 15
 2442 20464 4
 2443 92088 18
 2444 5116 1
 2445 56276 11
 2446 46044 9
 2447 51160 10
 2448 61392 12
 2449 35812 7
 2450 56276 11
 2451 76740 15
 2452 61392 12
 2453 97204 19
 2454 66508 13
 2455 86972 17
 2456 102320 20
 2457 66508 13
 2458 61392 12
 2459 76740 15
 2460 20464 4
 2461 5116 1
 2462 51160 10
 2463 15348 3
 2464 10232 2
 2465 10232 2
 2466 46044 9
 2467 40928 8
 2468 66508 13
 2469 61392 12
 2470 20464 4
 2471 46044 9
 2472 10232 2
 2473 97204 19
 2474 40928 8
 2475 46044 9
 2476 86972 17
 2477 40928 8
 2478 61392 12
 2479 102320 20
 2480 20464 4
 2481 71624 14
 2482 102320 20
 2483 92088 18
 2484 56276 11
 2485 46044 9
 2486 10232 2
 2487 46044 9
 2488 71624 14
 2489 71624 14
 2490 102320 20
 2491 20464 4
 2492 25580 5
 2493 76740 15
 2494 30696 6
 2495 51160 10
 2496 92088 18
 2497 56276 11
 2498 102320 20
 2499 71624 14
 2500 40928 8
 2501 10232 2
 2502 51160 10
 2503 102320 20
 2504 56276 11
 2505 46044 9
 2506 15348 3
 2507 25580 5
 2508 81856 16
 2509 40928 8
 2510 71624 14
 2511 97204 19
 2512 5116 1
 2513 40928 8
 2514 71624 14
 2515 97204 19
 2516 40928 8
 2517 40928 8
 2518 66508 13
 2519 102320 20
 2520 10232 2
 2521 102320 20
 2522 97204 19
 2523 30696 6
 2524 10232 2
 2525 92088 18
 2526 51160 10
 2527 66508 13
 2528 15348 3
 2529 5116 1
 2530 61392 12
 2531 5116 1
 2532 92088 18
 2533 86972 17
 2534 102320 20
 2535 86972 17
 2536 86972 17
 2537 15348 3
 2538 20464 4
 2539 102320 20
 2540 97204 19
 2541 56276 11
 2542 51160 10
 2543 97204 19
 2544 10232 2
 2545 15348 3
 2546 10232 2
 2547 25580 5
 2548 30696 6
 2549 20464 4
 2550 5116 1
 2551 81856 16
 2552 76740 15
 2553 97204 19
 2554 56276 11
 2555 81856 16
 2556 35812 7
 2557 61392 12
 2558 102320 20
 2559 66508 13
 2560 66508 13
 2561 35812 7
 2562 35812 7
 2563 15348 3
 2564 5116 1
 2565 51160 10
 2566 15348 3
 2567 5116 1
 2568 35812 7
 2569 76740 15
 2570 92088 18
 2571 76740 15
 2572 66508 13
 2573 92088 18
 2574 30696 6
 2575 76740 15
 2576 10232 2
 2577 10232 2
 2578 66508 13
 2579 51160 10
 2580 97204 19
 2581 56276 11
 2582 25580 5
 2583 97204 19
 2584 61392 12
 2585 15348 3
 2586 15348 3
 2587 76740 15
 2588 5116 1
 2589 102320 20
 2590 92088 18
 2591 56276 11
 2592 56276 11
 2593 92088 18
 2594 61392 12
 2595 102320 20
 2596 40928 8
 2597 46044 9
 2598 56276 11
 2599 76740 15
 2600 51160 10
 2601 97204 19
 2602 81856 16
 2603 5116 1
 2604 30696 6
 2605 51160 10
 2606 102320 20
 2607 81856 16
 2608 25580 5
 2609 40928 8
 2610 20464 4
 2611 102320 20
 2612 5116 1
 2613 97204 19
 2614 10232 2
 2615 61392 12
 2616 61392 12
 2617 51160 10
 2618 51160 10
 2619 10232 2
 2620 25580 5
 2621 61392 12
 2622 5116 1
 2623 76740 15
 2624 56276 11
 2625 66508 13
 2626 86972 17
 2627 97204 19
 2628 35812 7
 2629 102320 20
 2630 71624 14
 2631 97204 19
 2632 61392 12
 2633 25580 5
 2634 25580 5
 2635 76740 15
 2636 97204 19
 2637 40928 8
 2638 76740 15
 2639 20464 4
 2640 102320 20
 2641 51160 10
 2642 56276 11
 2643 25580 5
 2644 46044 9
 2645 92088 18
 2646 10232 2
 2647 56276 11
 2648 35812 7
 2649 35812 7
 2650 15348 3
 2651 25580 5
 2652 51160 10
 2653 92088 18
 2654 5116 1
 2655 40928 8
 2656 20464 4
 2657 46044 9
 2658 25580 5
 2659 92088 18
 2660 51160 10
 2661 35812 7
 2662 20464 4
 2663 76740 15
 2664 46044 9
 2665 66508 13
 2666 25580 5
 2667 76740 15
 2668 97204 19
 2669 46044 9
 2670 35812 7
 2671 56276 11
 2672 56276 11
 2673 71624 14
 2674 46044 9
 2675 30696 6
 2676 71624 14
 2677 40928 8
 2678 30696 6
 2679 30696 6
 2680 92088 18
 2681 92088 18
 2682 71624 14
 2683 66508 13
 2684 15348 3
 2685 71624 14
 2686 56276 11
 2687 61392 12
 2688 20464 4
 2689 86972 17
 2690 102320 20
 2691 10232 2
 2692 71624 14
 2693 102320 20
 2694 40928 8
 2695 51160 10
 2696 97204 19
 2697 97204 19
 2698 92088 18
 2699 25580 5
 2700 10232 2
 2701 46044 9
 2702 20464 4
 2703 102320 20
 2704 86972 17
 2705 5116 1
 2706 30696 6
 2707 51160 10
 2708 66508 13
 2709 102320 20
 2710 71624 14
 2711 20464 4
 2712 20464 4
 2713 10232 2
 2714 20464 4
 2715 40928 8
 2716 35812 7
 2717 25580 5
 2718 61392 12
 2719 71624 14
 2720 40928 8
 2721 40928 8
 2722 10232 2
 2723 56276 11
 2724 30696 6
 2725 25580 5
 2726 51160 10
 2727 61392 12
 2728 5116 1
 2729 25580 5
 2730 20464 4
 2731 97204 19
 2732 71624 14
 2733 5116 1
 2734 51160 10
 2735 35812 7
 2736 20464 4
 2737 10232 2
 2738 66508 13
 2739 35812 7
 2740 20464 4
 2741 51160 10
 2742 15348 3
 2743 10232 2
 2744 97204 19
 2745 46044 9
 2746 92088 18
 2747 46044 9
 2748 92088 18
 2749 46044 9
 2750 56276 11
 2751 20464 4
 2752 66508 13
 2753 71624 14
 2754 51160 10
 2755 81856 16
 2756 66508 13
 2757 71624 14
 2758 102320 20
 2759 25580 5
 2760 61392 12
 2761 25580 5
 2762 61392 12
 2763 66508 13
 2764 35812 7
 2765 20464 4
 2766 56276 11
 2767 81856 16
 2768 86972 17
 2769 30696 6
 2770 35812 7
 2771 102320 20
 2772 86972 17
 2773 46044 9
 2774 35812 7
 2775 71624 14
 2776 30696 6
 2777 92088 18
 2778 71624 14
 2779 56276 11
 2780 20464 4
 2781 5116 1
 2782 86972 17
 2783 71624 14
 2784 66508 13
 2785 86972 17
 2786 97204 19
 2787 97204 19
 2788 102320 20
 2789 66508 13
 2790 81856 16
 2791 86972 17
 2792 30696 6
 2793 20464 4
 2794 81856 16
 2795 30696 6
 2796 40928 8
 2797 30696 6
 2798 56276 11
 2799 15348 3
 2800 71624 14
 2801 20464 4
 2802 10232 2
 2803 51160 10
 2804 40928 8
 2805 20464 4
 2806 10232 2
 2807 102320 20
 2808 25580 5
 2809 97204 19
 2810 66508 13
 2811 15348 3
 2812 86972 17
 2813 35812 7
 2814 35812 7
 2815 35812 7
 2816 86972 17
 2817 35812 7
 2818 15348 3
 2819 76740 15
 2820 20464 4
 2821 81856 16
 2822 86972 17
 2823 10232 2
 2824 30696 6
 2825 40928 8
 2826 61392 12
 2827 20464 4
 2828 92088 18
 2829 56276 11
 2830 61392 12
 2831 46044 9
 2832 10232 2
 2833 76740 15
 2834 25580 5
 2835 20464 4
 2836 20464 4
 2837 51160 10
 2838 25580 5
 2839 10232 2
 2840 5116 1
 2841 97204 19
 2842 56276 11
 2843 25580 5
 2844 30696 6
 2845 71624 14
 2846 5116 1
 2847 20464 4
 2848 102320 20
 2849 92088 18
 2850 71624 14
 2851 76740 15
 2852 81856 16
 2853 61392 12
 2854 102320 20
 2855 40928 8
 2856 25580 5
 2857 97204 19
 2858 76740 15
 2859 56276 11
 2860 56276 11
 2861 61392 12
 2862 5116 1
 2863 86972 17
 2864 20464 4
 2865 5116 1
 2866 51160 10
 2867 97204 19
 2868 76740 15
 2869 92088 18
 2870 71624 14
 2871 66508 13
 2872 102320 20
 2873 76740 15
 2874 71624 14
 2875 10232 2
 2876 86972 17
 2877 102320 20
 2878 20464 4
 2879 81856 16
 2880 5116 1
 2881 20464 4
 2882 81856 16
 2883 81856 16
 2884 25580 5
 2885 61392 12
 2886 20464 4
 2887 40928 8
 2888 40928 8
 2889 20464 4
 2890 5116 1
 2891 30696 6
 2892 61392 12
 2893 102320 20
 2894 86972 17
 2895 51160 10
 2896 71624 14
 2897 10232 2
 2898 51160 10
 2899 15348 3
 2900 102320 20
 2901 10232 2
 2902 25580 5
 2903 51160 10
 2904 20464 4
 2905 61392 12
 2906 40928 8
 2907 92088 18
 2908 102320 20
 2909 66508 13
 2910 20464 4
 2911 61392 12
 2912 56276 11
 2913 35812 7
 2914 20464 4
 2915 40928 8
 2916 71624 14
 2917 51160 10
 2918 102320 20
 2919 5116 1
 2920 92088 18
 2921 46044 9
 2922 35812 7
 2923 61392 12
 2924 97204 19
 2925 15348 3
 2926 81856 16
 2927 86972 17
 2928 46044 9
 2929 66508 13
 2930 61392 12
 2931 76740 15
 2932 46044 9
 2933 35812 7
 2934 40928 8
 2935 61392 12
 2936 10232 2
 2937 86972 17
 2938 76740 15
 2939 35812 7
 2940 10232 2
 2941 30696 6
 2942 40928 8
 2943 66508 13
 2944 86972 17
 2945 20464 4
 2946 56276 11
 2947 20464 4
 2948 61392 12
 2949 30696 6
 2950 76740 15
 2951 56276 11
 2952 97204 19
 2953 10232 2
 2954 81856 16
 2955 51160 10
 2956 76740 15
 2957 40928 8
 2958 61392 12
 2959 102320 20
 2960 20464 4
 2961 66508 13
 2962 5116 1
 2963 40928 8
 2964 51160 10
 2965 30696 6
 2966 40928 8
 2967 25580 5
 2968 97204 19
 2969 76740 15
 2970 51160 10
 2971 56276 11
 2972 86972 17
 2973 46044 9
 2974 46044 9
 2975 15348 3
 2976 102320 20
 2977 81856 16
 2978 56276 11
 2979 92088 18
 2980 40928 8
 2981 56276 11
 2982 71624 14
 2983 20464 4
 2984 76740 15
 2985 10232 2
 2986 81856 16
 2987 92088 18
 2988 51160 10
 2989 25580 5
 2990 81856 16
 2991 40928 8
 2992 30696 6
 2993 10232 2
 2994 71624 14
 2995 51160 10
 2996 51160 10
 2997 5116 1
 2998 61392 12
 2999 61392 12
 3000 5116 1
 3001 81856 16
 3002 76740 15
 3003 81856 16
 3004 66508 13
 3005 56276 11
 3006 10232 2
 3007 25580 5
 3008 81856 16
 3009 97204 19
 3010 97204 19
 3011 97204 19
 3012 66508 13
 3013 92088 18
 3014 102320 20
 3015 86972 17
 3016 76740 15
 3017 76740 15
 3018 61392 12
 3019 97204 19
 3020 10232 2
 3021 20464 4
 3022 97204 19
 3023 81856 16
 3024 30696 6
 3025 30696 6
 3026 102320 20
 3027 56276 11
 3028 35812 7
 3029 35812 7
 3030 10232 2
 3031 102320 20
 3032 76740 15
 3033 46044 9
 3034 46044 9
 3035 5116 1
 3036 76740 15
 3037 20464 4
 3038 35812 7
 3039 92088 18
 3040 46044 9
 3041 92088 18
 3042 5116 1
 3043 102320 20
 3044 66508 13
 3045 86972 17
 3046 30696 6
 3047 20464 4
 3048 102320 20
 3049 61392 12
 3050 66508 13
 3051 25580 5
 3052 86972 17
 3053 20464 4
 3054 5116 1
 3055 97204 19
 3056 35812 7
 3057 5116 1
 3058 20464 4
 3059 20464 4
 3060 30696 6
 3061 71624 14
 3062 66508 13
 3063 35812 7
 3064 30696 6
 3065 86972 17
 3066 35812 7
 3067 61392 12
 3068 71624 14
 3069 76740 15
 3070 35812 7
 3071 76740 15
 3072 10232 2
 3073 25580 5
 3074 97204 19
 3075 51160 10
 3076 30696 6
 3077 61392 12
 3078 15348 3
 3079 46044 9
 3080 102320 20
 3081 25580 5
 3082 40928 8
 3083 97204 19
 3084 81856 16
 3085 66508 13
 3086 30696 6
 3087 25580 5
 3088 51160 10
 3089 71624 14
 3090 92088 18
 3091 71624 14
 3092 30696 6
 3093 15348 3
 3094 10232 2
 3095 5116 1
 3096 51160 10
 3097 86972 17
 3098 40928 8
 3099 20464 4
 3100 15348 3
 3101 40928 8
 3102 20464 4
 3103 86972 17
 3104 25580 5
 3105 35812 7
 3106 81856 16
 3107 15348 3
 3108 81856 16
 3109 61392 12
 3110 10232 2
 3111 86972 17
 3112 66508 13
 3113 97204 19
 3114 86972 17
 3115 51160 10
 3116 86972 17
 3117 76740 15
 3118 35812 7
 3119 15348 3
 3120 10232 2
 3121 81856 16
 3122 97204 19
 3123 25580 5
 3124 51160 10
 3125 46044 9
 3126 102320 20
 3127 35812 7
 3128 92088 18
 3129 102320 20
 3130 66508 13
 3131 20464 4
 3132 56276 11
 3133 10232 2
 3134 25580 5
 3135 15348 3
 3136 86972 17
 3137 92088 18
 3138 46044 9
 3139 25580 5
 3140 71624 14
 3141 56276 11
 3142 76740 15
 3143 51160 10
 3144 10232 2
 3145 35812 7
 3146 25580 5
 3147 92088 18
 3148 102320 20
 3149 25580 5
 3150 66508 13
 3151 20464 4
 3152 86972 17
 3153 10232 2
 3154 81856 16
 3155 40928 8
 3156 81856 16
 3157 92088 18
 3158 15348 3
 3159 40928 8
 3160 35812 7
 3161 81856 16
 3162 66508 13
 3163 20464 4
 3164 5116 1
 3165 10232 2
 3166 71624 14
 3167 92088 18
 3168 10232 2
 3169 56276 11
 3170 35812 7
 3171 76740 15
 3172 40928 8
 3173 15348 3
 3174 51160 10
 3175 97204 19
 3176 20464 4
 3177 71624 14
 3178 10232 2
 3179 10232 2
 3180 81856 16
 3181 97204 19
 3182 20464 4
 3183 102320 20
 3184 76740 15
 3185 97204 19
 3186 81856 16
 3187 71624 14
 3188 46044 9
 3189 92088 18
 3190 92088 18
 3191 92088 18
 3192 30696 6
 3193 51160 10
 3194 5116 1
 3195 66508 13
 3196 15348 3
 3197 61392 12
 3198 76740 15
 3199 102320 20
 3200 15348 3
 3201 5116 1
 3202 86972 17
 3203 56276 11
 3204 76740 15
 3205 76740 15
 3206 66508 13
 3207 92088 18
 3208 20464 4
 3209 10232 2
 3210 20464 4
 3211 81856 16
 3212 25580 5
 3213 30696 6
 3214 40928 8
 3215 5116 1
 3216 5116 1
 3217 51160 10
 3218 15348 3
 3219 71624 14
 3220 15348 3
 3221 30696 6
 3222 86972 17
 3223 102320 20
 3224 51160 10
 3225 20464 4
 3226 35812 7
 3227 56276 11
 3228 10232 2
 3229 30696 6
 3230 97204 19
 3231 92088 18
 3232 25580 5
 3233 51160 10
 3234 56276 11
 3235 97204 19
 3236 97204 19
 3237 76740 15
 3238 46044 9
 3239 40928 8
 3240 61392 12
 3241 30696 6
 3242 76740 15
 3243 86972 17
 3244 61392 12
 3245 35812 7
 3246 15348 3
 3247 56276 11
 3248 51160 10
 3249 5116 1
 3250 81856 16
 3251 92088 18
 3252 86972 17
 3253 20464 4
 3254 92088 18
 3255 51160 10
 3256 81856 16
 3257 30696 6
 3258 92088 18
 3259 20464 4
 3260 66508 13
 3261 51160 10
 3262 86972 17
 3263 66508 13
 3264 20464 4
 3265 102320 20
 3266 86972 17
 3267 86972 17
 3268 30696 6
 3269 102320 20
 3270 97204 19
 3271 76740 15
 3272 51160 10
 3273 20464 4
 3274 25580 5
 3275 102320 20
 3276 40928 8
 3277 92088 18
 3278 97204 19
 3279 30696 6
 3280 25580 5
 3281 10232 2
 3282 66508 13
 3283 10232 2
 3284 10232 2
 3285 66508 13
 3286 30696 6
 3287 56276 11
 3288 92088 18
 3289 40928 8
 3290 30696 6
 3291 102320 20
 3292 51160 10
 3293 51160 10
 3294 35812 7
 3295 92088 18
 3296 20464 4
 3297 5116 1
 3298 46044 9
 3299 35812 7
 3300 86972 17
 3301 5116 1
 3302 71624 14
 3303 56276 11
 3304 40928 8
 3305 81856 16
 3306 30696 6
 3307 10232 2
 3308 30696 6
 3309 71624 14
 3310 35812 7
 3311 66508 13
 3312 40928 8
 3313 46044 9
 3314 35812 7
 3315 51160 10
 3316 71624 14
 3317 40928 8
 3318 35812 7
 3319 15348 3
 3320 46044 9
 3321 61392 12
 3322 20464 4
 3323 81856 16
 3324 76740 15
 3325 30696 6
 3326 86972 17
 3327 76740 15
 3328 56276 11
 3329 56276 11
 3330 86972 17
 3331 71624 14
 3332 10232 2
 3333 81856 16
 3334 25580 5
 3335 61392 12
 3336 102320 20
 3337 92088 18
 3338 71624 14
 3339 56276 11
 3340 15348 3
 3341 56276 11
 3342 56276 11
 3343 92088 18
 3344 97204 19
 3345 51160 10
 3346 35812 7
 3347 30696 6
 3348 56276 11
 3349 86972 17
 3350 5116 1
 3351 61392 12
 3352 10232 2
 3353 46044 9
 3354 81856 16
 3355 86972 17
 3356 25580 5
 3357 66508 13
 3358 5116 1
 3359 35812 7
 3360 15348 3
 3361 40928 8
 3362 30696 6
 3363 25580 5
 3364 92088 18
 3365 92088 18
 3366 20464 4
 3367 81856 16
 3368 35812 7
 3369 102320 20
 3370 56276 11
 3371 20464 4
 3372 56276 11
 3373 20464 4
 3374 56276 11
 3375 102320 20
 3376 71624 14
 3377 30696 6
 3378 86972 17
 3379 86972 17
 3380 81856 16
 3381 25580 5
 3382 5116 1
 3383 92088 18
 3384 10232 2
 3385 15348 3
 3386 102320 20
 3387 56276 11
 3388 40928 8
 3389 86972 17
 3390 20464 4
 3391 5116 1
 3392 20464 4
 3393 92088 18
 3394 10232 2
 3395 10232 2
 3396 76740 15
 3397 20464 4
 3398 15348 3
 3399 25580 5
 3400 97204 19
 3401 40928 8
 3402 46044 9
 3403 66508 13
 3404 35812 7
 3405 40928 8
 3406 97204 19
 3407 97204 19
 3408 61392 12
 3409 102320 20
 3410 25580 5
 3411 46044 9
 3412 86972 17
 3413 20464 4
 3414 61392 12
 3415 10232 2
 3416 92088 18
 3417 56276 11
 3418 66508 13
 3419 56276 11
 3420 10232 2
 3421 25580 5
 3422 97204 19
 3423 20464 4
 3424 102320 20
 3425 97204 19
 3426 71624 14
 3427 20464 4
 3428 5116 1
 3429 92088 18
 3430 61392 12
 3431 81856 16
 3432 66508 13
 3433 51160 10
 3434 66508 13
 3435 97204 19
 3436 10232 2
 3437 5116 1
 3438 35812 7
 3439 81856 16
 3440 20464 4
 3441 102320 20
 3442 5116 1
 3443 61392 12
 3444 71624 14
 3445 97204 19
 3446 15348 3
 3447 46044 9
 3448 51160 10
 3449 40928 8
 3450 76740 15
 3451 61392 12
 3452 30696 6
 3453 61392 12
 3454 76740 15
 3455 30696 6
 3456 71624 14
 3457 76740 15
 3458 102320 20
 3459 102320 20
 3460 86972 17
 3461 97204 19
 3462 61392 12
 3463 25580 5
 3464 35812 7
 3465 92088 18
 3466 46044 9
 3467 35812 7
 3468 102320 20
 3469 71624 14
 3470 51160 10
 3471 10232 2
 3472 51160 10
 3473 97204 19
 3474 92088 18
 3475 10232 2
 3476 71624 14
 3477 40928 8
 3478 97204 19
 3479 102320 20
 3480 81856 16
 3481 51160 10
 3482 46044 9
 3483 15348 3
 3484 76740 15
 3485 61392 12
 3486 46044 9
 3487 51160 10
 3488 92088 18
 3489 15348 3
 3490 81856 16
 3491 20464 4
 3492 66508 13
 3493 35812 7
 3494 56276 11
 3495 56276 11
 3496 71624 14
 3497 10232 2
 3498 56276 11
 3499 61392 12
 3500 46044 9
 3501 61392 12
 3502 25580 5
 3503 40928 8
 3504 35812 7
 3505 51160 10
 3506 10232 2
 3507 35812 7
 3508 102320 20
 3509 46044 9
 3510 56276 11
 3511 15348 3
 3512 25580 5
 3513 40928 8
 3514 35812 7
 3515 71624 14
 3516 10232 2
 3517 35812 7
 3518 25580 5
 3519 30696 6
 3520 5116 1
 3521 10232 2
 3522 40928 8
 3523 76740 15
 3524 61392 12
 3525 30696 6
 3526 102320 20
 3527 20464 4
 3528 61392 12
 3529 92088 18
 3530 25580 5
 3531 10232 2
 3532 102320 20
 3533 86972 17
 3534 25580 5
 3535 40928 8
 3536 25580 5
 3537 25580 5
 3538 5116 1
 3539 71624 14
 3540 97204 19
 3541 76740 15
 3542 97204 19
 3543 86972 17
 3544 97204 19
 3545 5116 1
 3546 56276 11
 3547 5116 1
 3548 81856 16
 3549 92088 18
 3550 5116 1
 3551 81856 16
 3552 86972 17
 3553 40928 8
 3554 86972 17
 3555 51160 10
 3556 40928 8
 3557 97204 19
 3558 15348 3
 3559 5116 1
 3560 76740 15
 3561 81856 16
 3562 40928 8
 3563 5116 1
 3564 30696 6
 3565 51160 10
 3566 97204 19
 3567 61392 12
 3568 5116 1
 3569 92088 18
 3570 51160 10
 3571 92088 18
 3572 66508 13
 3573 81856 16
 3574 86972 17
 3575 20464 4
 3576 46044 9
 3577 92088 18
 3578 81856 16
 3579 5116 1
 3580 102320 20
 3581 35812 7
 3582 61392 12
 3583 35812 7
 3584 66508 13
 3585 81856 16
 3586 71624 14
 3587 5116 1
 3588 97204 19
 3589 15348 3
 3590 71624 14
 3591 56276 11
 3592 86972 17
 3593 71624 14
 3594 92088 18
 3595 76740 15
 3596 10232 2
 3597 25580 5
 3598 81856 16
 3599 5116 1
 3600 92088 18
 3601 71624 14
 3602 30696 6
 3603 61392 12
 3604 81856 16
 3605 92088 18
 3606 10232 2
 3607 102320 20
 3608 97204 19
 3609 5116 1
 3610 66508 13
 3611 51160 10
 3612 86972 17
 3613 97204 19
 3614 61392 12
 3615 76740 15
 3616 56276 11
 3617 30696 6
 3618 66508 13
 3619 66508 13
 3620 51160 10
 3621 10232 2
 3622 5116 1
 3623 61392 12
 3624 102320 20
 3625 25580 5
 3626 56276 11
 3627 35812 7
 3628 56276 11
 3629 5116 1
 3630 30696 6
 3631 40928 8
 3632 20464 4
 3633 25580 5
 3634 15348 3
 3635 5116 1
 3636 81856 16
 3637 10232 2
 3638 15348 3
 3639 5116 1
 3640 30696 6
 3641 81856 16
 3642 102320 20
 3643 25580 5
 3644 35812 7
 3645 25580 5
 3646 61392 12
 3647 51160 10
 3648 30696 6
 3649 51160 10
 3650 46044 9
 3651 35812 7
 3652 30696 6
 3653 15348 3
 3654 56276 11
 3655 51160 10
 3656 40928 8
 3657 97204 19
 3658 81856 16
 3659 97204 19
 3660 30696 6
 3661 86972 17
 3662 51160 10
 3663 35812 7
 3664 92088 18
 3665 56276 11
 3666 61392 12
 3667 40928 8
 3668 40928 8
 3669 51160 10
 3670 92088 18
 3671 35812 7
 3672 30696 6
 3673 35812 7
 3674 86972 17
 3675 86972 17
 3676 46044 9
 3677 71624 14
 3678 20464 4
 3679 35812 7
 3680 46044 9
 3681 76740 15
 3682 35812 7
 3683 61392 12
 3684 30696 6
 3685 86972 17
 3686 71624 14
 3687 15348 3
 3688 102320 20
 3689 40928 8
 3690 76740 15
 3691 40928 8
 3692 51160 10
 3693 40928 8
 3694 71624 14
 3695 51160 10
 3696 86972 17
 3697 40928 8
 3698 35812 7
 3699 46044 9
 3700 97204 19
 3701 81856 16
 3702 25580 5
 3703 56276 11
 3704 51160 10
 3705 66508 13
 3706 97204 19
 3707 97204 19
 3708 25580 5
 3709 51160 10
 3710 30696 6
 3711 35812 7
 3712 92088 18
 3713 35812 7
 3714 92088 18
 3715 66508 13
 3716 25580 5
 3717 35812 7
 3718 92088 18
 3719 10232 2
 3720 20464 4
 3721 51160 10
 3722 35812 7
 3723 30696 6
 3724 35812 7
 3725 40928 8
 3726 102320 20
 3727 30696 6
 3728 76740 15
 3729 92088 18
 3730 86972 17
 3731 76740 15
 3732 86972 17
 3733 71624 14
 3734 76740 15
 3735 46044 9
 3736 5116 1
 3737 35812 7
 3738 46044 9
 3739 71624 14
 3740 30696 6
 3741 35812 7
 3742 10232 2
 3743 20464 4
 3744 46044 9
 3745 56276 11
 3746 97204 19
 3747 46044 9
 3748 10232 2
 3749 10232 2
 3750 25580 5
 3751 51160 10
 3752 35812 7
 3753 46044 9
 3754 30696 6
 3755 51160 10
 3756 56276 11
 3757 66508 13
 3758 81856 16
 3759 56276 11
 3760 5116 1
 3761 102320 20
 3762 86972 17
 3763 86972 17
 3764 81856 16
 3765 20464 4
 3766 97204 19
 3767 102320 20
 3768 56276 11
 3769 25580 5
 3770 102320 20
 3771 92088 18
 3772 30696 6
 3773 20464 4
 3774 81856 16
 3775 81856 16
 3776 71624 14
 3777 61392 12
 3778 86972 17
 3779 20464 4
 3780 15348 3
 3781 35812 7
 3782 15348 3
 3783 25580 5
 3784 20464 4
 3785 10232 2
 3786 20464 4
 3787 102320 20
 3788 10232 2
 3789 35812 7
 3790 56276 11
 3791 92088 18
 3792 25580 5
 3793 102320 20
 3794 56276 11
 3795 81856 16
 3796 81856 16
 3797 15348 3
 3798 25580 5
 3799 35812 7
 3800 61392 12
 3801 15348 3
 3802 25580 5
 3803 35812 7
 3804 71624 14
 3805 76740 15
 3806 5116 1
 3807 71624 14
 3808 10232 2
 3809 81856 16
 3810 25580 5
 3811 10232 2
 3812 46044 9
 3813 86972 17
 3814 30696 6
 3815 86972 17
 3816 56276 11
 3817 81856 16
 3818 102320 20
 3819 40928 8
 3820 20464 4
 3821 35812 7
 3822 10232 2
 3823 15348 3
 3824 71624 14
 3825 46044 9
 3826 102320 20
 3827 97204 19
 3828 61392 12
 3829 25580 5
 3830 61392 12
 3831 25580 5
 3832 71624 14
 3833 71624 14
 3834 86972 17
 3835 5116 1
 3836 51160 10
 3837 102320 20
 3838 86972 17
 3839 76740 15
 3840 92088 18
 3841 40928 8
 3842 86972 17
 3843 25580 5
 3844 46044 9
 3845 46044 9
 3846 86972 17
 3847 92088 18
 3848 10232 2
 3849 15348 3
 3850 5116 1
 3851 20464 4
 3852 61392 12
 3853 10232 2
 3854 86972 17
 3855 71624 14
 3856 66508 13
 3857 20464 4
 3858 20464 4
 3859 102320 20
 3860 56276 11
 3861 71624 14
 3862 102320 20
 3863 61392 12
 3864 15348 3
 3865 40928 8
 3866 71624 14
 3867 61392 12
 3868 66508 13
 3869 97204 19
 3870 86972 17
 3871 15348 3
 3872 81856 16
 3873 5116 1
 3874 71624 14
 3875 86972 17
 3876 56276 11
 3877 25580 5
 3878 20464 4
 3879 51160 10
 3880 40928 8
 3881 10232 2
 3882 40928 8
 3883 92088 18
 3884 56276 11
 3885 66508 13
 3886 97204 19
 3887 30696 6
 3888 40928 8
 3889 61392 12
 3890 56276 11
 3891 40928 8
 3892 66508 13
 3893 35812 7
 3894 51160 10
 3895 25580 5
 3896 61392 12
 3897 81856 16
 3898 66508 13
 3899 10232 2
 3900 71624 14
 3901 61392 12
 3902 30696 6
 3903 66508 13
 3904 46044 9
 3905 51160 10
 3906 102320 20
 3907 51160 10
 3908 97204 19
 3909 66508 13
 3910 61392 12
 3911 20464 4
 3912 25580 5
 3913 46044 9
 3914 61392 12
 3915 10232 2
 3916 35812 7
 3917 35812 7
 3918 25580 5
 3919 81856 16
 3920 20464 4
 3921 15348 3
 3922 15348 3
 3923 51160 10
 3924 30696 6
 3925 102320 20
 3926 81856 16
 3927 25580 5
 3928 10232 2
 3929 15348 3
 3930 56276 11
 3931 35812 7
 3932 25580 5
 3933 30696 6
 3934 20464 4
 3935 66508 13
 3936 25580 5
 3937 81856 16
 3938 51160 10
 3939 15348 3
 3940 35812 7
 3941 76740 15
 3942 51160 10
 3943 76740 15
 3944 71624 14
 3945 25580 5
 3946 40928 8
 3947 25580 5
 3948 97204 19
 3949 71624 14
 3950 56276 11
 3951 76740 15
 3952 86972 17
 3953 30696 6
 3954 30696 6
 3955 61392 12
 3956 46044 9
 3957 97204 19
 3958 5116 1
 3959 86972 17
 3960 25580 5
 3961 86972 17
 3962 71624 14
 3963 5116 1
 3964 61392 12
 3965 20464 4
 3966 40928 8
 3967 97204 19
 3968 66508 13
 3969 20464 4
 3970 56276 11
 3971 30696 6
 3972 66508 13
 3973 61392 12
 3974 51160 10
 3975 86972 17
 3976 81856 16
 3977 40928 8
 3978 25580 5
 3979 51160 10
 3980 20464 4
 3981 56276 11
 3982 97204 19
 3983 61392 12
 3984 5116 1
 3985 76740 15
 3986 35812 7
 3987 25580 5
 3988 86972 17
 3989 81856 16
 3990 35812 7
 3991 46044 9
 3992 40928 8
 3993 30696 6
 3994 30696 6
 3995 15348 3
 3996 86972 17
 3997 30696 6
 3998 97204 19
 3999 102320 20
 4000 81856 16
 4001 20464 4
 4002 5116 1
 4003 76740 15
 4004 46044 9
 4005 46044 9
 4006 15348 3
 4007 5116 1
 4008 40928 8
 4009 20464 4
 4010 40928 8
 4011 15348 3
 4012 56276 11
 4013 97204 19
 4014 61392 12
 4015 10232 2
 4016 5116 1
 4017 40928 8
 4018 5116 1
 4019 46044 9
 4020 15348 3
 4021 30696 6
 4022 76740 15
 4023 86972 17
 4024 15348 3
 4025 71624 14
 4026 35812 7
 4027 10232 2
 4028 15348 3
 4029 30696 6
 4030 61392 12
 4031 81856 16
 4032 20464 4
 4033 66508 13
 4034 56276 11
 4035 46044 9
 4036 61392 12
 4037 66508 13
 4038 61392 12
 4039 10232 2
 4040 25580 5
 4041 56276 11
 4042 20464 4
 4043 71624 14
 4044 46044 9
 4045 92088 18
 4046 102320 20
 4047 97204 19
 4048 61392 12
 4049 66508 13
 4050 76740 15
 4051 76740 15
 4052 35812 7
 4053 15348 3
 4054 71624 14
 4055 71624 14
 4056 92088 18
 4057 66508 13
 4058 30696 6
 4059 102320 20
 4060 51160 10
 4061 5116 1
 4062 102320 20
 4063 92088 18
 4064 30696 6
 4065 15348 3
 4066 20464 4
 4067 86972 17
 4068 56276 11
 4069 10232 2
 4070 15348 3
 4071 66508 13
 4072 25580 5
 4073 92088 18
 4074 76740 15
 4075 66508 13
 4076 61392 12
 4077 71624 14
 4078 15348 3
 4079 81856 16
 4080 66508 13
 4081 76740 15
 4082 56276 11
 4083 92088 18
 4084 71624 14
 4085 46044 9
 4086 71624 14
 4087 61392 12
 4088 102320 20
 4089 92088 18
 4090 86972 17
 4091 86972 17
 4092 30696 6
 4093 30696 6
 4094 5116 1
 4095 10232 2
 4096 46044 9
 4097 92088 18
 4098 66508 13
 4099 5116 1
 4100 56276 11
 4101 10232 2
 4102 40928 8
 4103 81856 16
 4104 51160 10
 4105 86972 17
 4106 5116 1
 4107 71624 14
 4108 40928 8
 4109 51160 10
 4110 71624 14
 4111 92088 18
 4112 97204 19
 4113 61392 12
 4114 51160 10
 4115 46044 9
 4116 81856 16
 4117 56276 11
 4118 46044 9
 4119 71624 14
 4120 15348 3
 4121 97204 19
 4122 5116 1
 4123 71624 14
 4124 10232 2
 4125 71624 14
 4126 86972 17
 4127 76740 15
 4128 25580 5
 4129 56276 11
 4130 5116 1
 4131 46044 9
 4132 25580 5
 4133 61392 12
 4134 20464 4
 4135 10232 2
 4136 20464 4
 4137 92088 18
 4138 102320 20
 4139 102320 20
 4140 102320 20
 4141 35812 7
 4142 97204 19
 4143 40928 8
 4144 30696 6
 4145 20464 4
 4146 10232 2
 4147 5116 1
 4148 15348 3
 4149 97204 19
 4150 40928 8
 4151 5116 1
 4152 71624 14
 4153 20464 4
 4154 20464 4
 4155 30696 6
 4156 40928 8
 4157 97204 19
 4158 56276 11
 4159 5116 1
 4160 20464 4
 4161 30696 6
 4162 30696 6
 4163 86972 17
 4164 5116 1
 4165 46044 9
 4166 5116 1
 4167 71624 14
 4168 15348 3
 4169 66508 13
 4170 30696 6
 4171 15348 3
 4172 15348 3
 4173 40928 8
 4174 35812 7
 4175 61392 12
 4176 35812 7
 4177 86972 17
 4178 56276 11
 4179 51160 10
 4180 51160 10
 4181 76740 15
 4182 61392 12
 4183 86972 17
 4184 92088 18
 4185 81856 16
 4186 102320 20
 4187 86972 17
 4188 20464 4
 4189 15348 3
 4190 92088 18
 4191 15348 3
 4192 61392 12
 4193 51160 10
 4194 81856 16
 4195 97204 19
 4196 25580 5
 4197 102320 20
 4198 20464 4
 4199 46044 9
 4200 61392 12
 4201 5116 1
 4202 15348 3
 4203 10232 2
 4204 86972 17
 4205 66508 13
 4206 51160 10
 4207 51160 10
 4208 92088 18
 4209 40928 8
 4210 35812 7
 4211 51160 10
 4212 66508 13
 4213 40928 8
 4214 15348 3
 4215 81856 16
 4216 92088 18
 4217 76740 15
 4218 66508 13
 4219 56276 11
 4220 102320 20
 4221 102320 20
 4222 56276 11
 4223 81856 16
 4224 92088 18
 4225 51160 10
 4226 97204 19
 4227 25580 5
 4228 51160 10
 4229 30696 6
 4230 51160 10
 4231 102320 20
 4232 71624 14
 4233 86972 17
 4234 46044 9
 4235 25580 5
 4236 15348 3
 4237 5116 1
 4238 30696 6
 4239 30696 6
 4240 46044 9
 4241 15348 3
 4242 66508 13
 4243 30696 6
 4244 51160 10
 4245 30696 6
 4246 5116 1
 4247 25580 5
 4248 10232 2
 4249 10232 2
 4250 51160 10
 4251 102320 20
 4252 76740 15
 4253 97204 19
 4254 102320 20
 4255 97204 19
 4256 92088 18
 4257 40928 8
 4258 66508 13
 4259 71624 14
 4260 102320 20
 4261 92088 18
 4262 35812 7
 4263 5116 1
 4264 46044 9
 4265 71624 14
 4266 86972 17
 4267 10232 2
 4268 56276 11
 4269 61392 12
 4270 81856 16
 4271 5116 1
 4272 92088 18
 4273 86972 17
 4274 15348 3
 4275 5116 1
 4276 25580 5
 4277 56276 11
 4278 40928 8
 4279 30696 6
 4280 46044 9
 4281 61392 12
 4282 35812 7
 4283 86972 17
 4284 10232 2
 4285 5116 1
 4286 46044 9
 4287 76740 15
 4288 15348 3
 4289 20464 4
 4290 56276 11
 4291 25580 5
 4292 20464 4
 4293 66508 13
 4294 35812 7
 4295 20464 4
 4296 97204 19
 4297 46044 9
 4298 81856 16
 4299 71624 14
 4300 25580 5
 4301 102320 20
 4302 5116 1
 4303 56276 11
 4304 40928 8
 4305 86972 17
 4306 56276 11
 4307 97204 19
 4308 81856 16
 4309 56276 11
 4310 66508 13
 4311 15348 3
 4312 46044 9
 4313 25580 5
 4314 25580 5
 4315 66508 13
 4316 10232 2
 4317 71624 14
 4318 66508 13
 4319 61392 12
 4320 76740 15
 4321 40928 8
 4322 102320 20
 4323 71624 14
 4324 25580 5
 4325 5116 1
 4326 51160 10
 4327 81856 16
 4328 35812 7
 4329 97204 19
 4330 10232 2
 4331 40928 8
 4332 20464 4
 4333 46044 9
 4334 15348 3
 4335 92088 18
 4336 20464 4
 4337 5116 1
 4338 71624 14
 4339 5116 1
 4340 76740 15
 4341 56276 11
 4342 97204 19
 4343 40928 8
 4344 102320 20
 4345 40928 8
 4346 81856 16
 4347 92088 18
 4348 66508 13
 4349 86972 17
 4350 56276 11
 4351 66508 13
 4352 46044 9
 4353 10232 2
 4354 81856 16
 4355 97204 19
 4356 56276 11
 4357 10232 2
 4358 10232 2
 4359 56276 11
 4360 66508 13
 4361 92088 18
 4362 40928 8
 4363 71624 14
 4364 81856 16
 4365 81856 16
 4366 71624 14
 4367 5116 1
 4368 51160 10
 4369 25580 5
 4370 25580 5
 4371 81856 16
 4372 25580 5
 4373 51160 10
 4374 15348 3
 4375 71624 14
 4376 56276 11
 4377 97204 19
 4378 61392 12
 4379 76740 15
 4380 15348 3
 4381 10232 2
 4382 81856 16
 4383 71624 14
 4384 92088 18
 4385 46044 9
 4386 40928 8
 4387 30696 6
 4388 66508 13
 4389 71624 14
 4390 10232 2
 4391 56276 11
 4392 92088 18
 4393 5116 1
 4394 46044 9
 4395 56276 11
 4396 51160 10
 4397 30696 6
 4398 102320 20
 4399 5116 1
 4400 51160 10
 4401 71624 14
 4402 15348 3
 4403 86972 17
 4404 66508 13
 4405 76740 15
 4406 40928 8
 4407 20464 4
 4408 20464 4
 4409 46044 9
 4410 35812 7
 4411 15348 3
 4412 97204 19
 4413 25580 5
 4414 86972 17
 4415 25580 5
 4416 40928 8
 4417 56276 11
 4418 15348 3
 4419 86972 17
 4420 15348 3
 4421 35812 7
 4422 10232 2
 4423 86972 17
 4424 61392 12
 4425 86972 17
 4426 15348 3
 4427 102320 20
 4428 35812 7
 4429 97204 19
 4430 5116 1
 4431 81856 16
 4432 61392 12
 4433 102320 20
 4434 102320 20
 4435 61392 12
 4436 30696 6
 4437 30696 6
 4438 35812 7
 4439 61392 12
 4440 76740 15
 4441 25580 5
 4442 66508 13
 4443 51160 10
 4444 25580 5
 4445 102320 20
 4446 40928 8
 4447 92088 18
 4448 66508 13
 4449 5116 1
 4450 92088 18
 4451 76740 15
 4452 30696 6
 4453 40928 8
 4454 46044 9
 4455 15348 3
 4456 66508 13
 4457 20464 4
 4458 51160 10
 4459 102320 20
 4460 92088 18
 4461 61392 12
 4462 46044 9
 4463 86972 17
 4464 56276 11
 4465 61392 12
 4466 46044 9
 4467 66508 13
 4468 102320 20
 4469 5116 1
 4470 71624 14
 4471 97204 19
 4472 40928 8
 4473 51160 10
 4474 10232 2
 4475 15348 3
 4476 46044 9
 4477 40928 8
 4478 25580 5
 4479 46044 9
 4480 92088 18
 4481 76740 15
 4482 40928 8
 4483 20464 4
 4484 35812 7
 4485 46044 9
 4486 15348 3
 4487 86972 17
 4488 51160 10
 4489 86972 17
 4490 86972 17
 4491 51160 10
 4492 92088 18
 4493 5116 1
 4494 76740 15
 4495 30696 6
 4496 25580 5
 4497 102320 20
 4498 15348 3
 4499 15348 3
 4500 30696 6
 4501 56276 11
 4502 97204 19
 4503 35812 7
 4504 76740 15
 4505 61392 12
 4506 102320 20
 4507 97204 19
 4508 5116 1
 4509 20464 4
 4510 15348 3
 4511 35812 7
 4512 10232 2
 4513 10232 2
 4514 46044 9
 4515 10232 2
 4516 25580 5
 4517 86972 17
 4518 30696 6
 4519 66508 13
 4520 5116 1
 4521 20464 4
 4522 30696 6
 4523 30696 6
 4524 61392 12
 4525 40928 8
 4526 56276 11
 4527 71624 14
 4528 10232 2
 4529 56276 11
 4530 30696 6
 4531 40928 8
 4532 71624 14
 4533 15348 3
 4534 86972 17
 4535 46044 9
 4536 51160 10
 4537 20464 4
 4538 15348 3
 4539 102320 20
 4540 25580 5
 4541 102320 20
 4542 56276 11
 4543 86972 17
 4544 56276 11
 4545 66508 13
 4546 102320 20
 4547 86972 17
 4548 5116 1
 4549 46044 9
 4550 76740 15
 4551 92088 18
 4552 51160 10
 4553 61392 12
 4554 46044 9
 4555 61392 12
 4556 20464 4
 4557 30696 6
 4558 5116 1
 4559 5116 1
 4560 86972 17
 4561 25580 5
 4562 56276 11
 4563 35812 7
 4564 92088 18
 4565 102320 20
 4566 15348 3
 4567 61392 12
 4568 56276 11
 4569 35812 7
 4570 10232 2
 4571 20464 4
 4572 20464 4
 4573 92088 18
 4574 30696 6
 4575 66508 13
 4576 76740 15
 4577 92088 18
 4578 35812 7
 4579 66508 13
 4580 35812 7
 4581 10232 2
 4582 92088 18
 4583 10232 2
 4584 40928 8
 4585 51160 10
 4586 5116 1
 4587 71624 14
 4588 56276 11
 4589 92088 18
 4590 15348 3
 4591 56276 11
 4592 10232 2
 4593 61392 12
 4594 20464 4
 4595 35812 7
 4596 51160 10
 4597 102320 20
 4598 81856 16
 4599 92088 18
 4600 92088 18
 4601 35812 7
 4602 35812 7
 4603 71624 14
 4604 40928 8
 4605 46044 9
 4606 30696 6
 4607 92088 18
 4608 46044 9
 4609 56276 11
 4610 66508 13
 4611 76740 15
 4612 97204 19
 4613 76740 15
 4614 92088 18
 4615 71624 14
 4616 92088 18
 4617 56276 11
 4618 10232 2
 4619 20464 4
 4620 25580 5
 4621 35812 7
 4622 46044 9
 4623 76740 15
 4624 20464 4
 4625 97204 19
 4626 15348 3
 4627 25580 5
 4628 81856 16
 4629 92088 18
 4630 86972 17
 4631 15348 3
 4632 40928 8
 4633 20464 4
 4634 30696 6
 4635 30696 6
 4636 30696 6
 4637 30696 6
 4638 76740 15
 4639 10232 2
 4640 97204 19
 4641 30696 6
 4642 25580 5
 4643 76740 15
 4644 35812 7
 4645 20464 4
 4646 10232 2
 4647 76740 15
 4648 15348 3
 4649 102320 20
 4650 35812 7
 4651 5116 1
 4652 40928 8
 4653 46044 9
 4654 10232 2
 4655 86972 17
 4656 61392 12
 4657 15348 3
 4658 35812 7
 4659 5116 1
 4660 25580 5
 4661 76740 15
 4662 15348 3
 4663 97204 19
 4664 56276 11
 4665 71624 14
 4666 86972 17
 4667 15348 3
 4668 92088 18
 4669 5116 1
 4670 56276 11
 4671 51160 10
 4672 25580 5
 4673 15348 3
 4674 46044 9
 4675 15348 3
 4676 102320 20
 4677 102320 20
 4678 40928 8
 4679 76740 15
 4680 5116 1
 4681 46044 9
 4682 66508 13
 4683 71624 14
 4684 86972 17
 4685 66508 13
 4686 71624 14
 4687 92088 18
 4688 20464 4
 4689 46044 9
 4690 30696 6
 4691 40928 8
 4692 46044 9
 4693 5116 1
 4694 46044 9
 4695 15348 3
 4696 86972 17
 4697 81856 16
 4698 71624 14
 4699 86972 17
 4700 15348 3
 4701 15348 3
 4702 35812 7
 4703 20464 4
 4704 61392 12
 4705 5116 1
 4706 35812 7
 4707 10232 2
 4708 56276 11
 4709 35812 7
 4710 46044 9
 4711 40928 8
 4712 51160 10
 4713 76740 15
 4714 51160 10
 4715 25580 5
 4716 10232 2
 4717 66508 13
 4718 51160 10
 4719 35812 7
 4720 92088 18
 4721 15348 3
 4722 81856 16
 4723 30696 6
 4724 40928 8
 4725 35812 7
 4726 92088 18
 4727 81856 16
 4728 5116 1
 4729 102320 20
 4730 71624 14
 4731 51160 10
 4732 25580 5
 4733 81856 16
 4734 56276 11
 4735 81856 16
 4736 102320 20
 4737 35812 7
 4738 86972 17
 4739 81856 16
 4740 20464 4
 4741 20464 4
 4742 76740 15
 4743 40928 8
 4744 20464 4
 4745 15348 3
 4746 46044 9
 4747 35812 7
 4748 61392 12
 4749 20464 4
 4750 56276 11
 4751 35812 7
 4752 92088 18
 4753 15348 3
 4754 81856 16
 4755 56276 11
 4756 35812 7
 4757 25580 5
 4758 76740 15
 4759 20464 4
 4760 5116 1
 4761 102320 20
 4762 76740 15
 4763 46044 9
 4764 51160 10
 4765 30696 6
 4766 61392 12
 4767 97204 19
 4768 97204 19
 4769 66508 13
 4770 30696 6
 4771 30696 6
 4772 25580 5
 4773 97204 19
 4774 5116 1
 4775 10232 2
 4776 40928 8
 4777 46044 9
 4778 86972 17
 4779 51160 10
 4780 15348 3
 4781 5116 1
 4782 10232 2
 4783 15348 3
 4784 40928 8
 4785 15348 3
 4786 10232 2
 4787 56276 11
 4788 97204 19
 4789 35812 7
 4790 5116 1
 4791 71624 14
 4792 97204 19
 4793 92088 18
 4794 40928 8
 4795 10232 2
 4796 40928 8
 4797 92088 18
 4798 56276 11
 4799 86972 17
 4800 15348 3
 4801 97204 19
 4802 81856 16
 4803 46044 9
 4804 46044 9
 4805 20464 4
 4806 86972 17
 4807 30696 6
 4808 46044 9
 4809 86972 17
 4810 30696 6
 4811 81856 16
 4812 61392 12
 4813 56276 11
 4814 25580 5
 4815 20464 4
 4816 56276 11
 4817 86972 17
 4818 81856 16
 4819 40928 8
 4820 92088 18
 4821 35812 7
 4822 102320 20
 4823 66508 13
 4824 40928 8
 4825 81856 16
 4826 81856 16
 4827 92088 18
 4828 15348 3
 4829 51160 10
 4830 5116 1
 4831 56276 11
 4832 30696 6
 4833 66508 13
 4834 76740 15
 4835 61392 12
 4836 76740 15
 4837 86972 17
 4838 5116 1
 4839 66508 13
 4840 25580 5
 4841 71624 14
 4842 30696 6
 4843 40928 8
 4844 40928 8
 4845 97204 19
 4846 20464 4
 4847 35812 7
 4848 51160 10
 4849 10232 2
 4850 76740 15
 4851 81856 16
 4852 5116 1
 4853 86972 17
 4854 66508 13
 4855 40928 8
 4856 76740 15
 4857 25580 5
 4858 76740 15
 4859 10232 2
 4860 76740 15
 4861 71624 14
 4862 66508 13
 4863 61392 12
 4864 5116 1
 4865 66508 13
 4866 40928 8
 4867 46044 9
 4868 66508 13
 4869 86972 17
 4870 61392 12
 4871 15348 3
 4872 61392 12
 4873 61392 12
 4874 56276 11
 4875 102320 20
 4876 86972 17
 4877 46044 9
 4878 35812 7
 4879 35812 7
 4880 30696 6
 4881 25580 5
 4882 25580 5
 4883 81856 16
 4884 5116 1
 4885 81856 16
 4886 66508 13
 4887 102320 20
 4888 86972 17
 4889 86972 17
 4890 61392 12
 4891 46044 9
 4892 40928 8
 4893 86972 17
 4894 56276 11
 4895 40928 8
 4896 92088 18
 4897 71624 14
 4898 35812 7
 4899 56276 11
 4900 20464 4
 4901 81856 16
 4902 40928 8
 4903 10232 2
 4904 71624 14
 4905 61392 12
 4906 30696 6
 4907 76740 15
 4908 97204 19
 4909 66508 13
 4910 5116 1
 4911 25580 5
 4912 10232 2
 4913 56276 11
 4914 76740 15
 4915 5116 1
 4916 81856 16
 4917 51160 10
 4918 35812 7
 4919 102320 20
 4920 35812 7
 4921 97204 19
 4922 97204 19
 4923 76740 15
 4924 25580 5
 4925 81856 16
 4926 86972 17
 4927 71624 14
 4928 97204 19
 4929 56276 11
 4930 76740 15
 4931 51160 10
 4932 10232 2
 4933 35812 7
 4934 61392 12
 4935 97204 19
 4936 20464 4
 4937 61392 12
 4938 10232 2
 4939 30696 6
 4940 56276 11
 4941 10232 2
 4942 46044 9
 4943 51160 10
 4944 51160 10
 4945 66508 13
 4946 86972 17
 4947 71624 14
 4948 46044 9
 4949 40928 8
 4950 71624 14
 4951 35812 7
 4952 10232 2
 4953 40928 8
 4954 25580 5
 4955 61392 12
 4956 10232 2
 4957 46044 9
 4958 81856 16
 4959 86972 17
 4960 66508 13
 4961 40928 8
 4962 35812 7
 4963 56276 11
 4964 56276 11
 4965 20464 4
 4966 66508 13
 4967 10232 2
 4968 35812 7
 4969 71624 14
 4970 86972 17
 4971 5116 1
 4972 20464 4
 4973 25580 5
 4974 66508 13
 4975 10232 2
 4976 66508 13
 4977 71624 14
 4978 71624 14
 4979 20464 4
 4980 81856 16
 4981 71624 14
 4982 66508 13
 4983 81856 16
 4984 81856 16
 4985 10232 2
 4986 20464 4
 4987 20464 4
 4988 10232 2
 4989 30696 6
 4990 46044 9
 4991 71624 14
 4992 10232 2
 4993 92088 18
 4994 25580 5
 4995 76740 15
 4996 66508 13
 4997 81856 16
 4998 97204 19
 4999 40928 8
 5000 81856 16
 5001 30696 6
 5002 56276 11
 5003 35812 7
 5004 15348 3
 5005 102320 20
 5006 5116 1
 5007 10232 2
 5008 30696 6
 5009 56276 11
 5010 5116 1
 5011 5116 1
 5012 92088 18
 5013 66508 13
 5014 20464 4
 5015 46044 9
 5016 66508 13
 5017 97204 19
 5018 56276 11
 5019 35812 7
 5020 76740 15
 5021 71624 14
 5022 92088 18
 5023 97204 19
 5024 66508 13
 5025 61392 12
 5026 51160 10
 5027 51160 10
 5028 51160 10
 5029 30696 6
 5030 10232 2
 5031 5116 1
 5032 92088 18
 5033 56276 11
 5034 40928 8
 5035 40928 8
 5036 76740 15
 5037 20464 4
 5038 102320 20
 5039 25580 5
 5040 25580 5
 5041 25580 5
 5042 76740 15
 5043 71624 14
 5044 15348 3
 5045 46044 9
 5046 15348 3
 5047 20464 4
 5048 15348 3
 5049 25580 5
 5050 51160 10
 5051 15348 3
 5052 71624 14
 5053 86972 17
 5054 20464 4
 5055 86972 17
 5056 56276 11
 5057 35812 7
 5058 51160 10
 5059 30696 6
 5060 10232 2
 5061 40928 8
 5062 76740 15
 5063 40928 8
 5064 66508 13
 5065 61392 12
 5066 86972 17
 5067 40928 8
 5068 46044 9
 5069 5116 1
 5070 61392 12
 5071 10232 2
 5072 46044 9
 5073 46044 9
 5074 20464 4
 5075 46044 9
 5076 61392 12
 5077 30696 6
 5078 102320 20
 5079 61392 12
 5080 51160 10
 5081 25580 5
 5082 86972 17
 5083 76740 15
 5084 71624 14
 5085 92088 18
 5086 61392 12
 5087 5116 1
 5088 97204 19
 5089 61392 12
 5090 97204 19
 5091 51160 10
 5092 81856 16
 5093 61392 12
 5094 46044 9
 5095 30696 6
 5096 25580 5
 5097 35812 7
 5098 97204 19
 5099 92088 18
 5100 56276 11
 5101 20464 4
 5102 92088 18
 5103 10232 2
 5104 92088 18
 5105 92088 18
 5106 102320 20
 5107 61392 12
 5108 71624 14
 5109 92088 18
 5110 66508 13
 5111 71624 14
 5112 20464 4
 5113 20464 4
 5114 92088 18
 5115 51160 10
 5116 40928 8
20464