5885
 1 76505 13
 2 58850 10
 3 47080 8
 4 11770 2
 5 17655 3
 6 111815 19
 7 111815 19
 8 111815 19
 9 117700 20
 10 88275 15
 11 58850 10
 12 111815 19
 13 88275 15
 14 5885 1
 15 88275 15
 16 94160 16
 17 70620 12
 18 52965 9
 19 41195 7
 20 100045 17
 21 5885 1
 22 76505 13
 23 17655 3
 24 70620 12
 25 105930 18
 26 111815 19
 27 47080 8
 28 82390 14
 29 29425 5
 30 41195 7
 31 41195 7
 32 5885 1
 33 88275 15
 34 23540 4
 35 111815 19
 36 70620 12
 37 117700 20
 38 5885 1
 39 76505 13
 40 105930 18
 41 100045 17
 42 5885 1
 43 117700 20
 44 64735 11
 45 88275 15
 46 11770 2
 47 35310 6
 48 76505 13
 49 29425 5
 50 64735 11
 51 5885 1
 52 64735 11
 53 23540 4
 54 64735 11
 55 70620 12
 56 117700 20
 57 29425 5
 58 17655 3
 59 47080 8
 60 117700 20
 61 111815 19
 62 111815 19
 63 17655 3
 64 47080 8
 65 52965 9
 66 52965 9
 67 94160 16
 68 111815 19
 69 117700 20
 70 117700 20
 71 47080 8
 72 117700 20
 73 17655 3
 74 111815 19
 75 111815 19
 76 105930 18
 77 35310 6
 78 70620 12
 79 117700 20
 80 29425 5
 81 23540 4
 82 58850 10
 83 70620 12
 84 64735 11
 85 58850 10
 86 35310 6
 87 105930 18
 88 35310 6
 89 58850 10
 90 41195 7
 91 117700 20
 92 17655 3
 93 29425 5
 94 23540 4
 95 5885 1
 96 17655 3
 97 70620 12
 98 76505 13
 99 70620 12
 100 76505 13
 101 5885 1
 102 100045 17
 103 52965 9
 104 35310 6
 105 64735 11
 106 76505 13
 107 117700 20
 108 5885 1
 109 88275 15
 110 70620 12
 111 88275 15
 112 17655 3
 113 64735 11
 114 47080 8
 115 105930 18
 116 111815 19
 117 47080 8
 118 5885 1
 119 94160 16
 120 76505 13
 121 35310 6
 122 23540 4
 123 70620 12
 124 100045 17
 125 70620 12
 126 58850 10
 127 111815 19
 128 88275 15
 129 88275 15
 130 88275 15
 131 17655 3
 132 88275 15
 133 82390 14
 134 29425 5
 135 35310 6
 136 23540 4
 137 76505 13
 138 52965 9
 139 117700 20
 140 70620 12
 141 58850 10
 142 17655 3
 143 70620 12
 144 29425 5
 145 52965 9
 146 58850 10
 147 117700 20
 148 5885 1
 149 29425 5
 150 35310 6
 151 70620 12
 152 5885 1
 153 23540 4
 154 70620 12
 155 52965 9
 156 11770 2
 157 5885 1
 158 52965 9
 159 5885 1
 160 17655 3
 161 100045 17
 162 100045 17
 163 82390 14
 164 100045 17
 165 58850 10
 166 70620 12
 167 70620 12
 168 29425 5
 169 41195 7
 170 88275 15
 171 117700 20
 172 35310 6
 173 64735 11
 174 35310 6
 175 82390 14
 176 76505 13
 177 105930 18
 178 47080 8
 179 35310 6
 180 111815 19
 181 94160 16
 182 105930 18
 183 47080 8
 184 47080 8
 185 23540 4
 186 94160 16
 187 111815 19
 188 76505 13
 189 41195 7
 190 82390 14
 191 70620 12
 192 29425 5
 193 17655 3
 194 94160 16
 195 35310 6
 196 70620 12
 197 5885 1
 198 17655 3
 199 41195 7
 200 29425 5
 201 76505 13
 202 64735 11
 203 5885 1
 204 35310 6
 205 117700 20
 206 47080 8
 207 105930 18
 208 117700 20
 209 17655 3
 210 70620 12
 211 105930 18
 212 23540 4
 213 111815 19
 214 5885 1
 215 11770 2
 216 105930 18
 217 41195 7
 218 23540 4
 219 64735 11
 220 82390 14
 221 76505 13
 222 5885 1
 223 117700 20
 224 29425 5
 225 58850 10
 226 5885 1
 227 58850 10
 228 64735 11
 229 76505 13
 230 58850 10
 231 58850 10
 232 35310 6
 233 100045 17
 234 11770 2
 235 23540 4
 236 52965 9
 237 100045 17
 238 94160 16
 239 105930 18
 240 88275 15
 241 64735 11
 242 76505 13
 243 88275 15
 244 17655 3
 245 117700 20
 246 11770 2
 247 117700 20
 248 17655 3
 249 76505 13
 250 117700 20
 251 41195 7
 252 94160 16
 253 100045 17
 254 58850 10
 255 35310 6
 256 117700 20
 257 47080 8
 258 17655 3
 259 23540 4
 260 64735 11
 261 23540 4
 262 41195 7
 263 64735 11
 264 76505 13
 265 29425 5
 266 117700 20
 267 11770 2
 268 70620 12
 269 29425 5
 270 5885 1
 271 41195 7
 272 100045 17
 273 47080 8
 274 41195 7
 275 29425 5
 276 82390 14
 277 64735 11
 278 82390 14
 279 35310 6
 280 52965 9
 281 88275 15
 282 94160 16
 283 64735 11
 284 52965 9
 285 70620 12
 286 17655 3
 287 105930 18
 288 11770 2
 289 111815 19
 290 29425 5
 291 23540 4
 292 23540 4
 293 70620 12
 294 70620 12
 295 41195 7
 296 82390 14
 297 47080 8
 298 88275 15
 299 23540 4
 300 11770 2
 301 23540 4
 302 17655 3
 303 70620 12
 304 64735 11
 305 41195 7
 306 11770 2
 307 41195 7
 308 117700 20
 309 117700 20
 310 47080 8
 311 64735 11
 312 64735 11
 313 35310 6
 314 47080 8
 315 105930 18
 316 52965 9
 317 17655 3
 318 70620 12
 319 11770 2
 320 105930 18
 321 11770 2
 322 100045 17
 323 58850 10
 324 76505 13
 325 29425 5
 326 111815 19
 327 35310 6
 328 41195 7
 329 94160 16
 330 35310 6
 331 58850 10
 332 64735 11
 333 94160 16
 334 64735 11
 335 94160 16
 336 5885 1
 337 41195 7
 338 41195 7
 339 58850 10
 340 11770 2
 341 105930 18
 342 5885 1
 343 117700 20
 344 117700 20
 345 82390 14
 346 94160 16
 347 94160 16
 348 52965 9
 349 117700 20
 350 117700 20
 351 94160 16
 352 23540 4
 353 100045 17
 354 117700 20
 355 82390 14
 356 35310 6
 357 100045 17
 358 111815 19
 359 70620 12
 360 88275 15
 361 88275 15
 362 23540 4
 363 29425 5
 364 111815 19
 365 29425 5
 366 17655 3
 367 47080 8
 368 100045 17
 369 64735 11
 370 70620 12
 371 100045 17
 372 117700 20
 373 111815 19
 374 111815 19
 375 29425 5
 376 94160 16
 377 70620 12
 378 5885 1
 379 94160 16
 380 5885 1
 381 105930 18
 382 5885 1
 383 88275 15
 384 52965 9
 385 100045 17
 386 52965 9
 387 23540 4
 388 29425 5
 389 100045 17
 390 100045 17
 391 100045 17
 392 88275 15
 393 94160 16
 394 70620 12
 395 82390 14
 396 94160 16
 397 82390 14
 398 94160 16
 399 11770 2
 400 111815 19
 401 82390 14
 402 17655 3
 403 23540 4
 404 70620 12
 405 94160 16
 406 41195 7
 407 76505 13
 408 5885 1
 409 64735 11
 410 52965 9
 411 29425 5
 412 94160 16
 413 41195 7
 414 70620 12
 415 35310 6
 416 105930 18
 417 111815 19
 418 76505 13
 419 105930 18
 420 94160 16
 421 17655 3
 422 94160 16
 423 11770 2
 424 35310 6
 425 52965 9
 426 117700 20
 427 5885 1
 428 88275 15
 429 5885 1
 430 76505 13
 431 105930 18
 432 70620 12
 433 117700 20
 434 47080 8
 435 117700 20
 436 94160 16
 437 29425 5
 438 52965 9
 439 29425 5
 440 70620 12
 441 29425 5
 442 64735 11
 443 29425 5
 444 47080 8
 445 76505 13
 446 47080 8
 447 58850 10
 448 82390 14
 449 35310 6
 450 35310 6
 451 5885 1
 452 29425 5
 453 58850 10
 454 111815 19
 455 70620 12
 456 35310 6
 457 35310 6
 458 47080 8
 459 88275 15
 460 76505 13
 461 47080 8
 462 35310 6
 463 117700 20
 464 105930 18
 465 105930 18
 466 111815 19
 467 41195 7
 468 29425 5
 469 5885 1
 470 5885 1
 471 64735 11
 472 23540 4
 473 52965 9
 474 41195 7
 475 35310 6
 476 52965 9
 477 76505 13
 478 23540 4
 479 94160 16
 480 47080 8
 481 23540 4
 482 100045 17
 483 100045 17
 484 29425 5
 485 117700 20
 486 41195 7
 487 100045 17
 488 29425 5
 489 105930 18
 490 111815 19
 491 17655 3
 492 70620 12
 493 5885 1
 494 70620 12
 495 52965 9
 496 64735 11
 497 29425 5
 498 94160 16
 499 105930 18
 500 111815 19
 501 41195 7
 502 88275 15
 503 111815 19
 504 100045 17
 505 117700 20
 506 105930 18
 507 29425 5
 508 82390 14
 509 23540 4
 510 29425 5
 511 88275 15
 512 47080 8
 513 82390 14
 514 82390 14
 515 64735 11
 516 88275 15
 517 64735 11
 518 58850 10
 519 52965 9
 520 52965 9
 521 58850 10
 522 29425 5
 523 52965 9
 524 94160 16
 525 111815 19
 526 88275 15
 527 29425 5
 528 35310 6
 529 41195 7
 530 64735 11
 531 100045 17
 532 111815 19
 533 100045 17
 534 100045 17
 535 76505 13
 536 41195 7
 537 35310 6
 538 5885 1
 539 35310 6
 540 105930 18
 541 5885 1
 542 117700 20
 543 35310 6
 544 82390 14
 545 58850 10
 546 35310 6
 547 17655 3
 548 52965 9
 549 76505 13
 550 58850 10
 551 105930 18
 552 52965 9
 553 17655 3
 554 64735 11
 555 111815 19
 556 88275 15
 557 52965 9
 558 23540 4
 559 58850 10
 560 52965 9
 561 35310 6
 562 35310 6
 563 88275 15
 564 111815 19
 565 70620 12
 566 29425 5
 567 88275 15
 568 11770 2
 569 76505 13
 570 52965 9
 571 52965 9
 572 29425 5
 573 29425 5
 574 52965 9
 575 76505 13
 576 17655 3
 577 117700 20
 578 29425 5
 579 41195 7
 580 17655 3
 581 11770 2
 582 35310 6
 583 29425 5
 584 23540 4
 585 17655 3
 586 17655 3
 587 23540 4
 588 35310 6
 589 41195 7
 590 94160 16
 591 70620 12
 592 5885 1
 593 11770 2
 594 5885 1
 595 11770 2
 596 52965 9
 597 23540 4
 598 76505 13
 599 52965 9
 600 64735 11
 601 70620 12
 602 70620 12
 603 11770 2
 604 111815 19
 605 35310 6
 606 29425 5
 607 29425 5
 608 29425 5
 609 52965 9
 610 105930 18
 611 82390 14
 612 41195 7
 613 47080 8
 614 88275 15
 615 23540 4
 616 117700 20
 617 52965 9
 618 23540 4
 619 52965 9
 620 82390 14
 621 105930 18
 622 35310 6
 623 64735 11
 624 111815 19
 625 105930 18
 626 82390 14
 627 111815 19
 628 82390 14
 629 52965 9
 630 111815 19
 631 70620 12
 632 111815 19
 633 35310 6
 634 76505 13
 635 23540 4
 636 29425 5
 637 88275 15
 638 47080 8
 639 111815 19
 640 117700 20
 641 76505 13
 642 52965 9
 643 29425 5
 644 23540 4
 645 64735 11
 646 5885 1
 647 11770 2
 648 100045 17
 649 11770 2
 650 47080 8
 651 52965 9
 652 5885 1
 653 76505 13
 654 47080 8
 655 64735 11
 656 117700 20
 657 23540 4
 658 82390 14
 659 82390 14
 660 5885 1
 661 82390 14
 662 64735 11
 663 111815 19
 664 82390 14
 665 94160 16
 666 47080 8
 667 100045 17
 668 29425 5
 669 82390 14
 670 11770 2
 671 5885 1
 672 94160 16
 673 47080 8
 674 17655 3
 675 58850 10
 676 88275 15
 677 94160 16
 678 117700 20
 679 17655 3
 680 88275 15
 681 82390 14
 682 11770 2
 683 94160 16
 684 11770 2
 685 29425 5
 686 105930 18
 687 82390 14
 688 17655 3
 689 35310 6
 690 23540 4
 691 82390 14
 692 117700 20
 693 64735 11
 694 11770 2
 695 23540 4
 696 52965 9
 697 117700 20
 698 23540 4
 699 70620 12
 700 100045 17
 701 47080 8
 702 100045 17
 703 5885 1
 704 88275 15
 705 88275 15
 706 105930 18
 707 88275 15
 708 100045 17
 709 17655 3
 710 5885 1
 711 17655 3
 712 88275 15
 713 29425 5
 714 58850 10
 715 88275 15
 716 52965 9
 717 88275 15
 718 52965 9
 719 35310 6
 720 17655 3
 721 105930 18
 722 100045 17
 723 52965 9
 724 111815 19
 725 117700 20
 726 5885 1
 727 52965 9
 728 41195 7
 729 76505 13
 730 11770 2
 731 70620 12
 732 17655 3
 733 105930 18
 734 58850 10
 735 94160 16
 736 47080 8
 737 105930 18
 738 82390 14
 739 5885 1
 740 117700 20
 741 47080 8
 742 23540 4
 743 29425 5
 744 47080 8
 745 23540 4
 746 52965 9
 747 76505 13
 748 117700 20
 749 100045 17
 750 88275 15
 751 117700 20
 752 17655 3
 753 11770 2
 754 29425 5
 755 41195 7
 756 94160 16
 757 82390 14
 758 58850 10
 759 47080 8
 760 11770 2
 761 5885 1
 762 70620 12
 763 64735 11
 764 41195 7
 765 76505 13
 766 17655 3
 767 82390 14
 768 11770 2
 769 47080 8
 770 41195 7
 771 52965 9
 772 23540 4
 773 35310 6
 774 47080 8
 775 82390 14
 776 47080 8
 777 11770 2
 778 100045 17
 779 23540 4
 780 58850 10
 781 82390 14
 782 29425 5
 783 58850 10
 784 58850 10
 785 82390 14
 786 17655 3
 787 94160 16
 788 100045 17
 789 11770 2
 790 88275 15
 791 64735 11
 792 100045 17
 793 117700 20
 794 29425 5
 795 88275 15
 796 64735 11
 797 100045 17
 798 5885 1
 799 88275 15
 800 117700 20
 801 111815 19
 802 47080 8
 803 76505 13
 804 23540 4
 805 94160 16
 806 117700 20
 807 94160 16
 808 58850 10
 809 94160 16
 810 82390 14
 811 70620 12
 812 76505 13
 813 41195 7
 814 94160 16
 815 35310 6
 816 88275 15
 817 64735 11
 818 82390 14
 819 82390 14
 820 58850 10
 821 82390 14
 822 52965 9
 823 58850 10
 824 111815 19
 825 105930 18
 826 11770 2
 827 41195 7
 828 82390 14
 829 94160 16
 830 117700 20
 831 35310 6
 832 64735 11
 833 111815 19
 834 82390 14
 835 5885 1
 836 35310 6
 837 29425 5
 838 23540 4
 839 58850 10
 840 88275 15
 841 11770 2
 842 52965 9
 843 111815 19
 844 5885 1
 845 100045 17
 846 88275 15
 847 82390 14
 848 105930 18
 849 35310 6
 850 100045 17
 851 117700 20
 852 52965 9
 853 111815 19
 854 52965 9
 855 70620 12
 856 17655 3
 857 17655 3
 858 100045 17
 859 100045 17
 860 94160 16
 861 64735 11
 862 105930 18
 863 76505 13
 864 35310 6
 865 29425 5
 866 5885 1
 867 111815 19
 868 35310 6
 869 76505 13
 870 52965 9
 871 17655 3
 872 29425 5
 873 88275 15
 874 117700 20
 875 58850 10
 876 5885 1
 877 100045 17
 878 35310 6
 879 23540 4
 880 117700 20
 881 111815 19
 882 88275 15
 883 82390 14
 884 117700 20
 885 111815 19
 886 76505 13
 887 47080 8
 888 76505 13
 889 111815 19
 890 58850 10
 891 76505 13
 892 17655 3
 893 41195 7
 894 11770 2
 895 35310 6
 896 94160 16
 897 35310 6
 898 82390 14
 899 47080 8
 900 111815 19
 901 64735 11
 902 64735 11
 903 82390 14
 904 111815 19
 905 35310 6
 906 52965 9
 907 100045 17
 908 58850 10
 909 88275 15
 910 64735 11
 911 82390 14
 912 17655 3
 913 58850 10
 914 82390 14
 915 64735 11
 916 94160 16
 917 64735 11
 918 23540 4
 919 52965 9
 920 23540 4
 921 105930 18
 922 52965 9
 923 47080 8
 924 64735 11
 925 88275 15
 926 17655 3
 927 117700 20
 928 94160 16
 929 5885 1
 930 17655 3
 931 111815 19
 932 111815 19
 933 47080 8
 934 5885 1
 935 35310 6
 936 17655 3
 937 88275 15
 938 105930 18
 939 94160 16
 940 105930 18
 941 88275 15
 942 100045 17
 943 76505 13
 944 29425 5
 945 117700 20
 946 94160 16
 947 58850 10
 948 41195 7
 949 17655 3
 950 41195 7
 951 47080 8
 952 105930 18
 953 35310 6
 954 52965 9
 955 94160 16
 956 29425 5
 957 17655 3
 958 23540 4
 959 23540 4
 960 35310 6
 961 41195 7
 962 41195 7
 963 76505 13
 964 41195 7
 965 117700 20
 966 17655 3
 967 64735 11
 968 94160 16
 969 17655 3
 970 70620 12
 971 105930 18
 972 41195 7
 973 41195 7
 974 47080 8
 975 47080 8
 976 47080 8
 977 100045 17
 978 47080 8
 979 47080 8
 980 70620 12
 981 117700 20
 982 105930 18
 983 105930 18
 984 11770 2
 985 94160 16
 986 47080 8
 987 111815 19
 988 105930 18
 989 29425 5
 990 52965 9
 991 88275 15
 992 17655 3
 993 35310 6
 994 76505 13
 995 52965 9
 996 47080 8
 997 17655 3
 998 94160 16
 999 117700 20
 1000 76505 13
 1001 23540 4
 1002 11770 2
 1003 58850 10
 1004 105930 18
 1005 111815 19
 1006 88275 15
 1007 111815 19
 1008 70620 12
 1009 76505 13
 1010 82390 14
 1011 58850 10
 1012 35310 6
 1013 41195 7
 1014 47080 8
 1015 58850 10
 1016 76505 13
 1017 58850 10
 1018 105930 18
 1019 58850 10
 1020 105930 18
 1021 94160 16
 1022 100045 17
 1023 94160 16
 1024 94160 16
 1025 117700 20
 1026 105930 18
 1027 94160 16
 1028 100045 17
 1029 11770 2
 1030 117700 20
 1031 111815 19
 1032 11770 2
 1033 58850 10
 1034 70620 12
 1035 29425 5
 1036 52965 9
 1037 64735 11
 1038 23540 4
 1039 29425 5
 1040 52965 9
 1041 70620 12
 1042 41195 7
 1043 111815 19
 1044 29425 5
 1045 70620 12
 1046 88275 15
 1047 100045 17
 1048 58850 10
 1049 94160 16
 1050 58850 10
 1051 47080 8
 1052 111815 19
 1053 70620 12
 1054 70620 12
 1055 76505 13
 1056 47080 8
 1057 47080 8
 1058 5885 1
 1059 117700 20
 1060 94160 16
 1061 70620 12
 1062 70620 12
 1063 11770 2
 1064 41195 7
 1065 17655 3
 1066 82390 14
 1067 70620 12
 1068 105930 18
 1069 23540 4
 1070 117700 20
 1071 64735 11
 1072 35310 6
 1073 64735 11
 1074 58850 10
 1075 105930 18
 1076 70620 12
 1077 82390 14
 1078 47080 8
 1079 11770 2
 1080 47080 8
 1081 76505 13
 1082 11770 2
 1083 117700 20
 1084 5885 1
 1085 58850 10
 1086 29425 5
 1087 41195 7
 1088 94160 16
 1089 23540 4
 1090 29425 5
 1091 105930 18
 1092 11770 2
 1093 23540 4
 1094 35310 6
 1095 88275 15
 1096 100045 17
 1097 88275 15
 1098 23540 4
 1099 117700 20
 1100 100045 17
 1101 35310 6
 1102 41195 7
 1103 11770 2
 1104 11770 2
 1105 58850 10
 1106 105930 18
 1107 88275 15
 1108 82390 14
 1109 5885 1
 1110 47080 8
 1111 58850 10
 1112 47080 8
 1113 52965 9
 1114 29425 5
 1115 70620 12
 1116 105930 18
 1117 47080 8
 1118 105930 18
 1119 29425 5
 1120 17655 3
 1121 70620 12
 1122 105930 18
 1123 111815 19
 1124 88275 15
 1125 23540 4
 1126 47080 8
 1127 11770 2
 1128 5885 1
 1129 35310 6
 1130 11770 2
 1131 105930 18
 1132 52965 9
 1133 52965 9
 1134 88275 15
 1135 17655 3
 1136 29425 5
 1137 94160 16
 1138 76505 13
 1139 41195 7
 1140 105930 18
 1141 17655 3
 1142 52965 9
 1143 76505 13
 1144 47080 8
 1145 47080 8
 1146 41195 7
 1147 47080 8
 1148 82390 14
 1149 111815 19
 1150 70620 12
 1151 11770 2
 1152 17655 3
 1153 11770 2
 1154 88275 15
 1155 17655 3
 1156 105930 18
 1157 105930 18
 1158 88275 15
 1159 70620 12
 1160 100045 17
 1161 76505 13
 1162 58850 10
 1163 5885 1
 1164 88275 15
 1165 47080 8
 1166 5885 1
 1167 41195 7
 1168 29425 5
 1169 100045 17
 1170 47080 8
 1171 47080 8
 1172 76505 13
 1173 70620 12
 1174 58850 10
 1175 17655 3
 1176 111815 19
 1177 117700 20
 1178 94160 16
 1179 58850 10
 1180 100045 17
 1181 100045 17
 1182 41195 7
 1183 58850 10
 1184 70620 12
 1185 35310 6
 1186 111815 19
 1187 82390 14
 1188 88275 15
 1189 47080 8
 1190 64735 11
 1191 100045 17
 1192 76505 13
 1193 117700 20
 1194 52965 9
 1195 11770 2
 1196 47080 8
 1197 41195 7
 1198 5885 1
 1199 111815 19
 1200 64735 11
 1201 5885 1
 1202 35310 6
 1203 23540 4
 1204 105930 18
 1205 23540 4
 1206 76505 13
 1207 29425 5
 1208 105930 18
 1209 47080 8
 1210 94160 16
 1211 17655 3
 1212 117700 20
 1213 94160 16
 1214 5885 1
 1215 23540 4
 1216 17655 3
 1217 88275 15
 1218 17655 3
 1219 117700 20
 1220 70620 12
 1221 100045 17
 1222 41195 7
 1223 111815 19
 1224 70620 12
 1225 11770 2
 1226 52965 9
 1227 64735 11
 1228 47080 8
 1229 117700 20
 1230 70620 12
 1231 29425 5
 1232 47080 8
 1233 117700 20
 1234 29425 5
 1235 88275 15
 1236 100045 17
 1237 94160 16
 1238 23540 4
 1239 52965 9
 1240 76505 13
 1241 5885 1
 1242 117700 20
 1243 82390 14
 1244 76505 13
 1245 52965 9
 1246 52965 9
 1247 111815 19
 1248 52965 9
 1249 117700 20
 1250 11770 2
 1251 117700 20
 1252 82390 14
 1253 82390 14
 1254 11770 2
 1255 100045 17
 1256 105930 18
 1257 94160 16
 1258 52965 9
 1259 11770 2
 1260 11770 2
 1261 64735 11
 1262 47080 8
 1263 117700 20
 1264 58850 10
 1265 82390 14
 1266 41195 7
 1267 35310 6
 1268 105930 18
 1269 94160 16
 1270 117700 20
 1271 105930 18
 1272 58850 10
 1273 100045 17
 1274 64735 11
 1275 58850 10
 1276 35310 6
 1277 58850 10
 1278 11770 2
 1279 52965 9
 1280 5885 1
 1281 23540 4
 1282 23540 4
 1283 100045 17
 1284 70620 12
 1285 70620 12
 1286 35310 6
 1287 94160 16
 1288 29425 5
 1289 100045 17
 1290 58850 10
 1291 64735 11
 1292 58850 10
 1293 111815 19
 1294 11770 2
 1295 5885 1
 1296 5885 1
 1297 88275 15
 1298 35310 6
 1299 47080 8
 1300 70620 12
 1301 47080 8
 1302 117700 20
 1303 117700 20
 1304 64735 11
 1305 52965 9
 1306 100045 17
 1307 47080 8
 1308 5885 1
 1309 35310 6
 1310 52965 9
 1311 70620 12
 1312 111815 19
 1313 82390 14
 1314 82390 14
 1315 17655 3
 1316 47080 8
 1317 70620 12
 1318 105930 18
 1319 47080 8
 1320 88275 15
 1321 76505 13
 1322 76505 13
 1323 52965 9
 1324 88275 15
 1325 52965 9
 1326 52965 9
 1327 100045 17
 1328 117700 20
 1329 23540 4
 1330 76505 13
 1331 117700 20
 1332 100045 17
 1333 94160 16
 1334 29425 5
 1335 11770 2
 1336 64735 11
 1337 11770 2
 1338 29425 5
 1339 35310 6
 1340 64735 11
 1341 47080 8
 1342 111815 19
 1343 11770 2
 1344 94160 16
 1345 70620 12
 1346 29425 5
 1347 29425 5
 1348 41195 7
 1349 58850 10
 1350 35310 6
 1351 11770 2
 1352 117700 20
 1353 100045 17
 1354 58850 10
 1355 70620 12
 1356 64735 11
 1357 76505 13
 1358 23540 4
 1359 70620 12
 1360 117700 20
 1361 70620 12
 1362 64735 11
 1363 29425 5
 1364 82390 14
 1365 94160 16
 1366 41195 7
 1367 23540 4
 1368 76505 13
 1369 41195 7
 1370 70620 12
 1371 82390 14
 1372 111815 19
 1373 29425 5
 1374 82390 14
 1375 88275 15
 1376 17655 3
 1377 29425 5
 1378 82390 14
 1379 17655 3
 1380 52965 9
 1381 100045 17
 1382 88275 15
 1383 82390 14
 1384 41195 7
 1385 47080 8
 1386 17655 3
 1387 52965 9
 1388 76505 13
 1389 105930 18
 1390 105930 18
 1391 41195 7
 1392 52965 9
 1393 64735 11
 1394 5885 1
 1395 117700 20
 1396 70620 12
 1397 64735 11
 1398 64735 11
 1399 94160 16
 1400 100045 17
 1401 23540 4
 1402 100045 17
 1403 41195 7
 1404 35310 6
 1405 23540 4
 1406 105930 18
 1407 17655 3
 1408 17655 3
 1409 11770 2
 1410 82390 14
 1411 94160 16
 1412 47080 8
 1413 17655 3
 1414 58850 10
 1415 47080 8
 1416 29425 5
 1417 23540 4
 1418 17655 3
 1419 100045 17
 1420 88275 15
 1421 105930 18
 1422 111815 19
 1423 35310 6
 1424 29425 5
 1425 105930 18
 1426 58850 10
 1427 52965 9
 1428 35310 6
 1429 47080 8
 1430 29425 5
 1431 105930 18
 1432 47080 8
 1433 23540 4
 1434 5885 1
 1435 52965 9
 1436 82390 14
 1437 35310 6
 1438 64735 11
 1439 41195 7
 1440 94160 16
 1441 100045 17
 1442 94160 16
 1443 47080 8
 1444 88275 15
 1445 23540 4
 1446 76505 13
 1447 94160 16
 1448 58850 10
 1449 5885 1
 1450 17655 3
 1451 47080 8
 1452 41195 7
 1453 11770 2
 1454 100045 17
 1455 35310 6
 1456 58850 10
 1457 17655 3
 1458 117700 20
 1459 52965 9
 1460 64735 11
 1461 82390 14
 1462 17655 3
 1463 82390 14
 1464 5885 1
 1465 52965 9
 1466 100045 17
 1467 64735 11
 1468 41195 7
 1469 23540 4
 1470 70620 12
 1471 117700 20
 1472 35310 6
 1473 11770 2
 1474 17655 3
 1475 100045 17
 1476 100045 17
 1477 58850 10
 1478 35310 6
 1479 82390 14
 1480 29425 5
 1481 105930 18
 1482 82390 14
 1483 47080 8
 1484 52965 9
 1485 94160 16
 1486 64735 11
 1487 52965 9
 1488 5885 1
 1489 5885 1
 1490 117700 20
 1491 29425 5
 1492 100045 17
 1493 17655 3
 1494 17655 3
 1495 111815 19
 1496 64735 11
 1497 111815 19
 1498 88275 15
 1499 94160 16
 1500 52965 9
 1501 5885 1
 1502 100045 17
 1503 88275 15
 1504 105930 18
 1505 105930 18
 1506 111815 19
 1507 82390 14
 1508 70620 12
 1509 47080 8
 1510 5885 1
 1511 11770 2
 1512 11770 2
 1513 47080 8
 1514 23540 4
 1515 64735 11
 1516 105930 18
 1517 70620 12
 1518 70620 12
 1519 64735 11
 1520 64735 11
 1521 82390 14
 1522 70620 12
 1523 117700 20
 1524 70620 12
 1525 117700 20
 1526 11770 2
 1527 58850 10
 1528 5885 1
 1529 47080 8
 1530 47080 8
 1531 88275 15
 1532 35310 6
 1533 41195 7
 1534 64735 11
 1535 11770 2
 1536 70620 12
 1537 88275 15
 1538 11770 2
 1539 5885 1
 1540 52965 9
 1541 76505 13
 1542 47080 8
 1543 23540 4
 1544 111815 19
 1545 35310 6
 1546 5885 1
 1547 105930 18
 1548 5885 1
 1549 52965 9
 1550 76505 13
 1551 23540 4
 1552 17655 3
 1553 76505 13
 1554 47080 8
 1555 35310 6
 1556 88275 15
 1557 52965 9
 1558 64735 11
 1559 29425 5
 1560 76505 13
 1561 70620 12
 1562 11770 2
 1563 117700 20
 1564 88275 15
 1565 111815 19
 1566 58850 10
 1567 41195 7
 1568 64735 11
 1569 82390 14
 1570 117700 20
 1571 52965 9
 1572 117700 20
 1573 88275 15
 1574 58850 10
 1575 105930 18
 1576 17655 3
 1577 58850 10
 1578 29425 5
 1579 23540 4
 1580 117700 20
 1581 5885 1
 1582 35310 6
 1583 82390 14
 1584 100045 17
 1585 29425 5
 1586 117700 20
 1587 35310 6
 1588 117700 20
 1589 11770 2
 1590 105930 18
 1591 100045 17
 1592 76505 13
 1593 52965 9
 1594 117700 20
 1595 52965 9
 1596 41195 7
 1597 47080 8
 1598 100045 17
 1599 94160 16
 1600 41195 7
 1601 70620 12
 1602 5885 1
 1603 100045 17
 1604 35310 6
 1605 64735 11
 1606 47080 8
 1607 100045 17
 1608 35310 6
 1609 70620 12
 1610 58850 10
 1611 76505 13
 1612 82390 14
 1613 23540 4
 1614 100045 17
 1615 64735 11
 1616 23540 4
 1617 100045 17
 1618 5885 1
 1619 35310 6
 1620 105930 18
 1621 5885 1
 1622 35310 6
 1623 70620 12
 1624 52965 9
 1625 23540 4
 1626 117700 20
 1627 47080 8
 1628 58850 10
 1629 52965 9
 1630 70620 12
 1631 29425 5
 1632 100045 17
 1633 105930 18
 1634 64735 11
 1635 64735 11
 1636 23540 4
 1637 11770 2
 1638 117700 20
 1639 11770 2
 1640 88275 15
 1641 52965 9
 1642 111815 19
 1643 100045 17
 1644 35310 6
 1645 82390 14
 1646 94160 16
 1647 64735 11
 1648 47080 8
 1649 76505 13
 1650 5885 1
 1651 41195 7
 1652 64735 11
 1653 29425 5
 1654 11770 2
 1655 29425 5
 1656 117700 20
 1657 82390 14
 1658 117700 20
 1659 47080 8
 1660 70620 12
 1661 29425 5
 1662 76505 13
 1663 35310 6
 1664 35310 6
 1665 11770 2
 1666 82390 14
 1667 17655 3
 1668 111815 19
 1669 117700 20
 1670 58850 10
 1671 88275 15
 1672 105930 18
 1673 29425 5
 1674 100045 17
 1675 111815 19
 1676 23540 4
 1677 76505 13
 1678 41195 7
 1679 82390 14
 1680 105930 18
 1681 17655 3
 1682 17655 3
 1683 47080 8
 1684 11770 2
 1685 70620 12
 1686 23540 4
 1687 17655 3
 1688 41195 7
 1689 64735 11
 1690 100045 17
 1691 47080 8
 1692 70620 12
 1693 105930 18
 1694 58850 10
 1695 23540 4
 1696 29425 5
 1697 105930 18
 1698 76505 13
 1699 70620 12
 1700 111815 19
 1701 105930 18
 1702 5885 1
 1703 47080 8
 1704 35310 6
 1705 94160 16
 1706 41195 7
 1707 5885 1
 1708 117700 20
 1709 88275 15
 1710 100045 17
 1711 47080 8
 1712 105930 18
 1713 52965 9
 1714 52965 9
 1715 82390 14
 1716 52965 9
 1717 100045 17
 1718 70620 12
 1719 17655 3
 1720 52965 9
 1721 100045 17
 1722 11770 2
 1723 41195 7
 1724 11770 2
 1725 58850 10
 1726 23540 4
 1727 23540 4
 1728 17655 3
 1729 105930 18
 1730 82390 14
 1731 58850 10
 1732 82390 14
 1733 94160 16
 1734 111815 19
 1735 88275 15
 1736 82390 14
 1737 100045 17
 1738 64735 11
 1739 23540 4
 1740 64735 11
 1741 94160 16
 1742 100045 17
 1743 76505 13
 1744 94160 16
 1745 5885 1
 1746 70620 12
 1747 23540 4
 1748 70620 12
 1749 11770 2
 1750 117700 20
 1751 82390 14
 1752 5885 1
 1753 47080 8
 1754 29425 5
 1755 35310 6
 1756 11770 2
 1757 111815 19
 1758 105930 18
 1759 11770 2
 1760 58850 10
 1761 23540 4
 1762 58850 10
 1763 52965 9
 1764 11770 2
 1765 117700 20
 1766 47080 8
 1767 35310 6
 1768 117700 20
 1769 94160 16
 1770 11770 2
 1771 58850 10
 1772 23540 4
 1773 111815 19
 1774 105930 18
 1775 35310 6
 1776 64735 11
 1777 100045 17
 1778 111815 19
 1779 17655 3
 1780 11770 2
 1781 105930 18
 1782 52965 9
 1783 58850 10
 1784 58850 10
 1785 5885 1
 1786 105930 18
 1787 94160 16
 1788 11770 2
 1789 88275 15
 1790 88275 15
 1791 76505 13
 1792 58850 10
 1793 5885 1
 1794 64735 11
 1795 17655 3
 1796 41195 7
 1797 94160 16
 1798 100045 17
 1799 76505 13
 1800 70620 12
 1801 82390 14
 1802 111815 19
 1803 52965 9
 1804 47080 8
 1805 94160 16
 1806 58850 10
 1807 17655 3
 1808 88275 15
 1809 100045 17
 1810 17655 3
 1811 47080 8
 1812 35310 6
 1813 117700 20
 1814 23540 4
 1815 94160 16
 1816 35310 6
 1817 5885 1
 1818 47080 8
 1819 17655 3
 1820 88275 15
 1821 111815 19
 1822 58850 10
 1823 5885 1
 1824 70620 12
 1825 17655 3
 1826 5885 1
 1827 111815 19
 1828 23540 4
 1829 100045 17
 1830 100045 17
 1831 117700 20
 1832 76505 13
 1833 100045 17
 1834 70620 12
 1835 52965 9
 1836 5885 1
 1837 105930 18
 1838 70620 12
 1839 64735 11
 1840 35310 6
 1841 17655 3
 1842 117700 20
 1843 47080 8
 1844 88275 15
 1845 111815 19
 1846 94160 16
 1847 64735 11
 1848 5885 1
 1849 82390 14
 1850 64735 11
 1851 76505 13
 1852 52965 9
 1853 35310 6
 1854 88275 15
 1855 105930 18
 1856 117700 20
 1857 35310 6
 1858 35310 6
 1859 52965 9
 1860 58850 10
 1861 47080 8
 1862 70620 12
 1863 94160 16
 1864 100045 17
 1865 111815 19
 1866 117700 20
 1867 76505 13
 1868 111815 19
 1869 82390 14
 1870 111815 19
 1871 41195 7
 1872 58850 10
 1873 41195 7
 1874 5885 1
 1875 23540 4
 1876 17655 3
 1877 94160 16
 1878 82390 14
 1879 88275 15
 1880 70620 12
 1881 76505 13
 1882 41195 7
 1883 64735 11
 1884 64735 11
 1885 47080 8
 1886 58850 10
 1887 64735 11
 1888 35310 6
 1889 94160 16
 1890 82390 14
 1891 100045 17
 1892 47080 8
 1893 94160 16
 1894 5885 1
 1895 35310 6
 1896 100045 17
 1897 111815 19
 1898 76505 13
 1899 117700 20
 1900 5885 1
 1901 58850 10
 1902 23540 4
 1903 82390 14
 1904 29425 5
 1905 94160 16
 1906 100045 17
 1907 17655 3
 1908 11770 2
 1909 94160 16
 1910 29425 5
 1911 23540 4
 1912 47080 8
 1913 64735 11
 1914 100045 17
 1915 82390 14
 1916 58850 10
 1917 5885 1
 1918 100045 17
 1919 17655 3
 1920 29425 5
 1921 58850 10
 1922 117700 20
 1923 29425 5
 1924 23540 4
 1925 17655 3
 1926 94160 16
 1927 11770 2
 1928 11770 2
 1929 64735 11
 1930 82390 14
 1931 100045 17
 1932 88275 15
 1933 82390 14
 1934 105930 18
 1935 94160 16
 1936 23540 4
 1937 94160 16
 1938 70620 12
 1939 23540 4
 1940 58850 10
 1941 76505 13
 1942 88275 15
 1943 100045 17
 1944 70620 12
 1945 41195 7
 1946 35310 6
 1947 70620 12
 1948 82390 14
 1949 88275 15
 1950 11770 2
 1951 88275 15
 1952 58850 10
 1953 70620 12
 1954 41195 7
 1955 11770 2
 1956 70620 12
 1957 100045 17
 1958 76505 13
 1959 70620 12
 1960 94160 16
 1961 105930 18
 1962 70620 12
 1963 58850 10
 1964 117700 20
 1965 111815 19
 1966 58850 10
 1967 23540 4
 1968 64735 11
 1969 88275 15
 1970 88275 15
 1971 35310 6
 1972 100045 17
 1973 111815 19
 1974 11770 2
 1975 100045 17
 1976 117700 20
 1977 58850 10
 1978 82390 14
 1979 47080 8
 1980 17655 3
 1981 94160 16
 1982 29425 5
 1983 17655 3
 1984 94160 16
 1985 52965 9
 1986 23540 4
 1987 105930 18
 1988 64735 11
 1989 29425 5
 1990 11770 2
 1991 11770 2
 1992 23540 4
 1993 29425 5
 1994 76505 13
 1995 23540 4
 1996 23540 4
 1997 23540 4
 1998 23540 4
 1999 105930 18
 2000 76505 13
 2001 117700 20
 2002 58850 10
 2003 58850 10
 2004 23540 4
 2005 117700 20
 2006 17655 3
 2007 105930 18
 2008 94160 16
 2009 82390 14
 2010 82390 14
 2011 64735 11
 2012 52965 9
 2013 23540 4
 2014 94160 16
 2015 70620 12
 2016 111815 19
 2017 88275 15
 2018 23540 4
 2019 82390 14
 2020 111815 19
 2021 82390 14
 2022 88275 15
 2023 11770 2
 2024 11770 2
 2025 58850 10
 2026 11770 2
 2027 23540 4
 2028 11770 2
 2029 105930 18
 2030 64735 11
 2031 41195 7
 2032 23540 4
 2033 35310 6
 2034 100045 17
 2035 5885 1
 2036 47080 8
 2037 70620 12
 2038 52965 9
 2039 52965 9
 2040 5885 1
 2041 5885 1
 2042 41195 7
 2043 111815 19
 2044 29425 5
 2045 88275 15
 2046 5885 1
 2047 82390 14
 2048 52965 9
 2049 105930 18
 2050 41195 7
 2051 23540 4
 2052 11770 2
 2053 76505 13
 2054 88275 15
 2055 41195 7
 2056 70620 12
 2057 5885 1
 2058 88275 15
 2059 105930 18
 2060 76505 13
 2061 41195 7
 2062 58850 10
 2063 5885 1
 2064 29425 5
 2065 82390 14
 2066 111815 19
 2067 5885 1
 2068 100045 17
 2069 58850 10
 2070 17655 3
 2071 117700 20
 2072 47080 8
 2073 58850 10
 2074 47080 8
 2075 117700 20
 2076 76505 13
 2077 100045 17
 2078 23540 4
 2079 94160 16
 2080 47080 8
 2081 117700 20
 2082 76505 13
 2083 29425 5
 2084 23540 4
 2085 35310 6
 2086 17655 3
 2087 35310 6
 2088 52965 9
 2089 5885 1
 2090 117700 20
 2091 52965 9
 2092 35310 6
 2093 11770 2
 2094 111815 19
 2095 94160 16
 2096 29425 5
 2097 29425 5
 2098 88275 15
 2099 35310 6
 2100 29425 5
 2101 105930 18
 2102 35310 6
 2103 64735 11
 2104 94160 16
 2105 17655 3
 2106 117700 20
 2107 5885 1
 2108 111815 19
 2109 88275 15
 2110 5885 1
 2111 23540 4
 2112 88275 15
 2113 88275 15
 2114 41195 7
 2115 41195 7
 2116 23540 4
 2117 29425 5
 2118 41195 7
 2119 100045 17
 2120 52965 9
 2121 58850 10
 2122 70620 12
 2123 17655 3
 2124 47080 8
 2125 47080 8
 2126 29425 5
 2127 5885 1
 2128 82390 14
 2129 47080 8
 2130 100045 17
 2131 64735 11
 2132 11770 2
 2133 76505 13
 2134 111815 19
 2135 35310 6
 2136 88275 15
 2137 76505 13
 2138 111815 19
 2139 58850 10
 2140 52965 9
 2141 23540 4
 2142 11770 2
 2143 76505 13
 2144 111815 19
 2145 100045 17
 2146 23540 4
 2147 11770 2
 2148 76505 13
 2149 88275 15
 2150 100045 17
 2151 52965 9
 2152 76505 13
 2153 105930 18
 2154 111815 19
 2155 35310 6
 2156 23540 4
 2157 35310 6
 2158 35310 6
 2159 100045 17
 2160 111815 19
 2161 64735 11
 2162 35310 6
 2163 29425 5
 2164 82390 14
 2165 105930 18
 2166 58850 10
 2167 82390 14
 2168 41195 7
 2169 64735 11
 2170 70620 12
 2171 52965 9
 2172 100045 17
 2173 111815 19
 2174 88275 15
 2175 117700 20
 2176 35310 6
 2177 29425 5
 2178 35310 6
 2179 5885 1
 2180 117700 20
 2181 88275 15
 2182 29425 5
 2183 111815 19
 2184 111815 19
 2185 23540 4
 2186 47080 8
 2187 82390 14
 2188 70620 12
 2189 35310 6
 2190 105930 18
 2191 29425 5
 2192 70620 12
 2193 29425 5
 2194 52965 9
 2195 64735 11
 2196 47080 8
 2197 70620 12
 2198 5885 1
 2199 82390 14
 2200 47080 8
 2201 105930 18
 2202 76505 13
 2203 88275 15
 2204 100045 17
 2205 35310 6
 2206 70620 12
 2207 64735 11
 2208 58850 10
 2209 88275 15
 2210 94160 16
 2211 41195 7
 2212 47080 8
 2213 111815 19
 2214 29425 5
 2215 117700 20
 2216 17655 3
 2217 23540 4
 2218 82390 14
 2219 29425 5
 2220 70620 12
 2221 94160 16
 2222 111815 19
 2223 64735 11
 2224 47080 8
 2225 100045 17
 2226 117700 20
 2227 100045 17
 2228 88275 15
 2229 88275 15
 2230 41195 7
 2231 105930 18
 2232 64735 11
 2233 11770 2
 2234 47080 8
 2235 70620 12
 2236 88275 15
 2237 52965 9
 2238 88275 15
 2239 17655 3
 2240 52965 9
 2241 23540 4
 2242 100045 17
 2243 70620 12
 2244 117700 20
 2245 64735 11
 2246 94160 16
 2247 35310 6
 2248 17655 3
 2249 58850 10
 2250 94160 16
 2251 5885 1
 2252 5885 1
 2253 5885 1
 2254 117700 20
 2255 11770 2
 2256 47080 8
 2257 17655 3
 2258 41195 7
 2259 105930 18
 2260 105930 18
 2261 58850 10
 2262 41195 7
 2263 82390 14
 2264 11770 2
 2265 76505 13
 2266 100045 17
 2267 5885 1
 2268 70620 12
 2269 58850 10
 2270 76505 13
 2271 82390 14
 2272 58850 10
 2273 82390 14
 2274 105930 18
 2275 58850 10
 2276 64735 11
 2277 105930 18
 2278 88275 15
 2279 5885 1
 2280 52965 9
 2281 76505 13
 2282 82390 14
 2283 105930 18
 2284 17655 3
 2285 70620 12
 2286 35310 6
 2287 29425 5
 2288 23540 4
 2289 94160 16
 2290 111815 19
 2291 100045 17
 2292 52965 9
 2293 11770 2
 2294 23540 4
 2295 52965 9
 2296 117700 20
 2297 82390 14
 2298 35310 6
 2299 105930 18
 2300 105930 18
 2301 64735 11
 2302 52965 9
 2303 64735 11
 2304 82390 14
 2305 94160 16
 2306 29425 5
 2307 82390 14
 2308 17655 3
 2309 94160 16
 2310 111815 19
 2311 70620 12
 2312 111815 19
 2313 82390 14
 2314 17655 3
 2315 29425 5
 2316 29425 5
 2317 117700 20
 2318 111815 19
 2319 82390 14
 2320 117700 20
 2321 5885 1
 2322 35310 6
 2323 88275 15
 2324 29425 5
 2325 111815 19
 2326 117700 20
 2327 82390 14
 2328 35310 6
 2329 105930 18
 2330 94160 16
 2331 5885 1
 2332 64735 11
 2333 64735 11
 2334 17655 3
 2335 11770 2
 2336 47080 8
 2337 58850 10
 2338 41195 7
 2339 64735 11
 2340 105930 18
 2341 47080 8
 2342 100045 17
 2343 88275 15
 2344 94160 16
 2345 5885 1
 2346 82390 14
 2347 88275 15
 2348 111815 19
 2349 64735 11
 2350 70620 12
 2351 58850 10
 2352 52965 9
 2353 35310 6
 2354 111815 19
 2355 5885 1
 2356 82390 14
 2357 5885 1
 2358 41195 7
 2359 70620 12
 2360 76505 13
 2361 100045 17
 2362 47080 8
 2363 47080 8
 2364 52965 9
 2365 11770 2
 2366 17655 3
 2367 88275 15
 2368 52965 9
 2369 94160 16
 2370 29425 5
 2371 41195 7
 2372 82390 14
 2373 5885 1
 2374 41195 7
 2375 82390 14
 2376 70620 12
 2377 5885 1
 2378 17655 3
 2379 47080 8
 2380 5885 1
 2381 70620 12
 2382 82390 14
 2383 94160 16
 2384 58850 10
 2385 100045 17
 2386 17655 3
 2387 52965 9
 2388 117700 20
 2389 58850 10
 2390 88275 15
 2391 17655 3
 2392 5885 1
 2393 17655 3
 2394 88275 15
 2395 111815 19
 2396 94160 16
 2397 23540 4
 2398 35310 6
 2399 105930 18
 2400 94160 16
 2401 47080 8
 2402 23540 4
 2403 29425 5
 2404 29425 5
 2405 88275 15
 2406 117700 20
 2407 100045 17
 2408 58850 10
 2409 29425 5
 2410 94160 16
 2411 11770 2
 2412 35310 6
 2413 58850 10
 2414 111815 19
 2415 94160 16
 2416 58850 10
 2417 29425 5
 2418 5885 1
 2419 88275 15
 2420 64735 11
 2421 58850 10
 2422 47080 8
 2423 58850 10
 2424 52965 9
 2425 23540 4
 2426 76505 13
 2427 88275 15
 2428 100045 17
 2429 94160 16
 2430 111815 19
 2431 76505 13
 2432 23540 4
 2433 29425 5
 2434 47080 8
 2435 58850 10
 2436 82390 14
 2437 58850 10
 2438 11770 2
 2439 5885 1
 2440 105930 18
 2441 100045 17
 2442 52965 9
 2443 35310 6
 2444 117700 20
 2445 88275 15
 2446 76505 13
 2447 41195 7
 2448 88275 15
 2449 17655 3
 2450 82390 14
 2451 47080 8
 2452 64735 11
 2453 11770 2
 2454 47080 8
 2455 88275 15
 2456 11770 2
 2457 23540 4
 2458 105930 18
 2459 35310 6
 2460 29425 5
 2461 76505 13
 2462 111815 19
 2463 64735 11
 2464 11770 2
 2465 5885 1
 2466 17655 3
 2467 94160 16
 2468 29425 5
 2469 41195 7
 2470 35310 6
 2471 105930 18
 2472 35310 6
 2473 5885 1
 2474 64735 11
 2475 47080 8
 2476 82390 14
 2477 17655 3
 2478 94160 16
 2479 88275 15
 2480 35310 6
 2481 94160 16
 2482 117700 20
 2483 70620 12
 2484 94160 16
 2485 47080 8
 2486 117700 20
 2487 94160 16
 2488 29425 5
 2489 82390 14
 2490 23540 4
 2491 88275 15
 2492 88275 15
 2493 17655 3
 2494 29425 5
 2495 35310 6
 2496 35310 6
 2497 58850 10
 2498 58850 10
 2499 111815 19
 2500 17655 3
 2501 58850 10
 2502 94160 16
 2503 23540 4
 2504 58850 10
 2505 52965 9
 2506 111815 19
 2507 111815 19
 2508 88275 15
 2509 100045 17
 2510 29425 5
 2511 52965 9
 2512 111815 19
 2513 41195 7
 2514 64735 11
 2515 58850 10
 2516 29425 5
 2517 23540 4
 2518 105930 18
 2519 88275 15
 2520 58850 10
 2521 117700 20
 2522 47080 8
 2523 17655 3
 2524 111815 19
 2525 64735 11
 2526 100045 17
 2527 105930 18
 2528 52965 9
 2529 29425 5
 2530 70620 12
 2531 76505 13
 2532 17655 3
 2533 94160 16
 2534 100045 17
 2535 23540 4
 2536 58850 10
 2537 52965 9
 2538 111815 19
 2539 105930 18
 2540 111815 19
 2541 100045 17
 2542 23540 4
 2543 82390 14
 2544 88275 15
 2545 17655 3
 2546 29425 5
 2547 100045 17
 2548 35310 6
 2549 76505 13
 2550 23540 4
 2551 17655 3
 2552 23540 4
 2553 5885 1
 2554 29425 5
 2555 58850 10
 2556 105930 18
 2557 17655 3
 2558 64735 11
 2559 47080 8
 2560 111815 19
 2561 23540 4
 2562 100045 17
 2563 88275 15
 2564 17655 3
 2565 58850 10
 2566 70620 12
 2567 47080 8
 2568 35310 6
 2569 47080 8
 2570 17655 3
 2571 100045 17
 2572 94160 16
 2573 17655 3
 2574 88275 15
 2575 76505 13
 2576 64735 11
 2577 52965 9
 2578 52965 9
 2579 52965 9
 2580 76505 13
 2581 70620 12
 2582 117700 20
 2583 64735 11
 2584 5885 1
 2585 94160 16
 2586 17655 3
 2587 100045 17
 2588 117700 20
 2589 41195 7
 2590 111815 19
 2591 82390 14
 2592 117700 20
 2593 29425 5
 2594 76505 13
 2595 52965 9
 2596 58850 10
 2597 35310 6
 2598 52965 9
 2599 70620 12
 2600 94160 16
 2601 111815 19
 2602 88275 15
 2603 41195 7
 2604 82390 14
 2605 64735 11
 2606 88275 15
 2607 47080 8
 2608 76505 13
 2609 76505 13
 2610 58850 10
 2611 70620 12
 2612 100045 17
 2613 11770 2
 2614 100045 17
 2615 76505 13
 2616 5885 1
 2617 76505 13
 2618 64735 11
 2619 35310 6
 2620 111815 19
 2621 17655 3
 2622 35310 6
 2623 76505 13
 2624 76505 13
 2625 5885 1
 2626 105930 18
 2627 58850 10
 2628 17655 3
 2629 117700 20
 2630 29425 5
 2631 23540 4
 2632 82390 14
 2633 29425 5
 2634 111815 19
 2635 29425 5
 2636 100045 17
 2637 29425 5
 2638 94160 16
 2639 70620 12
 2640 23540 4
 2641 94160 16
 2642 5885 1
 2643 52965 9
 2644 117700 20
 2645 17655 3
 2646 41195 7
 2647 64735 11
 2648 111815 19
 2649 52965 9
 2650 105930 18
 2651 29425 5
 2652 94160 16
 2653 17655 3
 2654 11770 2
 2655 111815 19
 2656 76505 13
 2657 47080 8
 2658 52965 9
 2659 70620 12
 2660 41195 7
 2661 64735 11
 2662 88275 15
 2663 111815 19
 2664 111815 19
 2665 29425 5
 2666 117700 20
 2667 29425 5
 2668 23540 4
 2669 70620 12
 2670 58850 10
 2671 41195 7
 2672 47080 8
 2673 58850 10
 2674 5885 1
 2675 47080 8
 2676 35310 6
 2677 35310 6
 2678 35310 6
 2679 105930 18
 2680 100045 17
 2681 100045 17
 2682 105930 18
 2683 100045 17
 2684 88275 15
 2685 64735 11
 2686 5885 1
 2687 105930 18
 2688 41195 7
 2689 70620 12
 2690 94160 16
 2691 82390 14
 2692 64735 11
 2693 82390 14
 2694 5885 1
 2695 41195 7
 2696 29425 5
 2697 5885 1
 2698 64735 11
 2699 64735 11
 2700 105930 18
 2701 82390 14
 2702 58850 10
 2703 70620 12
 2704 88275 15
 2705 94160 16
 2706 29425 5
 2707 52965 9
 2708 88275 15
 2709 82390 14
 2710 88275 15
 2711 23540 4
 2712 76505 13
 2713 11770 2
 2714 11770 2
 2715 100045 17
 2716 82390 14
 2717 105930 18
 2718 5885 1
 2719 94160 16
 2720 117700 20
 2721 100045 17
 2722 76505 13
 2723 105930 18
 2724 35310 6
 2725 70620 12
 2726 47080 8
 2727 82390 14
 2728 23540 4
 2729 5885 1
 2730 41195 7
 2731 11770 2
 2732 52965 9
 2733 11770 2
 2734 94160 16
 2735 35310 6
 2736 23540 4
 2737 100045 17
 2738 70620 12
 2739 11770 2
 2740 94160 16
 2741 52965 9
 2742 64735 11
 2743 64735 11
 2744 100045 17
 2745 17655 3
 2746 47080 8
 2747 52965 9
 2748 94160 16
 2749 52965 9
 2750 47080 8
 2751 41195 7
 2752 23540 4
 2753 100045 17
 2754 70620 12
 2755 117700 20
 2756 100045 17
 2757 111815 19
 2758 29425 5
 2759 82390 14
 2760 64735 11
 2761 52965 9
 2762 11770 2
 2763 76505 13
 2764 35310 6
 2765 23540 4
 2766 23540 4
 2767 58850 10
 2768 17655 3
 2769 29425 5
 2770 29425 5
 2771 88275 15
 2772 58850 10
 2773 94160 16
 2774 23540 4
 2775 58850 10
 2776 100045 17
 2777 64735 11
 2778 111815 19
 2779 94160 16
 2780 76505 13
 2781 70620 12
 2782 17655 3
 2783 94160 16
 2784 117700 20
 2785 17655 3
 2786 82390 14
 2787 35310 6
 2788 52965 9
 2789 52965 9
 2790 88275 15
 2791 11770 2
 2792 100045 17
 2793 70620 12
 2794 94160 16
 2795 23540 4
 2796 11770 2
 2797 94160 16
 2798 5885 1
 2799 88275 15
 2800 17655 3
 2801 76505 13
 2802 52965 9
 2803 117700 20
 2804 64735 11
 2805 41195 7
 2806 111815 19
 2807 58850 10
 2808 17655 3
 2809 64735 11
 2810 52965 9
 2811 58850 10
 2812 105930 18
 2813 58850 10
 2814 70620 12
 2815 117700 20
 2816 58850 10
 2817 82390 14
 2818 100045 17
 2819 111815 19
 2820 100045 17
 2821 11770 2
 2822 58850 10
 2823 35310 6
 2824 76505 13
 2825 41195 7
 2826 11770 2
 2827 11770 2
 2828 76505 13
 2829 47080 8
 2830 64735 11
 2831 58850 10
 2832 11770 2
 2833 5885 1
 2834 29425 5
 2835 64735 11
 2836 47080 8
 2837 100045 17
 2838 100045 17
 2839 117700 20
 2840 88275 15
 2841 17655 3
 2842 35310 6
 2843 58850 10
 2844 58850 10
 2845 94160 16
 2846 11770 2
 2847 41195 7
 2848 82390 14
 2849 17655 3
 2850 105930 18
 2851 29425 5
 2852 88275 15
 2853 82390 14
 2854 88275 15
 2855 17655 3
 2856 105930 18
 2857 70620 12
 2858 5885 1
 2859 64735 11
 2860 94160 16
 2861 17655 3
 2862 58850 10
 2863 47080 8
 2864 52965 9
 2865 29425 5
 2866 23540 4
 2867 94160 16
 2868 17655 3
 2869 5885 1
 2870 117700 20
 2871 76505 13
 2872 35310 6
 2873 58850 10
 2874 64735 11
 2875 41195 7
 2876 70620 12
 2877 100045 17
 2878 47080 8
 2879 94160 16
 2880 88275 15
 2881 17655 3
 2882 29425 5
 2883 41195 7
 2884 111815 19
 2885 41195 7
 2886 82390 14
 2887 100045 17
 2888 29425 5
 2889 111815 19
 2890 100045 17
 2891 52965 9
 2892 105930 18
 2893 64735 11
 2894 82390 14
 2895 111815 19
 2896 35310 6
 2897 88275 15
 2898 111815 19
 2899 70620 12
 2900 105930 18
 2901 70620 12
 2902 70620 12
 2903 105930 18
 2904 5885 1
 2905 52965 9
 2906 94160 16
 2907 29425 5
 2908 82390 14
 2909 17655 3
 2910 11770 2
 2911 94160 16
 2912 64735 11
 2913 64735 11
 2914 23540 4
 2915 41195 7
 2916 105930 18
 2917 17655 3
 2918 82390 14
 2919 35310 6
 2920 23540 4
 2921 47080 8
 2922 5885 1
 2923 82390 14
 2924 70620 12
 2925 11770 2
 2926 35310 6
 2927 11770 2
 2928 64735 11
 2929 47080 8
 2930 82390 14
 2931 64735 11
 2932 100045 17
 2933 100045 17
 2934 111815 19
 2935 64735 11
 2936 5885 1
 2937 64735 11
 2938 5885 1
 2939 76505 13
 2940 41195 7
 2941 117700 20
 2942 58850 10
 2943 64735 11
 2944 82390 14
 2945 35310 6
 2946 94160 16
 2947 88275 15
 2948 58850 10
 2949 111815 19
 2950 100045 17
 2951 52965 9
 2952 58850 10
 2953 35310 6
 2954 29425 5
 2955 76505 13
 2956 29425 5
 2957 100045 17
 2958 64735 11
 2959 41195 7
 2960 82390 14
 2961 117700 20
 2962 88275 15
 2963 35310 6
 2964 76505 13
 2965 23540 4
 2966 58850 10
 2967 100045 17
 2968 35310 6
 2969 17655 3
 2970 23540 4
 2971 94160 16
 2972 11770 2
 2973 82390 14
 2974 23540 4
 2975 58850 10
 2976 29425 5
 2977 11770 2
 2978 5885 1
 2979 111815 19
 2980 76505 13
 2981 111815 19
 2982 76505 13
 2983 47080 8
 2984 58850 10
 2985 76505 13
 2986 23540 4
 2987 47080 8
 2988 82390 14
 2989 47080 8
 2990 64735 11
 2991 64735 11
 2992 35310 6
 2993 70620 12
 2994 105930 18
 2995 70620 12
 2996 29425 5
 2997 17655 3
 2998 47080 8
 2999 76505 13
 3000 70620 12
 3001 82390 14
 3002 64735 11
 3003 105930 18
 3004 17655 3
 3005 17655 3
 3006 117700 20
 3007 41195 7
 3008 47080 8
 3009 88275 15
 3010 111815 19
 3011 35310 6
 3012 117700 20
 3013 58850 10
 3014 58850 10
 3015 117700 20
 3016 29425 5
 3017 88275 15
 3018 17655 3
 3019 52965 9
 3020 70620 12
 3021 41195 7
 3022 100045 17
 3023 23540 4
 3024 64735 11
 3025 41195 7
 3026 47080 8
 3027 94160 16
 3028 23540 4
 3029 58850 10
 3030 58850 10
 3031 105930 18
 3032 58850 10
 3033 117700 20
 3034 70620 12
 3035 94160 16
 3036 94160 16
 3037 100045 17
 3038 70620 12
 3039 88275 15
 3040 29425 5
 3041 100045 17
 3042 70620 12
 3043 17655 3
 3044 76505 13
 3045 5885 1
 3046 41195 7
 3047 76505 13
 3048 29425 5
 3049 117700 20
 3050 100045 17
 3051 105930 18
 3052 100045 17
 3053 82390 14
 3054 29425 5
 3055 35310 6
 3056 82390 14
 3057 117700 20
 3058 52965 9
 3059 94160 16
 3060 100045 17
 3061 64735 11
 3062 17655 3
 3063 82390 14
 3064 47080 8
 3065 17655 3
 3066 94160 16
 3067 35310 6
 3068 64735 11
 3069 82390 14
 3070 70620 12
 3071 5885 1
 3072 58850 10
 3073 41195 7
 3074 47080 8
 3075 76505 13
 3076 11770 2
 3077 76505 13
 3078 58850 10
 3079 29425 5
 3080 111815 19
 3081 35310 6
 3082 23540 4
 3083 76505 13
 3084 23540 4
 3085 105930 18
 3086 76505 13
 3087 64735 11
 3088 94160 16
 3089 76505 13
 3090 76505 13
 3091 105930 18
 3092 17655 3
 3093 17655 3
 3094 111815 19
 3095 47080 8
 3096 17655 3
 3097 52965 9
 3098 64735 11
 3099 52965 9
 3100 41195 7
 3101 35310 6
 3102 105930 18
 3103 35310 6
 3104 70620 12
 3105 17655 3
 3106 82390 14
 3107 17655 3
 3108 11770 2
 3109 88275 15
 3110 100045 17
 3111 47080 8
 3112 82390 14
 3113 111815 19
 3114 11770 2
 3115 82390 14
 3116 64735 11
 3117 23540 4
 3118 35310 6
 3119 11770 2
 3120 23540 4
 3121 94160 16
 3122 11770 2
 3123 17655 3
 3124 11770 2
 3125 64735 11
 3126 41195 7
 3127 58850 10
 3128 52965 9
 3129 11770 2
 3130 76505 13
 3131 41195 7
 3132 94160 16
 3133 70620 12
 3134 58850 10
 3135 105930 18
 3136 82390 14
 3137 35310 6
 3138 35310 6
 3139 35310 6
 3140 94160 16
 3141 11770 2
 3142 94160 16
 3143 23540 4
 3144 52965 9
 3145 58850 10
 3146 47080 8
 3147 35310 6
 3148 17655 3
 3149 52965 9
 3150 23540 4
 3151 35310 6
 3152 100045 17
 3153 11770 2
 3154 17655 3
 3155 11770 2
 3156 64735 11
 3157 11770 2
 3158 70620 12
 3159 41195 7
 3160 82390 14
 3161 23540 4
 3162 94160 16
 3163 82390 14
 3164 41195 7
 3165 52965 9
 3166 70620 12
 3167 88275 15
 3168 23540 4
 3169 17655 3
 3170 41195 7
 3171 82390 14
 3172 23540 4
 3173 17655 3
 3174 105930 18
 3175 94160 16
 3176 117700 20
 3177 94160 16
 3178 47080 8
 3179 23540 4
 3180 64735 11
 3181 52965 9
 3182 76505 13
 3183 94160 16
 3184 52965 9
 3185 35310 6
 3186 82390 14
 3187 100045 17
 3188 23540 4
 3189 88275 15
 3190 64735 11
 3191 76505 13
 3192 100045 17
 3193 52965 9
 3194 111815 19
 3195 29425 5
 3196 105930 18
 3197 88275 15
 3198 117700 20
 3199 76505 13
 3200 64735 11
 3201 5885 1
 3202 105930 18
 3203 29425 5
 3204 105930 18
 3205 105930 18
 3206 64735 11
 3207 11770 2
 3208 23540 4
 3209 70620 12
 3210 111815 19
 3211 11770 2
 3212 35310 6
 3213 58850 10
 3214 5885 1
 3215 47080 8
 3216 117700 20
 3217 70620 12
 3218 100045 17
 3219 35310 6
 3220 105930 18
 3221 29425 5
 3222 5885 1
 3223 88275 15
 3224 29425 5
 3225 105930 18
 3226 41195 7
 3227 47080 8
 3228 11770 2
 3229 58850 10
 3230 70620 12
 3231 88275 15
 3232 100045 17
 3233 100045 17
 3234 11770 2
 3235 29425 5
 3236 105930 18
 3237 88275 15
 3238 5885 1
 3239 5885 1
 3240 100045 17
 3241 23540 4
 3242 29425 5
 3243 82390 14
 3244 100045 17
 3245 35310 6
 3246 100045 17
 3247 17655 3
 3248 111815 19
 3249 70620 12
 3250 11770 2
 3251 47080 8
 3252 76505 13
 3253 52965 9
 3254 58850 10
 3255 117700 20
 3256 23540 4
 3257 88275 15
 3258 17655 3
 3259 11770 2
 3260 5885 1
 3261 17655 3
 3262 11770 2
 3263 47080 8
 3264 58850 10
 3265 111815 19
 3266 17655 3
 3267 117700 20
 3268 23540 4
 3269 111815 19
 3270 88275 15
 3271 94160 16
 3272 35310 6
 3273 76505 13
 3274 11770 2
 3275 52965 9
 3276 76505 13
 3277 64735 11
 3278 105930 18
 3279 23540 4
 3280 5885 1
 3281 41195 7
 3282 88275 15
 3283 100045 17
 3284 5885 1
 3285 94160 16
 3286 35310 6
 3287 111815 19
 3288 76505 13
 3289 88275 15
 3290 29425 5
 3291 100045 17
 3292 82390 14
 3293 111815 19
 3294 70620 12
 3295 11770 2
 3296 29425 5
 3297 23540 4
 3298 76505 13
 3299 58850 10
 3300 64735 11
 3301 41195 7
 3302 17655 3
 3303 11770 2
 3304 58850 10
 3305 41195 7
 3306 58850 10
 3307 29425 5
 3308 117700 20
 3309 5885 1
 3310 23540 4
 3311 117700 20
 3312 94160 16
 3313 52965 9
 3314 64735 11
 3315 35310 6
 3316 41195 7
 3317 117700 20
 3318 94160 16
 3319 70620 12
 3320 47080 8
 3321 47080 8
 3322 117700 20
 3323 111815 19
 3324 41195 7
 3325 23540 4
 3326 52965 9
 3327 70620 12
 3328 94160 16
 3329 23540 4
 3330 5885 1
 3331 117700 20
 3332 70620 12
 3333 100045 17
 3334 88275 15
 3335 47080 8
 3336 23540 4
 3337 76505 13
 3338 29425 5
 3339 11770 2
 3340 5885 1
 3341 100045 17
 3342 35310 6
 3343 76505 13
 3344 58850 10
 3345 88275 15
 3346 76505 13
 3347 64735 11
 3348 11770 2
 3349 88275 15
 3350 111815 19
 3351 94160 16
 3352 17655 3
 3353 41195 7
 3354 58850 10
 3355 58850 10
 3356 5885 1
 3357 11770 2
 3358 105930 18
 3359 64735 11
 3360 35310 6
 3361 58850 10
 3362 11770 2
 3363 41195 7
 3364 105930 18
 3365 105930 18
 3366 76505 13
 3367 47080 8
 3368 23540 4
 3369 88275 15
 3370 82390 14
 3371 29425 5
 3372 94160 16
 3373 111815 19
 3374 47080 8
 3375 88275 15
 3376 88275 15
 3377 47080 8
 3378 100045 17
 3379 117700 20
 3380 117700 20
 3381 70620 12
 3382 70620 12
 3383 41195 7
 3384 29425 5
 3385 23540 4
 3386 17655 3
 3387 35310 6
 3388 58850 10
 3389 82390 14
 3390 41195 7
 3391 111815 19
 3392 17655 3
 3393 58850 10
 3394 82390 14
 3395 35310 6
 3396 58850 10
 3397 41195 7
 3398 64735 11
 3399 117700 20
 3400 29425 5
 3401 52965 9
 3402 82390 14
 3403 47080 8
 3404 47080 8
 3405 17655 3
 3406 35310 6
 3407 11770 2
 3408 100045 17
 3409 100045 17
 3410 23540 4
 3411 111815 19
 3412 47080 8
 3413 111815 19
 3414 29425 5
 3415 29425 5
 3416 76505 13
 3417 82390 14
 3418 105930 18
 3419 70620 12
 3420 82390 14
 3421 76505 13
 3422 70620 12
 3423 47080 8
 3424 111815 19
 3425 82390 14
 3426 111815 19
 3427 52965 9
 3428 23540 4
 3429 11770 2
 3430 35310 6
 3431 52965 9
 3432 17655 3
 3433 100045 17
 3434 70620 12
 3435 117700 20
 3436 76505 13
 3437 88275 15
 3438 23540 4
 3439 58850 10
 3440 5885 1
 3441 94160 16
 3442 35310 6
 3443 70620 12
 3444 105930 18
 3445 70620 12
 3446 64735 11
 3447 41195 7
 3448 35310 6
 3449 117700 20
 3450 5885 1
 3451 52965 9
 3452 11770 2
 3453 64735 11
 3454 88275 15
 3455 64735 11
 3456 41195 7
 3457 117700 20
 3458 41195 7
 3459 117700 20
 3460 35310 6
 3461 35310 6
 3462 88275 15
 3463 88275 15
 3464 105930 18
 3465 41195 7
 3466 76505 13
 3467 82390 14
 3468 41195 7
 3469 111815 19
 3470 29425 5
 3471 58850 10
 3472 52965 9
 3473 88275 15
 3474 105930 18
 3475 11770 2
 3476 17655 3
 3477 47080 8
 3478 117700 20
 3479 58850 10
 3480 94160 16
 3481 76505 13
 3482 100045 17
 3483 117700 20
 3484 41195 7
 3485 76505 13
 3486 94160 16
 3487 5885 1
 3488 100045 17
 3489 52965 9
 3490 64735 11
 3491 100045 17
 3492 29425 5
 3493 76505 13
 3494 17655 3
 3495 5885 1
 3496 47080 8
 3497 58850 10
 3498 64735 11
 3499 82390 14
 3500 17655 3
 3501 100045 17
 3502 17655 3
 3503 105930 18
 3504 17655 3
 3505 105930 18
 3506 94160 16
 3507 117700 20
 3508 11770 2
 3509 111815 19
 3510 41195 7
 3511 70620 12
 3512 17655 3
 3513 52965 9
 3514 94160 16
 3515 82390 14
 3516 17655 3
 3517 64735 11
 3518 111815 19
 3519 76505 13
 3520 100045 17
 3521 82390 14
 3522 5885 1
 3523 41195 7
 3524 11770 2
 3525 117700 20
 3526 117700 20
 3527 105930 18
 3528 29425 5
 3529 105930 18
 3530 94160 16
 3531 111815 19
 3532 29425 5
 3533 5885 1
 3534 47080 8
 3535 117700 20
 3536 76505 13
 3537 111815 19
 3538 23540 4
 3539 76505 13
 3540 29425 5
 3541 111815 19
 3542 47080 8
 3543 111815 19
 3544 5885 1
 3545 117700 20
 3546 47080 8
 3547 17655 3
 3548 47080 8
 3549 105930 18
 3550 52965 9
 3551 94160 16
 3552 5885 1
 3553 47080 8
 3554 105930 18
 3555 35310 6
 3556 47080 8
 3557 17655 3
 3558 5885 1
 3559 58850 10
 3560 47080 8
 3561 52965 9
 3562 52965 9
 3563 100045 17
 3564 35310 6
 3565 105930 18
 3566 11770 2
 3567 5885 1
 3568 82390 14
 3569 47080 8
 3570 88275 15
 3571 100045 17
 3572 23540 4
 3573 70620 12
 3574 100045 17
 3575 5885 1
 3576 76505 13
 3577 82390 14
 3578 23540 4
 3579 88275 15
 3580 94160 16
 3581 100045 17
 3582 70620 12
 3583 117700 20
 3584 47080 8
 3585 23540 4
 3586 17655 3
 3587 41195 7
 3588 82390 14
 3589 76505 13
 3590 58850 10
 3591 29425 5
 3592 52965 9
 3593 88275 15
 3594 52965 9
 3595 41195 7
 3596 52965 9
 3597 47080 8
 3598 11770 2
 3599 76505 13
 3600 70620 12
 3601 105930 18
 3602 70620 12
 3603 58850 10
 3604 64735 11
 3605 64735 11
 3606 23540 4
 3607 17655 3
 3608 5885 1
 3609 105930 18
 3610 100045 17
 3611 76505 13
 3612 52965 9
 3613 29425 5
 3614 64735 11
 3615 58850 10
 3616 70620 12
 3617 35310 6
 3618 41195 7
 3619 105930 18
 3620 11770 2
 3621 58850 10
 3622 117700 20
 3623 11770 2
 3624 88275 15
 3625 76505 13
 3626 58850 10
 3627 88275 15
 3628 11770 2
 3629 76505 13
 3630 23540 4
 3631 58850 10
 3632 17655 3
 3633 94160 16
 3634 23540 4
 3635 76505 13
 3636 29425 5
 3637 64735 11
 3638 100045 17
 3639 76505 13
 3640 41195 7
 3641 94160 16
 3642 11770 2
 3643 88275 15
 3644 76505 13
 3645 29425 5
 3646 5885 1
 3647 29425 5
 3648 35310 6
 3649 70620 12
 3650 11770 2
 3651 23540 4
 3652 111815 19
 3653 117700 20
 3654 58850 10
 3655 82390 14
 3656 29425 5
 3657 117700 20
 3658 11770 2
 3659 70620 12
 3660 17655 3
 3661 52965 9
 3662 29425 5
 3663 29425 5
 3664 52965 9
 3665 94160 16
 3666 64735 11
 3667 23540 4
 3668 76505 13
 3669 35310 6
 3670 47080 8
 3671 94160 16
 3672 64735 11
 3673 41195 7
 3674 58850 10
 3675 100045 17
 3676 64735 11
 3677 64735 11
 3678 88275 15
 3679 82390 14
 3680 94160 16
 3681 58850 10
 3682 5885 1
 3683 70620 12
 3684 17655 3
 3685 88275 15
 3686 94160 16
 3687 76505 13
 3688 17655 3
 3689 17655 3
 3690 100045 17
 3691 23540 4
 3692 47080 8
 3693 5885 1
 3694 88275 15
 3695 82390 14
 3696 82390 14
 3697 100045 17
 3698 70620 12
 3699 94160 16
 3700 52965 9
 3701 76505 13
 3702 58850 10
 3703 52965 9
 3704 41195 7
 3705 52965 9
 3706 17655 3
 3707 76505 13
 3708 76505 13
 3709 47080 8
 3710 70620 12
 3711 82390 14
 3712 17655 3
 3713 76505 13
 3714 52965 9
 3715 5885 1
 3716 94160 16
 3717 82390 14
 3718 58850 10
 3719 11770 2
 3720 70620 12
 3721 94160 16
 3722 105930 18
 3723 35310 6
 3724 52965 9
 3725 100045 17
 3726 105930 18
 3727 41195 7
 3728 117700 20
 3729 94160 16
 3730 76505 13
 3731 29425 5
 3732 52965 9
 3733 117700 20
 3734 52965 9
 3735 94160 16
 3736 29425 5
 3737 47080 8
 3738 11770 2
 3739 23540 4
 3740 11770 2
 3741 76505 13
 3742 100045 17
 3743 5885 1
 3744 82390 14
 3745 52965 9
 3746 117700 20
 3747 41195 7
 3748 111815 19
 3749 47080 8
 3750 64735 11
 3751 23540 4
 3752 88275 15
 3753 5885 1
 3754 58850 10
 3755 117700 20
 3756 23540 4
 3757 70620 12
 3758 88275 15
 3759 17655 3
 3760 64735 11
 3761 88275 15
 3762 117700 20
 3763 82390 14
 3764 76505 13
 3765 29425 5
 3766 70620 12
 3767 5885 1
 3768 52965 9
 3769 29425 5
 3770 64735 11
 3771 111815 19
 3772 23540 4
 3773 29425 5
 3774 29425 5
 3775 47080 8
 3776 35310 6
 3777 70620 12
 3778 5885 1
 3779 70620 12
 3780 35310 6
 3781 35310 6
 3782 82390 14
 3783 35310 6
 3784 94160 16
 3785 70620 12
 3786 117700 20
 3787 94160 16
 3788 111815 19
 3789 105930 18
 3790 100045 17
 3791 70620 12
 3792 23540 4
 3793 11770 2
 3794 29425 5
 3795 70620 12
 3796 41195 7
 3797 58850 10
 3798 35310 6
 3799 5885 1
 3800 111815 19
 3801 5885 1
 3802 64735 11
 3803 105930 18
 3804 64735 11
 3805 82390 14
 3806 47080 8
 3807 82390 14
 3808 47080 8
 3809 29425 5
 3810 76505 13
 3811 52965 9
 3812 100045 17
 3813 5885 1
 3814 17655 3
 3815 41195 7
 3816 111815 19
 3817 117700 20
 3818 111815 19
 3819 11770 2
 3820 23540 4
 3821 88275 15
 3822 11770 2
 3823 41195 7
 3824 111815 19
 3825 29425 5
 3826 41195 7
 3827 5885 1
 3828 82390 14
 3829 41195 7
 3830 70620 12
 3831 52965 9
 3832 5885 1
 3833 94160 16
 3834 117700 20
 3835 23540 4
 3836 88275 15
 3837 41195 7
 3838 23540 4
 3839 94160 16
 3840 52965 9
 3841 82390 14
 3842 111815 19
 3843 117700 20
 3844 23540 4
 3845 41195 7
 3846 100045 17
 3847 100045 17
 3848 17655 3
 3849 58850 10
 3850 76505 13
 3851 52965 9
 3852 105930 18
 3853 64735 11
 3854 23540 4
 3855 88275 15
 3856 52965 9
 3857 88275 15
 3858 88275 15
 3859 82390 14
 3860 35310 6
 3861 47080 8
 3862 58850 10
 3863 5885 1
 3864 5885 1
 3865 94160 16
 3866 100045 17
 3867 11770 2
 3868 70620 12
 3869 117700 20
 3870 47080 8
 3871 111815 19
 3872 47080 8
 3873 94160 16
 3874 111815 19
 3875 88275 15
 3876 35310 6
 3877 64735 11
 3878 88275 15
 3879 23540 4
 3880 17655 3
 3881 64735 11
 3882 100045 17
 3883 64735 11
 3884 100045 17
 3885 23540 4
 3886 52965 9
 3887 11770 2
 3888 52965 9
 3889 35310 6
 3890 58850 10
 3891 35310 6
 3892 58850 10
 3893 94160 16
 3894 5885 1
 3895 58850 10
 3896 82390 14
 3897 29425 5
 3898 76505 13
 3899 47080 8
 3900 111815 19
 3901 117700 20
 3902 47080 8
 3903 23540 4
 3904 41195 7
 3905 105930 18
 3906 29425 5
 3907 47080 8
 3908 76505 13
 3909 29425 5
 3910 100045 17
 3911 70620 12
 3912 17655 3
 3913 94160 16
 3914 70620 12
 3915 82390 14
 3916 52965 9
 3917 100045 17
 3918 11770 2
 3919 64735 11
 3920 70620 12
 3921 47080 8
 3922 23540 4
 3923 11770 2
 3924 17655 3
 3925 35310 6
 3926 58850 10
 3927 52965 9
 3928 17655 3
 3929 70620 12
 3930 29425 5
 3931 47080 8
 3932 41195 7
 3933 17655 3
 3934 11770 2
 3935 47080 8
 3936 94160 16
 3937 17655 3
 3938 117700 20
 3939 17655 3
 3940 5885 1
 3941 58850 10
 3942 52965 9
 3943 70620 12
 3944 117700 20
 3945 23540 4
 3946 70620 12
 3947 111815 19
 3948 70620 12
 3949 11770 2
 3950 52965 9
 3951 52965 9
 3952 11770 2
 3953 58850 10
 3954 111815 19
 3955 64735 11
 3956 58850 10
 3957 111815 19
 3958 47080 8
 3959 64735 11
 3960 58850 10
 3961 111815 19
 3962 100045 17
 3963 117700 20
 3964 94160 16
 3965 11770 2
 3966 29425 5
 3967 23540 4
 3968 117700 20
 3969 47080 8
 3970 5885 1
 3971 94160 16
 3972 29425 5
 3973 82390 14
 3974 100045 17
 3975 88275 15
 3976 29425 5
 3977 11770 2
 3978 94160 16
 3979 70620 12
 3980 41195 7
 3981 41195 7
 3982 88275 15
 3983 111815 19
 3984 11770 2
 3985 117700 20
 3986 23540 4
 3987 70620 12
 3988 5885 1
 3989 94160 16
 3990 94160 16
 3991 82390 14
 3992 17655 3
 3993 5885 1
 3994 29425 5
 3995 76505 13
 3996 76505 13
 3997 105930 18
 3998 82390 14
 3999 52965 9
 4000 70620 12
 4001 58850 10
 4002 82390 14
 4003 117700 20
 4004 17655 3
 4005 117700 20
 4006 35310 6
 4007 111815 19
 4008 29425 5
 4009 17655 3
 4010 105930 18
 4011 5885 1
 4012 23540 4
 4013 76505 13
 4014 5885 1
 4015 105930 18
 4016 105930 18
 4017 111815 19
 4018 105930 18
 4019 41195 7
 4020 100045 17
 4021 29425 5
 4022 5885 1
 4023 29425 5
 4024 52965 9
 4025 11770 2
 4026 64735 11
 4027 100045 17
 4028 47080 8
 4029 23540 4
 4030 58850 10
 4031 105930 18
 4032 94160 16
 4033 88275 15
 4034 17655 3
 4035 5885 1
 4036 94160 16
 4037 11770 2
 4038 47080 8
 4039 117700 20
 4040 29425 5
 4041 94160 16
 4042 5885 1
 4043 5885 1
 4044 11770 2
 4045 5885 1
 4046 11770 2
 4047 100045 17
 4048 23540 4
 4049 35310 6
 4050 35310 6
 4051 88275 15
 4052 5885 1
 4053 70620 12
 4054 47080 8
 4055 105930 18
 4056 17655 3
 4057 105930 18
 4058 82390 14
 4059 5885 1
 4060 105930 18
 4061 82390 14
 4062 52965 9
 4063 23540 4
 4064 58850 10
 4065 64735 11
 4066 41195 7
 4067 94160 16
 4068 29425 5
 4069 58850 10
 4070 105930 18
 4071 11770 2
 4072 23540 4
 4073 35310 6
 4074 11770 2
 4075 82390 14
 4076 117700 20
 4077 100045 17
 4078 52965 9
 4079 52965 9
 4080 105930 18
 4081 70620 12
 4082 41195 7
 4083 105930 18
 4084 47080 8
 4085 29425 5
 4086 100045 17
 4087 82390 14
 4088 70620 12
 4089 11770 2
 4090 117700 20
 4091 47080 8
 4092 47080 8
 4093 82390 14
 4094 58850 10
 4095 35310 6
 4096 52965 9
 4097 70620 12
 4098 23540 4
 4099 23540 4
 4100 17655 3
 4101 29425 5
 4102 47080 8
 4103 11770 2
 4104 5885 1
 4105 17655 3
 4106 58850 10
 4107 94160 16
 4108 58850 10
 4109 100045 17
 4110 100045 17
 4111 70620 12
 4112 41195 7
 4113 23540 4
 4114 58850 10
 4115 82390 14
 4116 100045 17
 4117 111815 19
 4118 41195 7
 4119 82390 14
 4120 58850 10
 4121 100045 17
 4122 41195 7
 4123 58850 10
 4124 52965 9
 4125 88275 15
 4126 41195 7
 4127 47080 8
 4128 88275 15
 4129 41195 7
 4130 29425 5
 4131 52965 9
 4132 70620 12
 4133 29425 5
 4134 23540 4
 4135 94160 16
 4136 41195 7
 4137 70620 12
 4138 94160 16
 4139 11770 2
 4140 105930 18
 4141 117700 20
 4142 17655 3
 4143 23540 4
 4144 11770 2
 4145 111815 19
 4146 70620 12
 4147 47080 8
 4148 70620 12
 4149 94160 16
 4150 47080 8
 4151 58850 10
 4152 41195 7
 4153 5885 1
 4154 111815 19
 4155 23540 4
 4156 58850 10
 4157 58850 10
 4158 82390 14
 4159 58850 10
 4160 17655 3
 4161 111815 19
 4162 105930 18
 4163 76505 13
 4164 64735 11
 4165 117700 20
 4166 100045 17
 4167 41195 7
 4168 64735 11
 4169 70620 12
 4170 82390 14
 4171 117700 20
 4172 100045 17
 4173 17655 3
 4174 64735 11
 4175 64735 11
 4176 11770 2
 4177 58850 10
 4178 11770 2
 4179 111815 19
 4180 105930 18
 4181 47080 8
 4182 17655 3
 4183 58850 10
 4184 64735 11
 4185 82390 14
 4186 35310 6
 4187 76505 13
 4188 41195 7
 4189 35310 6
 4190 17655 3
 4191 17655 3
 4192 41195 7
 4193 64735 11
 4194 117700 20
 4195 88275 15
 4196 88275 15
 4197 58850 10
 4198 5885 1
 4199 11770 2
 4200 111815 19
 4201 17655 3
 4202 100045 17
 4203 82390 14
 4204 11770 2
 4205 82390 14
 4206 94160 16
 4207 94160 16
 4208 17655 3
 4209 82390 14
 4210 117700 20
 4211 64735 11
 4212 70620 12
 4213 82390 14
 4214 35310 6
 4215 64735 11
 4216 70620 12
 4217 23540 4
 4218 82390 14
 4219 58850 10
 4220 58850 10
 4221 100045 17
 4222 17655 3
 4223 105930 18
 4224 100045 17
 4225 111815 19
 4226 41195 7
 4227 29425 5
 4228 76505 13
 4229 29425 5
 4230 70620 12
 4231 105930 18
 4232 64735 11
 4233 23540 4
 4234 47080 8
 4235 117700 20
 4236 76505 13
 4237 35310 6
 4238 11770 2
 4239 17655 3
 4240 82390 14
 4241 52965 9
 4242 41195 7
 4243 41195 7
 4244 58850 10
 4245 70620 12
 4246 82390 14
 4247 88275 15
 4248 82390 14
 4249 5885 1
 4250 11770 2
 4251 64735 11
 4252 111815 19
 4253 17655 3
 4254 64735 11
 4255 29425 5
 4256 29425 5
 4257 105930 18
 4258 88275 15
 4259 5885 1
 4260 105930 18
 4261 82390 14
 4262 94160 16
 4263 111815 19
 4264 70620 12
 4265 47080 8
 4266 17655 3
 4267 111815 19
 4268 29425 5
 4269 47080 8
 4270 76505 13
 4271 41195 7
 4272 64735 11
 4273 11770 2
 4274 58850 10
 4275 41195 7
 4276 117700 20
 4277 82390 14
 4278 5885 1
 4279 70620 12
 4280 76505 13
 4281 47080 8
 4282 5885 1
 4283 58850 10
 4284 17655 3
 4285 47080 8
 4286 52965 9
 4287 94160 16
 4288 105930 18
 4289 23540 4
 4290 41195 7
 4291 111815 19
 4292 58850 10
 4293 58850 10
 4294 52965 9
 4295 41195 7
 4296 11770 2
 4297 64735 11
 4298 52965 9
 4299 70620 12
 4300 47080 8
 4301 64735 11
 4302 64735 11
 4303 111815 19
 4304 11770 2
 4305 58850 10
 4306 88275 15
 4307 105930 18
 4308 11770 2
 4309 64735 11
 4310 5885 1
 4311 111815 19
 4312 64735 11
 4313 58850 10
 4314 47080 8
 4315 82390 14
 4316 100045 17
 4317 41195 7
 4318 76505 13
 4319 17655 3
 4320 100045 17
 4321 76505 13
 4322 82390 14
 4323 58850 10
 4324 17655 3
 4325 105930 18
 4326 82390 14
 4327 100045 17
 4328 88275 15
 4329 52965 9
 4330 70620 12
 4331 17655 3
 4332 52965 9
 4333 88275 15
 4334 82390 14
 4335 35310 6
 4336 52965 9
 4337 88275 15
 4338 29425 5
 4339 52965 9
 4340 23540 4
 4341 35310 6
 4342 117700 20
 4343 11770 2
 4344 82390 14
 4345 82390 14
 4346 41195 7
 4347 5885 1
 4348 41195 7
 4349 23540 4
 4350 105930 18
 4351 70620 12
 4352 94160 16
 4353 35310 6
 4354 29425 5
 4355 35310 6
 4356 94160 16
 4357 70620 12
 4358 64735 11
 4359 41195 7
 4360 41195 7
 4361 100045 17
 4362 47080 8
 4363 82390 14
 4364 94160 16
 4365 29425 5
 4366 111815 19
 4367 82390 14
 4368 5885 1
 4369 11770 2
 4370 29425 5
 4371 64735 11
 4372 29425 5
 4373 105930 18
 4374 23540 4
 4375 70620 12
 4376 5885 1
 4377 17655 3
 4378 88275 15
 4379 76505 13
 4380 100045 17
 4381 58850 10
 4382 23540 4
 4383 41195 7
 4384 64735 11
 4385 111815 19
 4386 111815 19
 4387 82390 14
 4388 100045 17
 4389 41195 7
 4390 35310 6
 4391 105930 18
 4392 58850 10
 4393 11770 2
 4394 29425 5
 4395 47080 8
 4396 5885 1
 4397 5885 1
 4398 64735 11
 4399 41195 7
 4400 29425 5
 4401 58850 10
 4402 29425 5
 4403 76505 13
 4404 76505 13
 4405 94160 16
 4406 100045 17
 4407 52965 9
 4408 88275 15
 4409 105930 18
 4410 41195 7
 4411 117700 20
 4412 76505 13
 4413 11770 2
 4414 94160 16
 4415 41195 7
 4416 82390 14
 4417 105930 18
 4418 35310 6
 4419 64735 11
 4420 94160 16
 4421 64735 11
 4422 100045 17
 4423 82390 14
 4424 100045 17
 4425 52965 9
 4426 64735 11
 4427 11770 2
 4428 111815 19
 4429 47080 8
 4430 70620 12
 4431 35310 6
 4432 47080 8
 4433 5885 1
 4434 35310 6
 4435 52965 9
 4436 105930 18
 4437 94160 16
 4438 88275 15
 4439 29425 5
 4440 58850 10
 4441 17655 3
 4442 58850 10
 4443 47080 8
 4444 82390 14
 4445 23540 4
 4446 117700 20
 4447 100045 17
 4448 29425 5
 4449 58850 10
 4450 100045 17
 4451 17655 3
 4452 88275 15
 4453 52965 9
 4454 41195 7
 4455 105930 18
 4456 29425 5
 4457 100045 17
 4458 94160 16
 4459 11770 2
 4460 64735 11
 4461 82390 14
 4462 111815 19
 4463 82390 14
 4464 100045 17
 4465 52965 9
 4466 41195 7
 4467 70620 12
 4468 100045 17
 4469 82390 14
 4470 117700 20
 4471 100045 17
 4472 70620 12
 4473 76505 13
 4474 82390 14
 4475 100045 17
 4476 111815 19
 4477 23540 4
 4478 35310 6
 4479 35310 6
 4480 52965 9
 4481 11770 2
 4482 64735 11
 4483 58850 10
 4484 47080 8
 4485 94160 16
 4486 105930 18
 4487 117700 20
 4488 88275 15
 4489 41195 7
 4490 111815 19
 4491 76505 13
 4492 82390 14
 4493 111815 19
 4494 11770 2
 4495 88275 15
 4496 88275 15
 4497 100045 17
 4498 94160 16
 4499 41195 7
 4500 82390 14
 4501 29425 5
 4502 47080 8
 4503 76505 13
 4504 47080 8
 4505 52965 9
 4506 5885 1
 4507 35310 6
 4508 52965 9
 4509 11770 2
 4510 41195 7
 4511 17655 3
 4512 5885 1
 4513 94160 16
 4514 100045 17
 4515 111815 19
 4516 23540 4
 4517 82390 14
 4518 70620 12
 4519 29425 5
 4520 82390 14
 4521 23540 4
 4522 35310 6
 4523 52965 9
 4524 94160 16
 4525 70620 12
 4526 11770 2
 4527 17655 3
 4528 5885 1
 4529 41195 7
 4530 52965 9
 4531 52965 9
 4532 70620 12
 4533 41195 7
 4534 100045 17
 4535 82390 14
 4536 58850 10
 4537 41195 7
 4538 111815 19
 4539 100045 17
 4540 70620 12
 4541 41195 7
 4542 41195 7
 4543 5885 1
 4544 94160 16
 4545 29425 5
 4546 41195 7
 4547 52965 9
 4548 52965 9
 4549 100045 17
 4550 111815 19
 4551 82390 14
 4552 76505 13
 4553 64735 11
 4554 100045 17
 4555 58850 10
 4556 82390 14
 4557 70620 12
 4558 64735 11
 4559 94160 16
 4560 82390 14
 4561 70620 12
 4562 35310 6
 4563 111815 19
 4564 70620 12
 4565 70620 12
 4566 100045 17
 4567 23540 4
 4568 70620 12
 4569 41195 7
 4570 64735 11
 4571 41195 7
 4572 82390 14
 4573 17655 3
 4574 111815 19
 4575 47080 8
 4576 5885 1
 4577 47080 8
 4578 58850 10
 4579 64735 11
 4580 5885 1
 4581 17655 3
 4582 41195 7
 4583 11770 2
 4584 47080 8
 4585 64735 11
 4586 117700 20
 4587 64735 11
 4588 105930 18
 4589 111815 19
 4590 17655 3
 4591 94160 16
 4592 111815 19
 4593 29425 5
 4594 105930 18
 4595 76505 13
 4596 11770 2
 4597 100045 17
 4598 35310 6
 4599 117700 20
 4600 17655 3
 4601 82390 14
 4602 105930 18
 4603 94160 16
 4604 11770 2
 4605 5885 1
 4606 117700 20
 4607 111815 19
 4608 82390 14
 4609 23540 4
 4610 70620 12
 4611 105930 18
 4612 100045 17
 4613 58850 10
 4614 117700 20
 4615 41195 7
 4616 105930 18
 4617 105930 18
 4618 58850 10
 4619 35310 6
 4620 41195 7
 4621 41195 7
 4622 117700 20
 4623 117700 20
 4624 23540 4
 4625 82390 14
 4626 35310 6
 4627 82390 14
 4628 58850 10
 4629 47080 8
 4630 47080 8
 4631 100045 17
 4632 111815 19
 4633 17655 3
 4634 64735 11
 4635 5885 1
 4636 5885 1
 4637 117700 20
 4638 23540 4
 4639 94160 16
 4640 70620 12
 4641 70620 12
 4642 100045 17
 4643 17655 3
 4644 11770 2
 4645 29425 5
 4646 70620 12
 4647 29425 5
 4648 111815 19
 4649 111815 19
 4650 17655 3
 4651 29425 5
 4652 23540 4
 4653 117700 20
 4654 5885 1
 4655 23540 4
 4656 52965 9
 4657 41195 7
 4658 70620 12
 4659 23540 4
 4660 5885 1
 4661 58850 10
 4662 17655 3
 4663 29425 5
 4664 23540 4
 4665 117700 20
 4666 64735 11
 4667 105930 18
 4668 41195 7
 4669 23540 4
 4670 35310 6
 4671 117700 20
 4672 11770 2
 4673 47080 8
 4674 111815 19
 4675 47080 8
 4676 29425 5
 4677 52965 9
 4678 5885 1
 4679 47080 8
 4680 52965 9
 4681 52965 9
 4682 58850 10
 4683 5885 1
 4684 105930 18
 4685 70620 12
 4686 47080 8
 4687 29425 5
 4688 82390 14
 4689 111815 19
 4690 94160 16
 4691 29425 5
 4692 117700 20
 4693 76505 13
 4694 5885 1
 4695 47080 8
 4696 94160 16
 4697 111815 19
 4698 76505 13
 4699 58850 10
 4700 70620 12
 4701 47080 8
 4702 70620 12
 4703 70620 12
 4704 5885 1
 4705 52965 9
 4706 64735 11
 4707 117700 20
 4708 11770 2
 4709 35310 6
 4710 82390 14
 4711 23540 4
 4712 117700 20
 4713 111815 19
 4714 17655 3
 4715 47080 8
 4716 11770 2
 4717 100045 17
 4718 82390 14
 4719 111815 19
 4720 70620 12
 4721 111815 19
 4722 11770 2
 4723 47080 8
 4724 94160 16
 4725 76505 13
 4726 17655 3
 4727 29425 5
 4728 17655 3
 4729 94160 16
 4730 41195 7
 4731 5885 1
 4732 64735 11
 4733 23540 4
 4734 117700 20
 4735 117700 20
 4736 52965 9
 4737 76505 13
 4738 23540 4
 4739 41195 7
 4740 88275 15
 4741 117700 20
 4742 17655 3
 4743 117700 20
 4744 35310 6
 4745 117700 20
 4746 41195 7
 4747 117700 20
 4748 82390 14
 4749 52965 9
 4750 82390 14
 4751 11770 2
 4752 17655 3
 4753 5885 1
 4754 64735 11
 4755 17655 3
 4756 105930 18
 4757 76505 13
 4758 76505 13
 4759 82390 14
 4760 29425 5
 4761 105930 18
 4762 41195 7
 4763 70620 12
 4764 88275 15
 4765 47080 8
 4766 58850 10
 4767 117700 20
 4768 82390 14
 4769 88275 15
 4770 23540 4
 4771 58850 10
 4772 23540 4
 4773 35310 6
 4774 64735 11
 4775 35310 6
 4776 58850 10
 4777 117700 20
 4778 5885 1
 4779 29425 5
 4780 100045 17
 4781 76505 13
 4782 29425 5
 4783 41195 7
 4784 76505 13
 4785 111815 19
 4786 17655 3
 4787 94160 16
 4788 82390 14
 4789 41195 7
 4790 64735 11
 4791 117700 20
 4792 35310 6
 4793 58850 10
 4794 76505 13
 4795 52965 9
 4796 35310 6
 4797 88275 15
 4798 35310 6
 4799 11770 2
 4800 41195 7
 4801 47080 8
 4802 64735 11
 4803 100045 17
 4804 76505 13
 4805 76505 13
 4806 52965 9
 4807 41195 7
 4808 47080 8
 4809 88275 15
 4810 64735 11
 4811 29425 5
 4812 76505 13
 4813 111815 19
 4814 111815 19
 4815 70620 12
 4816 94160 16
 4817 29425 5
 4818 41195 7
 4819 88275 15
 4820 35310 6
 4821 47080 8
 4822 76505 13
 4823 94160 16
 4824 94160 16
 4825 105930 18
 4826 117700 20
 4827 11770 2
 4828 117700 20
 4829 82390 14
 4830 105930 18
 4831 58850 10
 4832 117700 20
 4833 76505 13
 4834 29425 5
 4835 23540 4
 4836 41195 7
 4837 52965 9
 4838 117700 20
 4839 111815 19
 4840 76505 13
 4841 111815 19
 4842 5885 1
 4843 100045 17
 4844 76505 13
 4845 58850 10
 4846 105930 18
 4847 105930 18
 4848 47080 8
 4849 82390 14
 4850 70620 12
 4851 111815 19
 4852 117700 20
 4853 35310 6
 4854 70620 12
 4855 82390 14
 4856 76505 13
 4857 111815 19
 4858 117700 20
 4859 94160 16
 4860 23540 4
 4861 76505 13
 4862 88275 15
 4863 11770 2
 4864 100045 17
 4865 94160 16
 4866 23540 4
 4867 94160 16
 4868 5885 1
 4869 5885 1
 4870 5885 1
 4871 111815 19
 4872 88275 15
 4873 117700 20
 4874 111815 19
 4875 88275 15
 4876 11770 2
 4877 17655 3
 4878 100045 17
 4879 5885 1
 4880 70620 12
 4881 17655 3
 4882 5885 1
 4883 94160 16
 4884 52965 9
 4885 82390 14
 4886 100045 17
 4887 82390 14
 4888 105930 18
 4889 100045 17
 4890 94160 16
 4891 100045 17
 4892 41195 7
 4893 111815 19
 4894 111815 19
 4895 94160 16
 4896 64735 11
 4897 11770 2
 4898 76505 13
 4899 5885 1
 4900 47080 8
 4901 58850 10
 4902 117700 20
 4903 41195 7
 4904 94160 16
 4905 76505 13
 4906 105930 18
 4907 11770 2
 4908 23540 4
 4909 5885 1
 4910 41195 7
 4911 35310 6
 4912 47080 8
 4913 94160 16
 4914 70620 12
 4915 41195 7
 4916 94160 16
 4917 117700 20
 4918 23540 4
 4919 52965 9
 4920 17655 3
 4921 47080 8
 4922 76505 13
 4923 17655 3
 4924 23540 4
 4925 105930 18
 4926 117700 20
 4927 17655 3
 4928 23540 4
 4929 47080 8
 4930 52965 9
 4931 105930 18
 4932 29425 5
 4933 29425 5
 4934 58850 10
 4935 70620 12
 4936 52965 9
 4937 29425 5
 4938 82390 14
 4939 82390 14
 4940 82390 14
 4941 47080 8
 4942 23540 4
 4943 117700 20
 4944 52965 9
 4945 23540 4
 4946 17655 3
 4947 82390 14
 4948 117700 20
 4949 76505 13
 4950 117700 20
 4951 5885 1
 4952 29425 5
 4953 35310 6
 4954 47080 8
 4955 64735 11
 4956 47080 8
 4957 35310 6
 4958 76505 13
 4959 35310 6
 4960 52965 9
 4961 58850 10
 4962 64735 11
 4963 111815 19
 4964 29425 5
 4965 76505 13
 4966 70620 12
 4967 111815 19
 4968 82390 14
 4969 29425 5
 4970 94160 16
 4971 52965 9
 4972 47080 8
 4973 76505 13
 4974 82390 14
 4975 64735 11
 4976 11770 2
 4977 23540 4
 4978 105930 18
 4979 111815 19
 4980 5885 1
 4981 64735 11
 4982 58850 10
 4983 29425 5
 4984 23540 4
 4985 117700 20
 4986 94160 16
 4987 94160 16
 4988 11770 2
 4989 105930 18
 4990 82390 14
 4991 94160 16
 4992 23540 4
 4993 41195 7
 4994 111815 19
 4995 58850 10
 4996 111815 19
 4997 58850 10
 4998 76505 13
 4999 82390 14
 5000 64735 11
 5001 23540 4
 5002 58850 10
 5003 105930 18
 5004 117700 20
 5005 29425 5
 5006 117700 20
 5007 70620 12
 5008 41195 7
 5009 17655 3
 5010 94160 16
 5011 41195 7
 5012 105930 18
 5013 82390 14
 5014 23540 4
 5015 88275 15
 5016 35310 6
 5017 5885 1
 5018 58850 10
 5019 35310 6
 5020 82390 14
 5021 5885 1
 5022 111815 19
 5023 58850 10
 5024 5885 1
 5025 17655 3
 5026 52965 9
 5027 94160 16
 5028 35310 6
 5029 29425 5
 5030 82390 14
 5031 29425 5
 5032 47080 8
 5033 11770 2
 5034 47080 8
 5035 17655 3
 5036 5885 1
 5037 70620 12
 5038 29425 5
 5039 76505 13
 5040 100045 17
 5041 35310 6
 5042 82390 14
 5043 82390 14
 5044 105930 18
 5045 17655 3
 5046 100045 17
 5047 41195 7
 5048 76505 13
 5049 76505 13
 5050 76505 13
 5051 11770 2
 5052 111815 19
 5053 23540 4
 5054 105930 18
 5055 35310 6
 5056 41195 7
 5057 76505 13
 5058 100045 17
 5059 82390 14
 5060 105930 18
 5061 94160 16
 5062 117700 20
 5063 117700 20
 5064 58850 10
 5065 23540 4
 5066 70620 12
 5067 100045 17
 5068 100045 17
 5069 82390 14
 5070 100045 17
 5071 11770 2
 5072 111815 19
 5073 94160 16
 5074 64735 11
 5075 47080 8
 5076 58850 10
 5077 111815 19
 5078 88275 15
 5079 117700 20
 5080 11770 2
 5081 88275 15
 5082 88275 15
 5083 17655 3
 5084 117700 20
 5085 88275 15
 5086 17655 3
 5087 70620 12
 5088 76505 13
 5089 100045 17
 5090 29425 5
 5091 94160 16
 5092 94160 16
 5093 47080 8
 5094 17655 3
 5095 88275 15
 5096 47080 8
 5097 52965 9
 5098 76505 13
 5099 111815 19
 5100 105930 18
 5101 94160 16
 5102 58850 10
 5103 47080 8
 5104 11770 2
 5105 111815 19
 5106 111815 19
 5107 41195 7
 5108 41195 7
 5109 23540 4
 5110 76505 13
 5111 117700 20
 5112 35310 6
 5113 5885 1
 5114 105930 18
 5115 29425 5
 5116 23540 4
 5117 88275 15
 5118 58850 10
 5119 117700 20
 5120 64735 11
 5121 35310 6
 5122 70620 12
 5123 58850 10
 5124 47080 8
 5125 111815 19
 5126 82390 14
 5127 111815 19
 5128 29425 5
 5129 5885 1
 5130 52965 9
 5131 52965 9
 5132 11770 2
 5133 76505 13
 5134 100045 17
 5135 11770 2
 5136 76505 13
 5137 35310 6
 5138 23540 4
 5139 105930 18
 5140 47080 8
 5141 29425 5
 5142 88275 15
 5143 100045 17
 5144 29425 5
 5145 17655 3
 5146 76505 13
 5147 111815 19
 5148 29425 5
 5149 23540 4
 5150 17655 3
 5151 111815 19
 5152 5885 1
 5153 35310 6
 5154 35310 6
 5155 82390 14
 5156 70620 12
 5157 105930 18
 5158 88275 15
 5159 70620 12
 5160 47080 8
 5161 117700 20
 5162 100045 17
 5163 17655 3
 5164 82390 14
 5165 35310 6
 5166 41195 7
 5167 29425 5
 5168 35310 6
 5169 70620 12
 5170 117700 20
 5171 35310 6
 5172 52965 9
 5173 100045 17
 5174 47080 8
 5175 88275 15
 5176 70620 12
 5177 35310 6
 5178 76505 13
 5179 17655 3
 5180 58850 10
 5181 76505 13
 5182 76505 13
 5183 47080 8
 5184 64735 11
 5185 117700 20
 5186 88275 15
 5187 41195 7
 5188 41195 7
 5189 5885 1
 5190 5885 1
 5191 41195 7
 5192 11770 2
 5193 64735 11
 5194 70620 12
 5195 17655 3
 5196 23540 4
 5197 70620 12
 5198 35310 6
 5199 70620 12
 5200 64735 11
 5201 88275 15
 5202 105930 18
 5203 88275 15
 5204 105930 18
 5205 64735 11
 5206 94160 16
 5207 105930 18
 5208 52965 9
 5209 52965 9
 5210 94160 16
 5211 17655 3
 5212 100045 17
 5213 5885 1
 5214 88275 15
 5215 5885 1
 5216 11770 2
 5217 111815 19
 5218 94160 16
 5219 117700 20
 5220 70620 12
 5221 76505 13
 5222 35310 6
 5223 17655 3
 5224 105930 18
 5225 76505 13
 5226 111815 19
 5227 47080 8
 5228 5885 1
 5229 111815 19
 5230 117700 20
 5231 105930 18
 5232 76505 13
 5233 100045 17
 5234 82390 14
 5235 58850 10
 5236 17655 3
 5237 47080 8
 5238 47080 8
 5239 47080 8
 5240 23540 4
 5241 117700 20
 5242 23540 4
 5243 76505 13
 5244 117700 20
 5245 29425 5
 5246 41195 7
 5247 117700 20
 5248 76505 13
 5249 88275 15
 5250 64735 11
 5251 52965 9
 5252 64735 11
 5253 11770 2
 5254 29425 5
 5255 29425 5
 5256 17655 3
 5257 105930 18
 5258 52965 9
 5259 94160 16
 5260 29425 5
 5261 64735 11
 5262 52965 9
 5263 47080 8
 5264 100045 17
 5265 88275 15
 5266 70620 12
 5267 29425 5
 5268 64735 11
 5269 82390 14
 5270 5885 1
 5271 23540 4
 5272 105930 18
 5273 58850 10
 5274 64735 11
 5275 47080 8
 5276 94160 16
 5277 47080 8
 5278 35310 6
 5279 5885 1
 5280 76505 13
 5281 117700 20
 5282 58850 10
 5283 47080 8
 5284 11770 2
 5285 11770 2
 5286 105930 18
 5287 11770 2
 5288 88275 15
 5289 35310 6
 5290 5885 1
 5291 105930 18
 5292 41195 7
 5293 58850 10
 5294 117700 20
 5295 11770 2
 5296 58850 10
 5297 88275 15
 5298 58850 10
 5299 70620 12
 5300 29425 5
 5301 82390 14
 5302 105930 18
 5303 64735 11
 5304 82390 14
 5305 35310 6
 5306 64735 11
 5307 70620 12
 5308 70620 12
 5309 88275 15
 5310 117700 20
 5311 100045 17
 5312 76505 13
 5313 64735 11
 5314 35310 6
 5315 29425 5
 5316 76505 13
 5317 76505 13
 5318 35310 6
 5319 41195 7
 5320 58850 10
 5321 111815 19
 5322 41195 7
 5323 23540 4
 5324 70620 12
 5325 58850 10
 5326 52965 9
 5327 5885 1
 5328 82390 14
 5329 117700 20
 5330 117700 20
 5331 70620 12
 5332 82390 14
 5333 111815 19
 5334 5885 1
 5335 23540 4
 5336 94160 16
 5337 58850 10
 5338 64735 11
 5339 117700 20
 5340 82390 14
 5341 58850 10
 5342 100045 17
 5343 41195 7
 5344 105930 18
 5345 76505 13
 5346 58850 10
 5347 76505 13
 5348 105930 18
 5349 64735 11
 5350 29425 5
 5351 111815 19
 5352 88275 15
 5353 47080 8
 5354 35310 6
 5355 29425 5
 5356 47080 8
 5357 17655 3
 5358 11770 2
 5359 82390 14
 5360 23540 4
 5361 105930 18
 5362 52965 9
 5363 58850 10
 5364 64735 11
 5365 117700 20
 5366 52965 9
 5367 52965 9
 5368 88275 15
 5369 88275 15
 5370 29425 5
 5371 111815 19
 5372 70620 12
 5373 52965 9
 5374 100045 17
 5375 52965 9
 5376 35310 6
 5377 76505 13
 5378 29425 5
 5379 58850 10
 5380 11770 2
 5381 111815 19
 5382 17655 3
 5383 70620 12
 5384 47080 8
 5385 82390 14
 5386 47080 8
 5387 100045 17
 5388 111815 19
 5389 111815 19
 5390 5885 1
 5391 105930 18
 5392 82390 14
 5393 82390 14
 5394 76505 13
 5395 35310 6
 5396 76505 13
 5397 47080 8
 5398 41195 7
 5399 41195 7
 5400 94160 16
 5401 52965 9
 5402 41195 7
 5403 76505 13
 5404 41195 7
 5405 5885 1
 5406 17655 3
 5407 41195 7
 5408 23540 4
 5409 76505 13
 5410 94160 16
 5411 76505 13
 5412 117700 20
 5413 35310 6
 5414 41195 7
 5415 23540 4
 5416 47080 8
 5417 100045 17
 5418 23540 4
 5419 70620 12
 5420 105930 18
 5421 88275 15
 5422 88275 15
 5423 82390 14
 5424 88275 15
 5425 111815 19
 5426 17655 3
 5427 111815 19
 5428 29425 5
 5429 100045 17
 5430 11770 2
 5431 64735 11
 5432 41195 7
 5433 70620 12
 5434 58850 10
 5435 70620 12
 5436 11770 2
 5437 5885 1
 5438 100045 17
 5439 105930 18
 5440 105930 18
 5441 88275 15
 5442 88275 15
 5443 11770 2
 5444 41195 7
 5445 88275 15
 5446 58850 10
 5447 105930 18
 5448 111815 19
 5449 82390 14
 5450 111815 19
 5451 88275 15
 5452 41195 7
 5453 76505 13
 5454 5885 1
 5455 76505 13
 5456 111815 19
 5457 11770 2
 5458 17655 3
 5459 5885 1
 5460 117700 20
 5461 111815 19
 5462 35310 6
 5463 88275 15
 5464 52965 9
 5465 111815 19
 5466 100045 17
 5467 117700 20
 5468 11770 2
 5469 88275 15
 5470 41195 7
 5471 52965 9
 5472 5885 1
 5473 94160 16
 5474 64735 11
 5475 111815 19
 5476 94160 16
 5477 82390 14
 5478 76505 13
 5479 11770 2
 5480 47080 8
 5481 11770 2
 5482 76505 13
 5483 76505 13
 5484 5885 1
 5485 35310 6
 5486 41195 7
 5487 47080 8
 5488 94160 16
 5489 5885 1
 5490 41195 7
 5491 11770 2
 5492 17655 3
 5493 11770 2
 5494 117700 20
 5495 88275 15
 5496 70620 12
 5497 17655 3
 5498 64735 11
 5499 111815 19
 5500 47080 8
 5501 29425 5
 5502 29425 5
 5503 23540 4
 5504 82390 14
 5505 5885 1
 5506 100045 17
 5507 64735 11
 5508 100045 17
 5509 64735 11
 5510 117700 20
 5511 47080 8
 5512 5885 1
 5513 41195 7
 5514 94160 16
 5515 100045 17
 5516 70620 12
 5517 94160 16
 5518 117700 20
 5519 5885 1
 5520 111815 19
 5521 5885 1
 5522 82390 14
 5523 11770 2
 5524 64735 11
 5525 52965 9
 5526 105930 18
 5527 70620 12
 5528 35310 6
 5529 64735 11
 5530 82390 14
 5531 111815 19
 5532 17655 3
 5533 41195 7
 5534 76505 13
 5535 47080 8
 5536 35310 6
 5537 47080 8
 5538 64735 11
 5539 70620 12
 5540 41195 7
 5541 105930 18
 5542 17655 3
 5543 94160 16
 5544 5885 1
 5545 105930 18
 5546 23540 4
 5547 117700 20
 5548 5885 1
 5549 29425 5
 5550 94160 16
 5551 52965 9
 5552 82390 14
 5553 58850 10
 5554 47080 8
 5555 11770 2
 5556 5885 1
 5557 88275 15
 5558 100045 17
 5559 11770 2
 5560 94160 16
 5561 117700 20
 5562 94160 16
 5563 76505 13
 5564 94160 16
 5565 41195 7
 5566 58850 10
 5567 11770 2
 5568 64735 11
 5569 94160 16
 5570 35310 6
 5571 105930 18
 5572 23540 4
 5573 58850 10
 5574 35310 6
 5575 88275 15
 5576 64735 11
 5577 29425 5
 5578 58850 10
 5579 76505 13
 5580 70620 12
 5581 5885 1
 5582 29425 5
 5583 17655 3
 5584 70620 12
 5585 117700 20
 5586 76505 13
 5587 105930 18
 5588 41195 7
 5589 82390 14
 5590 76505 13
 5591 23540 4
 5592 88275 15
 5593 70620 12
 5594 82390 14
 5595 94160 16
 5596 23540 4
 5597 35310 6
 5598 35310 6
 5599 11770 2
 5600 117700 20
 5601 111815 19
 5602 111815 19
 5603 105930 18
 5604 58850 10
 5605 52965 9
 5606 41195 7
 5607 100045 17
 5608 111815 19
 5609 41195 7
 5610 11770 2
 5611 82390 14
 5612 70620 12
 5613 100045 17
 5614 58850 10
 5615 105930 18
 5616 5885 1
 5617 17655 3
 5618 105930 18
 5619 29425 5
 5620 5885 1
 5621 117700 20
 5622 64735 11
 5623 23540 4
 5624 58850 10
 5625 52965 9
 5626 29425 5
 5627 47080 8
 5628 35310 6
 5629 47080 8
 5630 105930 18
 5631 23540 4
 5632 70620 12
 5633 52965 9
 5634 100045 17
 5635 11770 2
 5636 70620 12
 5637 100045 17
 5638 111815 19
 5639 105930 18
 5640 5885 1
 5641 64735 11
 5642 35310 6
 5643 82390 14
 5644 100045 17
 5645 82390 14
 5646 105930 18
 5647 70620 12
 5648 64735 11
 5649 94160 16
 5650 100045 17
 5651 23540 4
 5652 88275 15
 5653 105930 18
 5654 100045 17
 5655 35310 6
 5656 111815 19
 5657 41195 7
 5658 58850 10
 5659 23540 4
 5660 52965 9
 5661 35310 6
 5662 111815 19
 5663 23540 4
 5664 52965 9
 5665 82390 14
 5666 111815 19
 5667 23540 4
 5668 11770 2
 5669 111815 19
 5670 52965 9
 5671 35310 6
 5672 47080 8
 5673 41195 7
 5674 5885 1
 5675 88275 15
 5676 76505 13
 5677 70620 12
 5678 76505 13
 5679 82390 14
 5680 11770 2
 5681 11770 2
 5682 47080 8
 5683 111815 19
 5684 52965 9
 5685 35310 6
 5686 100045 17
 5687 64735 11
 5688 41195 7
 5689 52965 9
 5690 47080 8
 5691 100045 17
 5692 29425 5
 5693 76505 13
 5694 5885 1
 5695 29425 5
 5696 41195 7
 5697 70620 12
 5698 117700 20
 5699 117700 20
 5700 94160 16
 5701 35310 6
 5702 105930 18
 5703 47080 8
 5704 5885 1
 5705 41195 7
 5706 94160 16
 5707 76505 13
 5708 105930 18
 5709 94160 16
 5710 5885 1
 5711 117700 20
 5712 29425 5
 5713 70620 12
 5714 100045 17
 5715 11770 2
 5716 41195 7
 5717 5885 1
 5718 17655 3
 5719 117700 20
 5720 82390 14
 5721 105930 18
 5722 94160 16
 5723 11770 2
 5724 5885 1
 5725 23540 4
 5726 76505 13
 5727 70620 12
 5728 52965 9
 5729 23540 4
 5730 5885 1
 5731 88275 15
 5732 82390 14
 5733 100045 17
 5734 111815 19
 5735 64735 11
 5736 58850 10
 5737 5885 1
 5738 11770 2
 5739 64735 11
 5740 105930 18
 5741 64735 11
 5742 17655 3
 5743 47080 8
 5744 35310 6
 5745 76505 13
 5746 100045 17
 5747 29425 5
 5748 29425 5
 5749 70620 12
 5750 76505 13
 5751 64735 11
 5752 70620 12
 5753 111815 19
 5754 11770 2
 5755 35310 6
 5756 105930 18
 5757 82390 14
 5758 35310 6
 5759 82390 14
 5760 117700 20
 5761 35310 6
 5762 29425 5
 5763 94160 16
 5764 88275 15
 5765 17655 3
 5766 58850 10
 5767 82390 14
 5768 64735 11
 5769 35310 6
 5770 5885 1
 5771 11770 2
 5772 105930 18
 5773 58850 10
 5774 35310 6
 5775 76505 13
 5776 5885 1
 5777 94160 16
 5778 58850 10
 5779 52965 9
 5780 47080 8
 5781 100045 17
 5782 70620 12
 5783 47080 8
 5784 17655 3
 5785 11770 2
 5786 17655 3
 5787 17655 3
 5788 64735 11
 5789 100045 17
 5790 76505 13
 5791 17655 3
 5792 29425 5
 5793 88275 15
 5794 11770 2
 5795 111815 19
 5796 100045 17
 5797 117700 20
 5798 58850 10
 5799 105930 18
 5800 29425 5
 5801 52965 9
 5802 52965 9
 5803 47080 8
 5804 94160 16
 5805 82390 14
 5806 117700 20
 5807 58850 10
 5808 58850 10
 5809 17655 3
 5810 23540 4
 5811 105930 18
 5812 35310 6
 5813 29425 5
 5814 82390 14
 5815 105930 18
 5816 88275 15
 5817 88275 15
 5818 29425 5
 5819 52965 9
 5820 52965 9
 5821 70620 12
 5822 47080 8
 5823 88275 15
 5824 29425 5
 5825 88275 15
 5826 5885 1
 5827 17655 3
 5828 88275 15
 5829 70620 12
 5830 23540 4
 5831 47080 8
 5832 76505 13
 5833 5885 1
 5834 29425 5
 5835 64735 11
 5836 64735 11
 5837 58850 10
 5838 94160 16
 5839 82390 14
 5840 23540 4
 5841 11770 2
 5842 52965 9
 5843 5885 1
 5844 100045 17
 5845 117700 20
 5846 47080 8
 5847 88275 15
 5848 117700 20
 5849 64735 11
 5850 76505 13
 5851 94160 16
 5852 5885 1
 5853 76505 13
 5854 11770 2
 5855 41195 7
 5856 94160 16
 5857 41195 7
 5858 100045 17
 5859 105930 18
 5860 58850 10
 5861 17655 3
 5862 117700 20
 5863 94160 16
 5864 111815 19
 5865 17655 3
 5866 117700 20
 5867 23540 4
 5868 29425 5
 5869 5885 1
 5870 117700 20
 5871 76505 13
 5872 11770 2
 5873 5885 1
 5874 5885 1
 5875 58850 10
 5876 111815 19
 5877 76505 13
 5878 35310 6
 5879 11770 2
 5880 41195 7
 5881 111815 19
 5882 11770 2
 5883 76505 13
 5884 105930 18
 5885 5885 1
111815