721
 1 7210 10
 2 11536 16
 3 2163 3
 4 7210 10
 5 12257 17
 6 7931 11
 7 11536 16
 8 12978 18
 9 2163 3
 10 5047 7
 11 12257 17
 12 5047 7
 13 8652 12
 14 10815 15
 15 11536 16
 16 721 1
 17 7931 11
 18 1442 2
 19 721 1
 20 9373 13
 21 6489 9
 22 9373 13
 23 4326 6
 24 5768 8
 25 5047 7
 26 2163 3
 27 10094 14
 28 7931 11
 29 8652 12
 30 5768 8
 31 2884 4
 32 7210 10
 33 7931 11
 34 10815 15
 35 13699 19
 36 7931 11
 37 4326 6
 38 12978 18
 39 5047 7
 40 10094 14
 41 5047 7
 42 7210 10
 43 721 1
 44 721 1
 45 2163 3
 46 10094 14
 47 10815 15
 48 5768 8
 49 1442 2
 50 5047 7
 51 5047 7
 52 4326 6
 53 8652 12
 54 5047 7
 55 5047 7
 56 4326 6
 57 8652 12
 58 9373 13
 59 7931 11
 60 2884 4
 61 721 1
 62 5047 7
 63 4326 6
 64 7931 11
 65 4326 6
 66 6489 9
 67 721 1
 68 13699 19
 69 4326 6
 70 7931 11
 71 4326 6
 72 9373 13
 73 10094 14
 74 4326 6
 75 8652 12
 76 12978 18
 77 10815 15
 78 11536 16
 79 5047 7
 80 2163 3
 81 5768 8
 82 14420 20
 83 721 1
 84 6489 9
 85 13699 19
 86 10094 14
 87 5768 8
 88 12978 18
 89 1442 2
 90 10815 15
 91 14420 20
 92 10094 14
 93 8652 12
 94 10815 15
 95 9373 13
 96 5047 7
 97 5047 7
 98 721 1
 99 13699 19
 100 8652 12
 101 5768 8
 102 3605 5
 103 5047 7
 104 6489 9
 105 9373 13
 106 1442 2
 107 6489 9
 108 3605 5
 109 2163 3
 110 7210 10
 111 8652 12
 112 8652 12
 113 2884 4
 114 4326 6
 115 11536 16
 116 4326 6
 117 4326 6
 118 7931 11
 119 6489 9
 120 5768 8
 121 1442 2
 122 5047 7
 123 12257 17
 124 2884 4
 125 2884 4
 126 5768 8
 127 5047 7
 128 14420 20
 129 12257 17
 130 7931 11
 131 14420 20
 132 8652 12
 133 4326 6
 134 10094 14
 135 12978 18
 136 5768 8
 137 5047 7
 138 11536 16
 139 7931 11
 140 10094 14
 141 12257 17
 142 7931 11
 143 721 1
 144 10815 15
 145 5768 8
 146 12257 17
 147 7931 11
 148 5047 7
 149 10815 15
 150 8652 12
 151 10815 15
 152 2163 3
 153 13699 19
 154 12257 17
 155 8652 12
 156 11536 16
 157 10094 14
 158 721 1
 159 5768 8
 160 4326 6
 161 2884 4
 162 2163 3
 163 10815 15
 164 5047 7
 165 10815 15
 166 2163 3
 167 12257 17
 168 4326 6
 169 1442 2
 170 14420 20
 171 12257 17
 172 4326 6
 173 10094 14
 174 2884 4
 175 14420 20
 176 12257 17
 177 5047 7
 178 10094 14
 179 13699 19
 180 7931 11
 181 9373 13
 182 10094 14
 183 14420 20
 184 3605 5
 185 5768 8
 186 7210 10
 187 12978 18
 188 4326 6
 189 12257 17
 190 2884 4
 191 10094 14
 192 10815 15
 193 7210 10
 194 12978 18
 195 1442 2
 196 9373 13
 197 5768 8
 198 1442 2
 199 7210 10
 200 2884 4
 201 11536 16
 202 5768 8
 203 1442 2
 204 2163 3
 205 12978 18
 206 12978 18
 207 14420 20
 208 12257 17
 209 1442 2
 210 5047 7
 211 4326 6
 212 11536 16
 213 12978 18
 214 5768 8
 215 2163 3
 216 3605 5
 217 12978 18
 218 12257 17
 219 7931 11
 220 3605 5
 221 10094 14
 222 7931 11
 223 5047 7
 224 9373 13
 225 3605 5
 226 1442 2
 227 4326 6
 228 6489 9
 229 3605 5
 230 3605 5
 231 11536 16
 232 2884 4
 233 3605 5
 234 6489 9
 235 7931 11
 236 6489 9
 237 7931 11
 238 7931 11
 239 7210 10
 240 11536 16
 241 4326 6
 242 4326 6
 243 11536 16
 244 721 1
 245 2163 3
 246 2163 3
 247 7931 11
 248 7210 10
 249 13699 19
 250 7931 11
 251 10094 14
 252 7210 10
 253 4326 6
 254 13699 19
 255 14420 20
 256 7931 11
 257 5047 7
 258 10815 15
 259 5047 7
 260 11536 16
 261 10815 15
 262 721 1
 263 2884 4
 264 4326 6
 265 10094 14
 266 12978 18
 267 12978 18
 268 2884 4
 269 9373 13
 270 10815 15
 271 5768 8
 272 2163 3
 273 8652 12
 274 4326 6
 275 9373 13
 276 5047 7
 277 7931 11
 278 7210 10
 279 12257 17
 280 4326 6
 281 14420 20
 282 8652 12
 283 7931 11
 284 8652 12
 285 11536 16
 286 11536 16
 287 1442 2
 288 5768 8
 289 5047 7
 290 721 1
 291 5768 8
 292 5768 8
 293 11536 16
 294 2884 4
 295 5047 7
 296 7931 11
 297 14420 20
 298 1442 2
 299 5047 7
 300 12257 17
 301 7931 11
 302 7931 11
 303 2884 4
 304 4326 6
 305 12978 18
 306 1442 2
 307 8652 12
 308 2163 3
 309 5768 8
 310 13699 19
 311 6489 9
 312 11536 16
 313 4326 6
 314 12978 18
 315 10094 14
 316 7931 11
 317 3605 5
 318 5768 8
 319 8652 12
 320 5047 7
 321 2884 4
 322 10815 15
 323 14420 20
 324 12978 18
 325 2163 3
 326 12257 17
 327 12978 18
 328 1442 2
 329 10094 14
 330 13699 19
 331 11536 16
 332 13699 19
 333 9373 13
 334 7931 11
 335 14420 20
 336 6489 9
 337 11536 16
 338 6489 9
 339 12978 18
 340 8652 12
 341 10094 14
 342 5768 8
 343 6489 9
 344 9373 13
 345 12978 18
 346 12257 17
 347 721 1
 348 5047 7
 349 9373 13
 350 11536 16
 351 2163 3
 352 10094 14
 353 5768 8
 354 2163 3
 355 3605 5
 356 6489 9
 357 3605 5
 358 11536 16
 359 4326 6
 360 10094 14
 361 4326 6
 362 2884 4
 363 3605 5
 364 4326 6
 365 11536 16
 366 8652 12
 367 9373 13
 368 2163 3
 369 14420 20
 370 10815 15
 371 1442 2
 372 5047 7
 373 2884 4
 374 1442 2
 375 2163 3
 376 7210 10
 377 9373 13
 378 7931 11
 379 13699 19
 380 1442 2
 381 5047 7
 382 5768 8
 383 3605 5
 384 13699 19
 385 1442 2
 386 3605 5
 387 8652 12
 388 1442 2
 389 6489 9
 390 721 1
 391 7931 11
 392 11536 16
 393 9373 13
 394 7931 11
 395 2884 4
 396 13699 19
 397 10815 15
 398 3605 5
 399 11536 16
 400 1442 2
 401 12257 17
 402 3605 5
 403 11536 16
 404 5768 8
 405 7210 10
 406 9373 13
 407 11536 16
 408 13699 19
 409 7210 10
 410 2163 3
 411 12257 17
 412 13699 19
 413 10094 14
 414 3605 5
 415 7931 11
 416 2884 4
 417 6489 9
 418 5047 7
 419 11536 16
 420 10815 15
 421 4326 6
 422 10094 14
 423 9373 13
 424 4326 6
 425 3605 5
 426 5768 8
 427 721 1
 428 5768 8
 429 3605 5
 430 3605 5
 431 13699 19
 432 12257 17
 433 12978 18
 434 7210 10
 435 7931 11
 436 7210 10
 437 6489 9
 438 9373 13
 439 9373 13
 440 10815 15
 441 7210 10
 442 14420 20
 443 4326 6
 444 12257 17
 445 14420 20
 446 12978 18
 447 12257 17
 448 7210 10
 449 8652 12
 450 6489 9
 451 7931 11
 452 5768 8
 453 9373 13
 454 721 1
 455 13699 19
 456 5047 7
 457 6489 9
 458 8652 12
 459 6489 9
 460 7931 11
 461 10815 15
 462 3605 5
 463 12978 18
 464 7931 11
 465 6489 9
 466 12257 17
 467 3605 5
 468 2884 4
 469 8652 12
 470 12978 18
 471 1442 2
 472 721 1
 473 6489 9
 474 5047 7
 475 10094 14
 476 2163 3
 477 6489 9
 478 2884 4
 479 5768 8
 480 8652 12
 481 13699 19
 482 5047 7
 483 7210 10
 484 5047 7
 485 5768 8
 486 10815 15
 487 12257 17
 488 5768 8
 489 7931 11
 490 721 1
 491 7931 11
 492 12257 17
 493 11536 16
 494 11536 16
 495 2884 4
 496 10094 14
 497 9373 13
 498 8652 12
 499 5768 8
 500 8652 12
 501 6489 9
 502 12978 18
 503 10815 15
 504 2884 4
 505 12978 18
 506 5768 8
 507 8652 12
 508 6489 9
 509 1442 2
 510 11536 16
 511 10094 14
 512 12978 18
 513 721 1
 514 12257 17
 515 5768 8
 516 1442 2
 517 2163 3
 518 8652 12
 519 7210 10
 520 7931 11
 521 7210 10
 522 7931 11
 523 4326 6
 524 10094 14
 525 10094 14
 526 7931 11
 527 4326 6
 528 12257 17
 529 13699 19
 530 1442 2
 531 721 1
 532 10094 14
 533 2163 3
 534 7210 10
 535 5768 8
 536 6489 9
 537 12978 18
 538 7210 10
 539 721 1
 540 7931 11
 541 10815 15
 542 6489 9
 543 2884 4
 544 10815 15
 545 7210 10
 546 3605 5
 547 12257 17
 548 11536 16
 549 2884 4
 550 6489 9
 551 12978 18
 552 5047 7
 553 5768 8
 554 10094 14
 555 14420 20
 556 12978 18
 557 10815 15
 558 2884 4
 559 2163 3
 560 5768 8
 561 14420 20
 562 6489 9
 563 2884 4
 564 12257 17
 565 9373 13
 566 13699 19
 567 2884 4
 568 7210 10
 569 13699 19
 570 1442 2
 571 2163 3
 572 8652 12
 573 5768 8
 574 13699 19
 575 4326 6
 576 14420 20
 577 10815 15
 578 10094 14
 579 10094 14
 580 5047 7
 581 10815 15
 582 8652 12
 583 2884 4
 584 12257 17
 585 9373 13
 586 5768 8
 587 13699 19
 588 2884 4
 589 7210 10
 590 6489 9
 591 12257 17
 592 8652 12
 593 9373 13
 594 4326 6
 595 2163 3
 596 10815 15
 597 2884 4
 598 2884 4
 599 14420 20
 600 6489 9
 601 13699 19
 602 3605 5
 603 4326 6
 604 7931 11
 605 9373 13
 606 14420 20
 607 2884 4
 608 11536 16
 609 2163 3
 610 7931 11
 611 14420 20
 612 13699 19
 613 4326 6
 614 4326 6
 615 4326 6
 616 12978 18
 617 1442 2
 618 3605 5
 619 3605 5
 620 4326 6
 621 2163 3
 622 721 1
 623 2884 4
 624 10815 15
 625 8652 12
 626 11536 16
 627 1442 2
 628 5768 8
 629 13699 19
 630 1442 2
 631 5768 8
 632 10094 14
 633 5768 8
 634 3605 5
 635 5047 7
 636 2163 3
 637 12978 18
 638 7210 10
 639 3605 5
 640 10094 14
 641 5047 7
 642 10815 15
 643 2163 3
 644 9373 13
 645 6489 9
 646 7210 10
 647 13699 19
 648 5047 7
 649 13699 19
 650 7210 10
 651 2163 3
 652 4326 6
 653 5768 8
 654 1442 2
 655 9373 13
 656 3605 5
 657 6489 9
 658 4326 6
 659 2163 3
 660 2884 4
 661 7931 11
 662 2163 3
 663 3605 5
 664 721 1
 665 14420 20
 666 7931 11
 667 13699 19
 668 2884 4
 669 10815 15
 670 11536 16
 671 7210 10
 672 2163 3
 673 14420 20
 674 13699 19
 675 5047 7
 676 10815 15
 677 9373 13
 678 11536 16
 679 9373 13
 680 721 1
 681 2884 4
 682 5047 7
 683 4326 6
 684 721 1
 685 3605 5
 686 4326 6
 687 8652 12
 688 12978 18
 689 3605 5
 690 11536 16
 691 12257 17
 692 4326 6
 693 5047 7
 694 8652 12
 695 14420 20
 696 13699 19
 697 6489 9
 698 2884 4
 699 4326 6
 700 7210 10
 701 13699 19
 702 5768 8
 703 12978 18
 704 4326 6
 705 12257 17
 706 8652 12
 707 3605 5
 708 5047 7
 709 7931 11
 710 6489 9
 711 4326 6
 712 5047 7
 713 4326 6
 714 4326 6
 715 13699 19
 716 7931 11
 717 9373 13
 718 12257 17
 719 2884 4
 720 2884 4
 721 6489 9
5047