829
 1 1658 2
 2 9948 12
 3 5803 7
 4 2487 3
 5 829 1
 6 15751 19
 7 16580 20
 8 3316 4
 9 14922 18
 10 4145 5
 11 9119 11
 12 12435 15
 13 8290 10
 14 14093 17
 15 15751 19
 16 4974 6
 17 10777 13
 18 2487 3
 19 9119 11
 20 8290 10
 21 16580 20
 22 8290 10
 23 7461 9
 24 8290 10
 25 4974 6
 26 1658 2
 27 1658 2
 28 1658 2
 29 12435 15
 30 8290 10
 31 14922 18
 32 11606 14
 33 16580 20
 34 14093 17
 35 9948 12
 36 7461 9
 37 11606 14
 38 5803 7
 39 9119 11
 40 14922 18
 41 829 1
 42 4974 6
 43 4974 6
 44 3316 4
 45 16580 20
 46 9119 11
 47 16580 20
 48 10777 13
 49 5803 7
 50 829 1
 51 8290 10
 52 14093 17
 53 7461 9
 54 4145 5
 55 14922 18
 56 9119 11
 57 2487 3
 58 12435 15
 59 829 1
 60 4974 6
 61 2487 3
 62 5803 7
 63 6632 8
 64 14922 18
 65 9948 12
 66 9119 11
 67 11606 14
 68 15751 19
 69 1658 2
 70 7461 9
 71 10777 13
 72 9948 12
 73 4974 6
 74 8290 10
 75 1658 2
 76 6632 8
 77 6632 8
 78 9119 11
 79 4974 6
 80 8290 10
 81 12435 15
 82 4145 5
 83 14093 17
 84 7461 9
 85 8290 10
 86 9119 11
 87 7461 9
 88 9119 11
 89 11606 14
 90 4974 6
 91 4145 5
 92 2487 3
 93 3316 4
 94 5803 7
 95 2487 3
 96 8290 10
 97 4974 6
 98 3316 4
 99 4145 5
 100 3316 4
 101 8290 10
 102 2487 3
 103 9119 11
 104 15751 19
 105 13264 16
 106 13264 16
 107 5803 7
 108 9948 12
 109 14093 17
 110 15751 19
 111 13264 16
 112 13264 16
 113 6632 8
 114 4974 6
 115 15751 19
 116 4974 6
 117 14922 18
 118 4145 5
 119 9948 12
 120 829 1
 121 13264 16
 122 14922 18
 123 3316 4
 124 14922 18
 125 13264 16
 126 8290 10
 127 9948 12
 128 6632 8
 129 8290 10
 130 4145 5
 131 9948 12
 132 16580 20
 133 16580 20
 134 3316 4
 135 13264 16
 136 5803 7
 137 829 1
 138 14093 17
 139 15751 19
 140 5803 7
 141 13264 16
 142 8290 10
 143 13264 16
 144 4145 5
 145 13264 16
 146 1658 2
 147 2487 3
 148 13264 16
 149 12435 15
 150 4974 6
 151 13264 16
 152 6632 8
 153 4145 5
 154 3316 4
 155 4974 6
 156 2487 3
 157 12435 15
 158 12435 15
 159 7461 9
 160 12435 15
 161 13264 16
 162 10777 13
 163 1658 2
 164 8290 10
 165 2487 3
 166 11606 14
 167 8290 10
 168 16580 20
 169 12435 15
 170 4145 5
 171 10777 13
 172 7461 9
 173 1658 2
 174 7461 9
 175 7461 9
 176 829 1
 177 12435 15
 178 4145 5
 179 3316 4
 180 3316 4
 181 6632 8
 182 16580 20
 183 2487 3
 184 10777 13
 185 5803 7
 186 4145 5
 187 829 1
 188 4974 6
 189 8290 10
 190 2487 3
 191 7461 9
 192 9119 11
 193 1658 2
 194 8290 10
 195 5803 7
 196 15751 19
 197 12435 15
 198 9119 11
 199 7461 9
 200 1658 2
 201 2487 3
 202 9119 11
 203 2487 3
 204 9119 11
 205 12435 15
 206 9948 12
 207 9119 11
 208 14922 18
 209 4974 6
 210 2487 3
 211 10777 13
 212 9948 12
 213 829 1
 214 15751 19
 215 9948 12
 216 15751 19
 217 4145 5
 218 12435 15
 219 4974 6
 220 10777 13
 221 4974 6
 222 4145 5
 223 4974 6
 224 8290 10
 225 15751 19
 226 14922 18
 227 1658 2
 228 4145 5
 229 10777 13
 230 5803 7
 231 14093 17
 232 16580 20
 233 4974 6
 234 4145 5
 235 14093 17
 236 16580 20
 237 14093 17
 238 15751 19
 239 8290 10
 240 2487 3
 241 16580 20
 242 829 1
 243 5803 7
 244 4974 6
 245 11606 14
 246 10777 13
 247 6632 8
 248 7461 9
 249 14922 18
 250 9119 11
 251 14093 17
 252 14093 17
 253 14922 18
 254 9948 12
 255 829 1
 256 14922 18
 257 1658 2
 258 15751 19
 259 829 1
 260 4145 5
 261 15751 19
 262 13264 16
 263 4145 5
 264 14922 18
 265 12435 15
 266 7461 9
 267 14093 17
 268 11606 14
 269 9948 12
 270 6632 8
 271 7461 9
 272 10777 13
 273 7461 9
 274 14922 18
 275 1658 2
 276 14922 18
 277 16580 20
 278 8290 10
 279 2487 3
 280 9119 11
 281 4145 5
 282 829 1
 283 14093 17
 284 4974 6
 285 16580 20
 286 12435 15
 287 11606 14
 288 8290 10
 289 14093 17
 290 15751 19
 291 5803 7
 292 4145 5
 293 9948 12
 294 5803 7
 295 6632 8
 296 12435 15
 297 5803 7
 298 14922 18
 299 3316 4
 300 15751 19
 301 1658 2
 302 829 1
 303 5803 7
 304 829 1
 305 9948 12
 306 7461 9
 307 11606 14
 308 11606 14
 309 16580 20
 310 8290 10
 311 15751 19
 312 11606 14
 313 13264 16
 314 8290 10
 315 16580 20
 316 14922 18
 317 4145 5
 318 8290 10
 319 2487 3
 320 4145 5
 321 9948 12
 322 5803 7
 323 6632 8
 324 10777 13
 325 829 1
 326 7461 9
 327 13264 16
 328 14922 18
 329 14093 17
 330 12435 15
 331 10777 13
 332 14093 17
 333 9948 12
 334 11606 14
 335 4145 5
 336 9119 11
 337 14093 17
 338 6632 8
 339 4145 5
 340 4974 6
 341 2487 3
 342 16580 20
 343 12435 15
 344 10777 13
 345 10777 13
 346 1658 2
 347 16580 20
 348 3316 4
 349 6632 8
 350 12435 15
 351 829 1
 352 12435 15
 353 14922 18
 354 9948 12
 355 5803 7
 356 14093 17
 357 4145 5
 358 11606 14
 359 16580 20
 360 7461 9
 361 11606 14
 362 13264 16
 363 5803 7
 364 11606 14
 365 829 1
 366 7461 9
 367 2487 3
 368 4145 5
 369 15751 19
 370 13264 16
 371 8290 10
 372 9948 12
 373 14093 17
 374 829 1
 375 14922 18
 376 7461 9
 377 4974 6
 378 9119 11
 379 11606 14
 380 10777 13
 381 2487 3
 382 11606 14
 383 7461 9
 384 9948 12
 385 6632 8
 386 15751 19
 387 11606 14
 388 4145 5
 389 8290 10
 390 1658 2
 391 8290 10
 392 3316 4
 393 6632 8
 394 829 1
 395 11606 14
 396 1658 2
 397 3316 4
 398 15751 19
 399 14922 18
 400 5803 7
 401 14922 18
 402 829 1
 403 2487 3
 404 2487 3
 405 13264 16
 406 2487 3
 407 1658 2
 408 9948 12
 409 11606 14
 410 16580 20
 411 9119 11
 412 1658 2
 413 10777 13
 414 3316 4
 415 1658 2
 416 8290 10
 417 5803 7
 418 16580 20
 419 14093 17
 420 8290 10
 421 829 1
 422 2487 3
 423 12435 15
 424 10777 13
 425 13264 16
 426 2487 3
 427 15751 19
 428 9119 11
 429 8290 10
 430 829 1
 431 16580 20
 432 4145 5
 433 5803 7
 434 10777 13
 435 9948 12
 436 6632 8
 437 9948 12
 438 16580 20
 439 5803 7
 440 4145 5
 441 16580 20
 442 2487 3
 443 829 1
 444 4974 6
 445 14093 17
 446 6632 8
 447 8290 10
 448 10777 13
 449 4145 5
 450 4974 6
 451 829 1
 452 16580 20
 453 1658 2
 454 10777 13
 455 14093 17
 456 1658 2
 457 14922 18
 458 14922 18
 459 6632 8
 460 16580 20
 461 14922 18
 462 8290 10
 463 16580 20
 464 3316 4
 465 13264 16
 466 4145 5
 467 2487 3
 468 3316 4
 469 7461 9
 470 7461 9
 471 9119 11
 472 12435 15
 473 5803 7
 474 4145 5
 475 4145 5
 476 16580 20
 477 5803 7
 478 4145 5
 479 9948 12
 480 16580 20
 481 2487 3
 482 14093 17
 483 9948 12
 484 7461 9
 485 13264 16
 486 16580 20
 487 8290 10
 488 7461 9
 489 8290 10
 490 9948 12
 491 4145 5
 492 7461 9
 493 15751 19
 494 829 1
 495 829 1
 496 8290 10
 497 829 1
 498 6632 8
 499 4145 5
 500 2487 3
 501 1658 2
 502 7461 9
 503 8290 10
 504 7461 9
 505 9948 12
 506 829 1
 507 4145 5
 508 11606 14
 509 13264 16
 510 14922 18
 511 16580 20
 512 14922 18
 513 10777 13
 514 6632 8
 515 9948 12
 516 7461 9
 517 2487 3
 518 829 1
 519 14922 18
 520 1658 2
 521 11606 14
 522 10777 13
 523 12435 15
 524 12435 15
 525 12435 15
 526 2487 3
 527 12435 15
 528 9948 12
 529 10777 13
 530 13264 16
 531 829 1
 532 4145 5
 533 15751 19
 534 2487 3
 535 8290 10
 536 1658 2
 537 14922 18
 538 16580 20
 539 13264 16
 540 9119 11
 541 6632 8
 542 829 1
 543 4974 6
 544 2487 3
 545 7461 9
 546 11606 14
 547 4974 6
 548 7461 9
 549 4145 5
 550 9119 11
 551 11606 14
 552 9948 12
 553 13264 16
 554 10777 13
 555 11606 14
 556 15751 19
 557 2487 3
 558 3316 4
 559 9119 11
 560 3316 4
 561 11606 14
 562 13264 16
 563 4145 5
 564 1658 2
 565 12435 15
 566 1658 2
 567 15751 19
 568 14922 18
 569 9948 12
 570 14093 17
 571 1658 2
 572 1658 2
 573 11606 14
 574 12435 15
 575 3316 4
 576 11606 14
 577 14093 17
 578 12435 15
 579 5803 7
 580 6632 8
 581 9948 12
 582 5803 7
 583 2487 3
 584 10777 13
 585 9119 11
 586 3316 4
 587 15751 19
 588 5803 7
 589 13264 16
 590 12435 15
 591 11606 14
 592 4145 5
 593 9948 12
 594 9119 11
 595 1658 2
 596 7461 9
 597 1658 2
 598 7461 9
 599 9948 12
 600 4145 5
 601 4145 5
 602 6632 8
 603 9119 11
 604 3316 4
 605 4974 6
 606 5803 7
 607 6632 8
 608 1658 2
 609 15751 19
 610 15751 19
 611 1658 2
 612 4145 5
 613 6632 8
 614 14093 17
 615 9119 11
 616 2487 3
 617 11606 14
 618 9948 12
 619 5803 7
 620 9119 11
 621 5803 7
 622 15751 19
 623 4145 5
 624 7461 9
 625 1658 2
 626 13264 16
 627 10777 13
 628 14093 17
 629 14093 17
 630 4145 5
 631 8290 10
 632 16580 20
 633 11606 14
 634 1658 2
 635 5803 7
 636 11606 14
 637 16580 20
 638 13264 16
 639 13264 16
 640 10777 13
 641 5803 7
 642 9948 12
 643 9948 12
 644 9119 11
 645 13264 16
 646 11606 14
 647 5803 7
 648 7461 9
 649 9119 11
 650 12435 15
 651 14093 17
 652 9119 11
 653 11606 14
 654 829 1
 655 9119 11
 656 14093 17
 657 3316 4
 658 10777 13
 659 1658 2
 660 14093 17
 661 8290 10
 662 10777 13
 663 9948 12
 664 829 1
 665 13264 16
 666 8290 10
 667 13264 16
 668 8290 10
 669 3316 4
 670 15751 19
 671 5803 7
 672 3316 4
 673 8290 10
 674 8290 10
 675 7461 9
 676 15751 19
 677 8290 10
 678 4145 5
 679 2487 3
 680 3316 4
 681 4974 6
 682 15751 19
 683 7461 9
 684 15751 19
 685 2487 3
 686 14922 18
 687 4974 6
 688 12435 15
 689 15751 19
 690 6632 8
 691 16580 20
 692 5803 7
 693 829 1
 694 3316 4
 695 4974 6
 696 11606 14
 697 11606 14
 698 829 1
 699 2487 3
 700 6632 8
 701 6632 8
 702 829 1
 703 9948 12
 704 15751 19
 705 13264 16
 706 1658 2
 707 2487 3
 708 16580 20
 709 2487 3
 710 9119 11
 711 2487 3
 712 9119 11
 713 13264 16
 714 10777 13
 715 14922 18
 716 12435 15
 717 2487 3
 718 4145 5
 719 15751 19
 720 5803 7
 721 2487 3
 722 14922 18
 723 3316 4
 724 7461 9
 725 5803 7
 726 4974 6
 727 14922 18
 728 9948 12
 729 5803 7
 730 10777 13
 731 1658 2
 732 4145 5
 733 7461 9
 734 1658 2
 735 12435 15
 736 16580 20
 737 12435 15
 738 8290 10
 739 1658 2
 740 3316 4
 741 1658 2
 742 9119 11
 743 9948 12
 744 13264 16
 745 14093 17
 746 14093 17
 747 2487 3
 748 9948 12
 749 6632 8
 750 6632 8
 751 10777 13
 752 11606 14
 753 2487 3
 754 2487 3
 755 7461 9
 756 10777 13
 757 2487 3
 758 14922 18
 759 9119 11
 760 16580 20
 761 16580 20
 762 2487 3
 763 6632 8
 764 7461 9
 765 6632 8
 766 4974 6
 767 11606 14
 768 829 1
 769 1658 2
 770 14922 18
 771 14093 17
 772 7461 9
 773 14093 17
 774 16580 20
 775 9119 11
 776 5803 7
 777 10777 13
 778 14093 17
 779 5803 7
 780 6632 8
 781 7461 9
 782 13264 16
 783 4974 6
 784 15751 19
 785 10777 13
 786 4145 5
 787 14922 18
 788 7461 9
 789 3316 4
 790 3316 4
 791 9119 11
 792 1658 2
 793 829 1
 794 829 1
 795 16580 20
 796 9948 12
 797 9948 12
 798 15751 19
 799 16580 20
 800 12435 15
 801 4974 6
 802 8290 10
 803 9119 11
 804 13264 16
 805 3316 4
 806 12435 15
 807 4974 6
 808 4145 5
 809 1658 2
 810 3316 4
 811 4145 5
 812 12435 15
 813 10777 13
 814 14922 18
 815 9948 12
 816 8290 10
 817 15751 19
 818 14093 17
 819 12435 15
 820 7461 9
 821 9948 12
 822 12435 15
 823 2487 3
 824 9948 12
 825 4974 6
 826 10777 13
 827 15751 19
 828 4145 5
 829 15751 19
14922